0,Atlanta-Georgia,33.87094054468499,-84.50488921993932,0.0
1,Atlanta-Georgia,33.813923506102334,-84.42486528017021,0.0
2,Atlanta-Georgia,33.867546703290515,-84.31192349501102,0.0
3,Atlanta-Georgia,33.77804388079995,-84.30711513090422,0.0
4,Atlanta-Georgia,33.71461544669381,-84.3279532607873,0.0
5,Atlanta-Georgia,33.858703754106145,-84.3547701731254,0.0
6,Atlanta-Georgia,33.75643049661933,-84.29639241343398,0.0
7,Atlanta-Georgia,33.834587306626425,-84.4694733286081,0.0
8,Atlanta-Georgia,33.80870857703902,-84.44216469896752,0.0
9,Atlanta-Georgia,33.768009668230455,-84.34042625063073,0.0
10,Atlanta-Georgia,33.814212931403915,-84.40703785232829,0.0
11,Atlanta-Georgia,33.791843737123976,-84.33186949722132,0.0
12,Atlanta-Georgia,33.80053236837906,-84.36949040121085,0.0
13,Atlanta-Georgia,33.76512457233492,-84.41691635844874,0.0
14,Atlanta-Georgia,33.740165776352825,-84.48992241044579,0.0
15,Atlanta-Georgia,33.716670399730695,-84.36807660089768,0.0
16,Atlanta-Georgia,33.76606893867241,-84.52949832731889,0.0
17,Atlanta-Georgia,33.8459604220178,-84.32666396262583,0.0
18,Atlanta-Georgia,33.80150940629063,-84.53110598742722,0.0
19,Atlanta-Georgia,33.76101760015788,-84.49081311611053,0.0
20,Atlanta-Georgia,33.77216989768187,-84.35891139990436,0.0
21,Atlanta-Georgia,33.86330116032362,-84.47741220665947,0.0
22,Atlanta-Georgia,33.71240232266849,-84.48118518346124,0.0
23,Atlanta-Georgia,33.654779316183586,-84.52603964331928,0.0
24,Atlanta-Georgia,33.68814435554704,-84.53826210208774,0.0
25,Atlanta-Georgia,33.814080587237726,-84.35925242792625,0.0
26,Atlanta-Georgia,33.79470762474718,-84.47068194754247,0.0
27,Atlanta-Georgia,33.82151453080983,-84.29010241121203,0.0
28,Atlanta-Georgia,33.83394191217658,-84.4811126643097,0.0
29,Atlanta-Georgia,33.81434503435825,-84.52638138223453,0.0
30,Atlanta-Georgia,33.827663463716476,-84.34021969656837,0.0
31,Atlanta-Georgia,33.83389190320828,-84.29232641220622,0.0
32,Atlanta-Georgia,33.7021834265115,-84.3059495747076,0.0
33,Atlanta-Georgia,33.67856077628916,-84.43983499747391,0.0
34,Atlanta-Georgia,33.76938512803991,-84.4702292165479,0.0
35,Atlanta-Georgia,33.70149563745469,-84.43391319763566,0.0
36,Atlanta-Georgia,33.85187421336701,-84.36916899189353,0.0
37,Atlanta-Georgia,33.72644111182479,-84.48581266786314,0.0
38,Atlanta-Georgia,33.687834078079455,-84.4609329970304,0.0
39,Atlanta-Georgia,33.76003950208237,-84.36362050687909,0.0
40,Atlanta-Georgia,33.84683122489581,-84.49874502342081,0.0
41,Atlanta-Georgia,33.695478043678335,-84.47998237931643,0.0
42,Atlanta-Georgia,33.653072546581285,-84.37378746026019,0.0
43,Atlanta-Georgia,33.76713479153258,-84.51259748582079,0.0
44,Atlanta-Georgia,33.73629676287296,-84.4614402003714,0.0
45,Atlanta-Georgia,33.7115629489133,-84.34315190449199,0.0
46,Atlanta-Georgia,33.88306482533776,-84.3982186010354,0.0
47,Atlanta-Georgia,33.72142709812849,-84.36664521884369,0.0
48,Atlanta-Georgia,33.802062544812415,-84.29293577291627,0.0
49,Atlanta-Georgia,33.80917298971238,-84.30911885423845,0.0
50,Atlanta-Georgia,33.873301779631376,-84.4099408203783,0.0
51,Atlanta-Georgia,33.88316919817868,-84.41817958039077,0.0
52,Atlanta-Georgia,33.81929664988002,-84.51025103369113,0.0
53,Atlanta-Georgia,33.88118956214255,-84.43951324044687,0.0
54,Atlanta-Georgia,33.77094120787842,-84.34098998055651,0.0
55,Atlanta-Georgia,33.677921957261674,-84.45728733831028,0.0
56,Atlanta-Georgia,33.648563949933035,-84.45135854521145,0.0
57,Atlanta-Georgia,33.75106875191471,-84.50070242225792,0.0
58,Atlanta-Georgia,33.74554471572443,-84.492025946698,0.0
59,Atlanta-Georgia,33.801463672284775,-84.43721319657031,0.0
60,Atlanta-Georgia,33.71535199503313,-84.36070656913567,0.0
61,Atlanta-Georgia,33.86910016912427,-84.39794117566086,0.0
62,Atlanta-Georgia,33.667382863790884,-84.44018418639416,0.0
63,Atlanta-Georgia,33.67917106383792,-84.29133022090811,0.0
64,Atlanta-Georgia,33.86973169655457,-84.4873102584848,0.0
65,Atlanta-Georgia,33.85250029306849,-84.53079890010983,0.0
66,Atlanta-Georgia,33.883224927388866,-84.4012836506742,0.0
67,Atlanta-Georgia,33.68214647365392,-84.29421148453481,0.0
68,Atlanta-Georgia,33.7592989132517,-84.47383053675883,0.0
69,Atlanta-Georgia,33.74505665969493,-84.40602146849977,0.0
70,Atlanta-Georgia,33.6661708678883,-84.30029139425274,0.0
71,Atlanta-Georgia,33.67920238233934,-84.42413983455059,0.0
72,Atlanta-Georgia,33.72199503364002,-84.4525020672058,0.0
73,Atlanta-Georgia,33.649035238185085,-84.55071153838918,0.0
74,Atlanta-Georgia,33.85645986442698,-84.50389314230503,0.0
75,Atlanta-Georgia,33.77293699175627,-84.39176093097905,0.0
76,Atlanta-Georgia,33.70760564693581,-84.44545408239857,0.0
77,Atlanta-Georgia,33.65992942013968,-84.40556657318567,0.0
78,Atlanta-Georgia,33.87359410868216,-84.37239095488935,0.0
79,Atlanta-Georgia,33.70620715272417,-84.39228242473865,0.0
80,Atlanta-Georgia,33.79690349790858,-84.29936701241395,0.0
81,Atlanta-Georgia,33.774385352574605,-84.31342773779232,0.0
82,Atlanta-Georgia,33.663583125532526,-84.51622246291272,0.0
83,Atlanta-Georgia,33.80220402072465,-84.39855815414009,0.0
84,Atlanta-Georgia,33.750323113460105,-84.52643323842473,0.0
85,Atlanta-Georgia,33.88501715929916,-84.43447412923139,0.0
86,Atlanta-Georgia,33.78690713084486,-84.33382710020697,0.0
87,Atlanta-Georgia,33.739905051211466,-84.44158807980129,0.0
88,Atlanta-Georgia,33.86857213570005,-84.39246424525886,0.0
89,Atlanta-Georgia,33.82518373970936,-84.40298831385766,0.0
90,Atlanta-Georgia,33.72962244552683,-84.40170525022565,0.0
91,Atlanta-Georgia,33.73392464954956,-84.39616413882841,0.0
92,Atlanta-Georgia,33.84159853544535,-84.46429441496713,0.0
93,Atlanta-Georgia,33.77929355825459,-84.41581012147718,0.0
94,Atlanta-Georgia,33.75144612428356,-84.31308843895401,0.0
95,Atlanta-Georgia,33.654434028738216,-84.38276000296129,0.0
96,Atlanta-Georgia,33.774018700537404,-84.41786649117391,0.0
97,Atlanta-Georgia,33.68492781616203,-84.49874899319296,0.0
98,Atlanta-Georgia,33.84364819844699,-84.5425246773517,0.0
99,Atlanta-Georgia,33.72805123784409,-84.38274210098525,0.0
100,Atlanta-Georgia,33.80883364108233,-84.4523376074679,0.0
101,Atlanta-Georgia,33.84165625225553,-84.39121600050743,0.0
102,Atlanta-Georgia,33.75044376860112,-84.42381036947656,0.0
103,Atlanta-Georgia,33.83675548286742,-84.42030095767807,0.0
104,Atlanta-Georgia,33.82652902887534,-84.36479355154927,0.0
105,Atlanta-Georgia,33.68488844587924,-84.45791716491887,0.0
106,Atlanta-Georgia,33.84946045729336,-84.50845704590355,0.0
107,Atlanta-Georgia,33.75589376654705,-84.32069096368708,0.0
108,Atlanta-Georgia,33.76795909277094,-84.43032399758884,0.0
109,Atlanta-Georgia,33.75314824991924,-84.37700412476308,0.0
110,Atlanta-Georgia,33.857550496955966,-84.53871870255134,0.0
111,Atlanta-Georgia,33.72708521286765,-84.39087958475304,0.0
112,Atlanta-Georgia,33.88318554791308,-84.54069481432715,0.0
113,Atlanta-Georgia,33.86435328644131,-84.53606716182874,0.0
114,Atlanta-Georgia,33.73057013656129,-84.41126177083565,0.0
115,Atlanta-Georgia,33.748207894615796,-84.34745367807979,0.0
116,Atlanta-Georgia,33.83433560177997,-84.4956437733935,0.0
117,Atlanta-Georgia,33.661618773472036,-84.4487060620518,0.0
118,Atlanta-Georgia,33.81963928309815,-84.4617947541051,0.0
119,Atlanta-Georgia,33.845972968151884,-84.38240757286157,0.0
120,Atlanta-Georgia,33.83034618746477,-84.40516620577884,0.0
121,Atlanta-Georgia,33.74204443908777,-84.48554327154311,0.0
122,Atlanta-Georgia,33.85530932225347,-84.36433243861065,0.0
123,Atlanta-Georgia,33.64890840528292,-84.54099313032057,0.0
124,Atlanta-Georgia,33.66375751445521,-84.3563948874149,0.0
125,Atlanta-Georgia,33.78846334825898,-84.35936018067603,0.0
126,Atlanta-Georgia,33.65487957033699,-84.31106137762211,0.0
127,Atlanta-Georgia,33.81336413477809,-84.40514835114223,0.0
128,Atlanta-Georgia,33.66862642921177,-84.4622873286173,0.0
129,Atlanta-Georgia,33.68392482606897,-84.50796737224039,0.0
130,Atlanta-Georgia,33.77498343284928,-84.3934241801902,0.0
131,Atlanta-Georgia,33.87838305654805,-84.42577332174743,0.0
132,Atlanta-Georgia,33.80332610703496,-84.3679250766598,0.0
133,Atlanta-Georgia,33.72853864972828,-84.30205969753695,0.0
134,Atlanta-Georgia,33.83104167984705,-84.51375306233471,0.0
135,Atlanta-Georgia,33.66015522749413,-84.48477413833619,0.0
136,Atlanta-Georgia,33.68106114777121,-84.47276489032622,0.0
137,Atlanta-Georgia,33.86661550750466,-84.53361130897711,0.0
138,Atlanta-Georgia,33.76033286611008,-84.43391314808359,0.0
139,Atlanta-Georgia,33.744161251986874,-84.29479416434872,0.0
140,Atlanta-Georgia,33.88139406495743,-84.40454004169399,0.0
141,Atlanta-Georgia,33.854926133195136,-84.5384677373018,0.0
142,Atlanta-Georgia,33.82514674754278,-84.53350905656866,0.0
143,Atlanta-Georgia,33.69308468949666,-84.49731605260524,0.0
144,Atlanta-Georgia,33.7069590473541,-84.31686595358107,0.0
145,Atlanta-Georgia,33.65299761079695,-84.40574147127502,0.0
146,Atlanta-Georgia,33.74132661641352,-84.49772274649773,0.0
147,Atlanta-Georgia,33.65427455482634,-84.39734301874986,0.0
148,Atlanta-Georgia,33.698161331094596,-84.32559478304475,0.0
149,Atlanta-Georgia,33.8788039846082,-84.4741776753393,0.0
150,Atlanta-Georgia,33.84182198534695,-84.44513245418958,0.0
151,Atlanta-Georgia,33.884753835436626,-84.41247884752234,0.0
152,Atlanta-Georgia,33.813482253153765,-84.32869376923414,0.0
153,Atlanta-Georgia,33.80895608435634,-84.54777805934083,0.0
154,Atlanta-Georgia,33.77000222947808,-84.35325200323338,0.0
155,Atlanta-Georgia,33.75360787332678,-84.34473796942822,0.0
156,Atlanta-Georgia,33.72763192867974,-84.30899684469243,0.0
157,Atlanta-Georgia,33.79608801231553,-84.40416883049386,0.0
158,Atlanta-Georgia,33.808356302574616,-84.50404206587075,0.0
159,Atlanta-Georgia,33.801127740722684,-84.46353175735211,0.0
160,Atlanta-Georgia,33.65492740075065,-84.37582883658521,0.0
161,Atlanta-Georgia,33.64795522873667,-84.33616136919835,0.0
162,Atlanta-Georgia,33.82397365505806,-84.51861246709848,0.0
163,Atlanta-Georgia,33.78952005598199,-84.44345374375453,0.0
164,Atlanta-Georgia,33.88166840912364,-84.47472995570801,0.0
165,Atlanta-Georgia,33.797014244596994,-84.31773458387983,0.0
166,Atlanta-Georgia,33.73657697704871,-84.4811912014471,0.0
167,Atlanta-Georgia,33.721482598355784,-84.53228716903426,0.0
168,Atlanta-Georgia,33.75932600806834,-84.40453920682488,0.0
169,Atlanta-Georgia,33.75648230780996,-84.29022714191927,0.0
170,Atlanta-Georgia,33.824501732138096,-84.54554711143858,0.0
171,Atlanta-Georgia,33.8194875943889,-84.39268743977115,0.0
172,Atlanta-Georgia,33.806869221473356,-84.53576259156983,0.0
173,Atlanta-Georgia,33.79605951584766,-84.34718803016263,0.0
174,Atlanta-Georgia,33.71965753228267,-84.44676012100547,0.0
175,Atlanta-Georgia,33.86518617454276,-84.5073570023825,0.0
176,Atlanta-Georgia,33.764600037586376,-84.32375383279654,0.0
177,Atlanta-Georgia,33.85368963188869,-84.41033157699755,0.0
178,Atlanta-Georgia,33.84748003833389,-84.3216850256936,0.0
179,Atlanta-Georgia,33.78622912575742,-84.54923718676402,0.0
180,Atlanta-Georgia,33.830877796209165,-84.37983800555617,0.0
181,Atlanta-Georgia,33.82603057166286,-84.33296990049047,0.0
182,Atlanta-Georgia,33.831109514526,-84.32305276227012,0.0
183,Atlanta-Georgia,33.875814272697674,-84.45711228528052,0.0
184,Atlanta-Georgia,33.85268246989843,-84.33660370405391,0.0
185,Atlanta-Georgia,33.74202967329602,-84.51028726747171,0.0
186,Atlanta-Georgia,33.798723905971265,-84.31772964629091,0.0
187,Atlanta-Georgia,33.649472571225644,-84.44850840925643,0.0
188,Atlanta-Georgia,33.73689672504818,-84.52760025993096,0.0
189,Atlanta-Georgia,33.75729804303964,-84.30110219228078,0.0
190,Atlanta-Georgia,33.81763238434846,-84.30403210994342,0.0
191,Atlanta-Georgia,33.66111103289899,-84.41942211011498,0.0
192,Atlanta-Georgia,33.70673067676216,-84.2954575900725,0.0
193,Atlanta-Georgia,33.715848202090505,-84.44909663555748,0.0
194,Atlanta-Georgia,33.81427073345234,-84.3007675579889,0.0
195,Atlanta-Georgia,33.64884289311328,-84.51472335257809,0.0
196,Atlanta-Georgia,33.84673096141027,-84.36008745760293,0.0
197,Atlanta-Georgia,33.712023635490326,-84.51197784771063,0.0
198,Atlanta-Georgia,33.82518478739383,-84.31831026493587,0.0
199,Atlanta-Georgia,33.69673940231536,-84.54534458145518,0.0
200,Atlanta-Georgia,33.79389617001398,-84.33587103534258,0.0
201,Atlanta-Georgia,33.85464448620392,-84.44865064277427,0.0
202,Atlanta-Georgia,33.788717201360406,-84.33495520700706,0.0
203,Atlanta-Georgia,33.844133830492325,-84.516869171277,0.0
204,Atlanta-Georgia,33.84220558078129,-84.3035227799802,0.0
205,Atlanta-Georgia,33.686852143314596,-84.48190334804443,0.0
206,Atlanta-Georgia,33.80505992156494,-84.5029464956372,0.0
207,Atlanta-Georgia,33.791735277115265,-84.34907883716605,0.0
208,Atlanta-Georgia,33.65594663543257,-84.39958911873745,0.0
209,Atlanta-Georgia,33.682768663063236,-84.3292470633558,0.0
210,Atlanta-Georgia,33.76485912011333,-84.33186482324157,0.0
211,Atlanta-Georgia,33.84446937748999,-84.36479528279017,0.0
212,Atlanta-Georgia,33.81905782186939,-84.43703692675557,0.0
213,Atlanta-Georgia,33.766554008120046,-84.42287171762158,0.0
214,Atlanta-Georgia,33.81254963569951,-84.44162483610295,0.0
215,Atlanta-Georgia,33.81857172337095,-84.44036351760886,0.0
216,Atlanta-Georgia,33.74564011833252,-84.29481284691812,0.0
217,Atlanta-Georgia,33.824152368450655,-84.42048906730392,0.0
218,Atlanta-Georgia,33.691324940239,-84.52156141090795,0.0
219,Atlanta-Georgia,33.70876219442021,-84.3112478910895,0.0
220,Atlanta-Georgia,33.68910644337931,-84.34147444236488,0.0
221,Atlanta-Georgia,33.86369152326185,-84.32213539249257,0.0
222,Atlanta-Georgia,33.73960768418975,-84.28987892332165,0.0
223,Atlanta-Georgia,33.64881994678135,-84.32218129357274,0.0
224,Atlanta-Georgia,33.738267146590125,-84.46867626639163,0.0
225,Atlanta-Georgia,33.786064436548415,-84.53104611926811,0.0
226,Atlanta-Georgia,33.71785860737909,-84.52334627722362,0.0
227,Atlanta-Georgia,33.68182124052099,-84.31207446671523,0.0
228,Atlanta-Georgia,33.74778829231366,-84.36571916749403,0.0
229,Atlanta-Georgia,33.81712425039937,-84.45314930883683,0.0
230,Atlanta-Georgia,33.803284065197246,-84.49650025567652,0.0
231,Atlanta-Georgia,33.67978164364596,-84.32604666194491,0.0
232,Atlanta-Georgia,33.71212008630309,-84.29068979420487,0.0
233,Atlanta-Georgia,33.788363667630264,-84.52847001516298,0.0
234,Atlanta-Georgia,33.78908183172381,-84.37129559433056,0.0
235,Atlanta-Georgia,33.76383890908221,-84.53214336010046,0.0
236,Atlanta-Georgia,33.767909043889006,-84.53274763185154,0.0
237,Atlanta-Georgia,33.797837610680915,-84.51297649840127,0.0
238,Atlanta-Georgia,33.69494724159407,-84.48264874588716,0.0
239,Atlanta-Georgia,33.83412685468837,-84.46101124145744,0.0
240,Atlanta-Georgia,33.81108393616637,-84.4106039842851,0.0
241,Atlanta-Georgia,33.822883980473506,-84.38230236500169,0.0
242,Atlanta-Georgia,33.70523446565096,-84.5128126442513,0.0
243,Atlanta-Georgia,33.66836577526986,-84.51470841897077,0.0
244,Atlanta-Georgia,33.68905389956803,-84.45070350495473,0.0
245,Atlanta-Georgia,33.84436942332493,-84.40741018736607,0.0
246,Atlanta-Georgia,33.69404085599837,-84.42397572911841,0.0
247,Atlanta-Georgia,33.72234573407859,-84.3241807024714,0.0
248,Atlanta-Georgia,33.795162935323965,-84.42960318172284,0.0
249,Atlanta-Georgia,33.74939318997873,-84.43476612710585,0.0
250,Atlanta-Georgia,33.832164841311524,-84.44394341841598,0.0
251,Atlanta-Georgia,33.799414758175686,-84.48330160845528,0.0
252,Atlanta-Georgia,33.79379199107859,-84.471949458946,0.0
253,Atlanta-Georgia,33.699177826353534,-84.48432555268627,0.0
254,Atlanta-Georgia,33.75871255301333,-84.32977197582777,0.0
255,Atlanta-Georgia,33.7652370205737,-84.34991602272444,0.0
256,Atlanta-Georgia,33.73267563609072,-84.51480357041406,0.0
257,Atlanta-Georgia,33.67349808927463,-84.40120118219387,0.0
258,Atlanta-Georgia,33.72789444484412,-84.47945408719353,0.0
259,Atlanta-Georgia,33.808516573801384,-84.30115849593955,0.0
260,Atlanta-Georgia,33.68322417712217,-84.29495226324069,0.0
261,Atlanta-Georgia,33.825284927905734,-84.53068802419573,0.0
262,Atlanta-Georgia,33.753870155106405,-84.33553714994181,0.0
263,Atlanta-Georgia,33.79466844299308,-84.45792929489016,0.0
264,Atlanta-Georgia,33.762669633471155,-84.39669855979112,0.0
265,Atlanta-Georgia,33.80384690286895,-84.38860950541196,0.0
266,Atlanta-Georgia,33.871027071963724,-84.41103740467896,0.0
267,Atlanta-Georgia,33.8668686304533,-84.49833993422185,0.0
268,Atlanta-Georgia,33.76941080326194,-84.37493721806234,0.0
269,Atlanta-Georgia,33.679693532166496,-84.49724415180637,0.0
270,Atlanta-Georgia,33.723334052360975,-84.45297617471411,0.0
271,Atlanta-Georgia,33.678233547557696,-84.5296304527691,0.0
272,Atlanta-Georgia,33.816794169918126,-84.45880367876015,0.0
273,Atlanta-Georgia,33.72586038945331,-84.49166736076798,0.0
274,Atlanta-Georgia,33.72387787227327,-84.4120459663992,0.0
275,Atlanta-Georgia,33.653201212368955,-84.3004149886002,0.0
276,Atlanta-Georgia,33.70823679357912,-84.41013066768221,0.0
277,Atlanta-Georgia,33.800959208381535,-84.31001435446352,0.0
278,Atlanta-Georgia,33.83522681699318,-84.41771072456272,0.0
279,Atlanta-Georgia,33.79415105590494,-84.38747186660821,0.0
280,Atlanta-Georgia,33.726092429987986,-84.42862137076452,0.0
281,Atlanta-Georgia,33.67163429780867,-84.50952934476278,0.0
282,Atlanta-Georgia,33.82529854836629,-84.3050179115408,0.0
283,Atlanta-Georgia,33.76600180138707,-84.30506169404063,0.0
284,Atlanta-Georgia,33.87212909480676,-84.43094004888303,0.0
285,Atlanta-Georgia,33.82602289020545,-84.4153866024961,0.0
286,Atlanta-Georgia,33.768602635343704,-84.34214025689434,0.0
287,Atlanta-Georgia,33.765774654298895,-84.52204643406793,0.0
288,Atlanta-Georgia,33.737489937905174,-84.30266754793578,0.0
289,Atlanta-Georgia,33.77673321325722,-84.41874506645242,0.0
290,Atlanta-Georgia,33.87851097860171,-84.39457535859435,0.0
291,Atlanta-Georgia,33.72869412921536,-84.3998766782976,0.0
292,Atlanta-Georgia,33.70641653945047,-84.31404891043218,0.0
293,Atlanta-Georgia,33.717763358634585,-84.42415600115166,0.0
294,Atlanta-Georgia,33.872324913136104,-84.33429689695723,0.0
295,Atlanta-Georgia,33.84190721930336,-84.47148745336011,0.0
296,Atlanta-Georgia,33.81639071043362,-84.34804289726694,0.0
297,Atlanta-Georgia,33.757950880278514,-84.44228826322626,0.0
298,Atlanta-Georgia,33.81129165790464,-84.52311304470018,0.0
299,Atlanta-Georgia,33.66215308909382,-84.30722078930914,0.0
300,Atlanta-Georgia,33.83893725377502,-84.40859882683996,0.0
301,Atlanta-Georgia,33.72945481409851,-84.4050432654416,0.0
302,Atlanta-Georgia,33.82897368461696,-84.45954095145463,0.0
303,Atlanta-Georgia,33.87793256046724,-84.5048292424023,0.0
304,Atlanta-Georgia,33.814281041542614,-84.37107223082313,0.0
305,Atlanta-Georgia,33.675070402803016,-84.38527296061477,0.0
306,Atlanta-Georgia,33.7917498114181,-84.40754134693256,0.0
307,Atlanta-Georgia,33.705608371964026,-84.49173674293067,0.0
308,Atlanta-Georgia,33.8441636857946,-84.52893891501833,0.0
309,Atlanta-Georgia,33.72555954329503,-84.40575024048646,0.0
310,Atlanta-Georgia,33.886467944635164,-84.35536321017739,0.0
311,Atlanta-Georgia,33.72282463131577,-84.53903248648274,0.0
312,Atlanta-Georgia,33.808517992260356,-84.39920472791653,0.0
313,Atlanta-Georgia,33.8862799198597,-84.36575596300118,0.0
314,Atlanta-Georgia,33.718411330765086,-84.52993734950995,0.0
315,Atlanta-Georgia,33.7594574976552,-84.48248616759602,0.0
316,Atlanta-Georgia,33.658700086200206,-84.50302769829472,0.0
317,Atlanta-Georgia,33.66891172161319,-84.49164578100667,0.0
318,Atlanta-Georgia,33.7330766273844,-84.49941888841244,0.0
319,Atlanta-Georgia,33.746778848210255,-84.41543560475681,0.0
320,Atlanta-Georgia,33.73860019754482,-84.4588874513768,0.0
321,Atlanta-Georgia,33.77154361808972,-84.39031892726634,0.0
322,Atlanta-Georgia,33.66638649829264,-84.3048128540808,0.0
323,Atlanta-Georgia,33.885607228045615,-84.42260023040289,0.0
324,Atlanta-Georgia,33.83490376343,-84.4346643434931,0.0
325,Atlanta-Georgia,33.823462759709194,-84.46263062614838,0.0
326,Atlanta-Georgia,33.67901370348821,-84.54448873859405,0.0
327,Atlanta-Georgia,33.829254600213524,-84.51678931643602,0.0
328,Atlanta-Georgia,33.66795211057722,-84.28988461552643,0.0
329,Atlanta-Georgia,33.722133717174096,-84.41176957620078,0.0
330,Atlanta-Georgia,33.68055972211323,-84.35828349684024,0.0
331,Atlanta-Georgia,33.81460628990486,-84.40623069707796,0.0
332,Atlanta-Georgia,33.69297462211799,-84.51829934874539,0.0
333,Atlanta-Georgia,33.82073871547715,-84.35766885465544,0.0
334,Atlanta-Georgia,33.864497379734935,-84.28998735759828,0.0
335,Atlanta-Georgia,33.68695296642125,-84.45085325358922,0.0
336,Atlanta-Georgia,33.70770411908707,-84.47820357400192,0.0
337,Atlanta-Georgia,33.88571932973228,-84.37199813485132,0.0
338,Atlanta-Georgia,33.770520733358374,-84.43990297056251,0.0
339,Atlanta-Georgia,33.81718785133992,-84.45707646029494,0.0
340,Atlanta-Georgia,33.873151545938626,-84.49765491716317,0.0
341,Atlanta-Georgia,33.83009964138822,-84.3759310216527,0.0
342,Atlanta-Georgia,33.74328720840257,-84.38358053040363,0.0
343,Atlanta-Georgia,33.77374191891437,-84.51266619095706,0.0
344,Atlanta-Georgia,33.67898859494813,-84.54810361293676,0.0
345,Atlanta-Georgia,33.85689455011314,-84.33538082589943,0.0
346,Atlanta-Georgia,33.86169658352033,-84.45909655886346,0.0
347,Atlanta-Georgia,33.6719727924277,-84.29162753126076,0.0
348,Atlanta-Georgia,33.728418774364364,-84.53454380882978,0.0
349,Atlanta-Georgia,33.86686151833895,-84.41284815969901,0.0
350,Atlanta-Georgia,33.67834395528893,-84.46649747005667,0.0
351,Atlanta-Georgia,33.862064226954985,-84.39503682692973,0.0
352,Atlanta-Georgia,33.70124999247894,-84.41676129103428,0.0
353,Atlanta-Georgia,33.78850086949714,-84.35428328666758,0.0
354,Atlanta-Georgia,33.80604188884521,-84.41616008319964,0.0
355,Atlanta-Georgia,33.81309011888161,-84.32173181740002,0.0
356,Atlanta-Georgia,33.8419845585559,-84.36822696046856,0.0
357,Atlanta-Georgia,33.697824108540644,-84.3353054233058,0.0
358,Atlanta-Georgia,33.745491311311866,-84.54339755077454,0.0
359,Atlanta-Georgia,33.67435760968273,-84.4523206391089,0.0
360,Atlanta-Georgia,33.66793771429135,-84.3509571129875,0.0
361,Atlanta-Georgia,33.85092829562517,-84.53613467754226,0.0
362,Atlanta-Georgia,33.66524166821997,-84.35270074698852,0.0
363,Atlanta-Georgia,33.70824735261298,-84.34137446688882,0.0
364,Atlanta-Georgia,33.86586694531941,-84.29555972760585,0.0
365,Atlanta-Georgia,33.87963102096609,-84.4905808249066,0.0
366,Atlanta-Georgia,33.654839917041485,-84.50854521961965,0.0
367,Atlanta-Georgia,33.75262677100312,-84.35764171635508,0.0
368,Atlanta-Georgia,33.779210897057794,-84.46452822882752,0.0
369,Atlanta-Georgia,33.73204865470233,-84.45481121915638,0.0
370,Atlanta-Georgia,33.77377083771498,-84.51610794688274,0.0
371,Atlanta-Georgia,33.85391928612232,-84.33973995502724,0.0
372,Atlanta-Georgia,33.70421895724054,-84.44538959601785,0.0
373,Atlanta-Georgia,33.70820345621324,-84.50315410107062,0.0
374,Atlanta-Georgia,33.6623615015544,-84.36867831231078,0.0
375,Atlanta-Georgia,33.862511697634105,-84.34303739336015,0.0
376,Atlanta-Georgia,33.81964967526237,-84.29747594615546,0.0
377,Atlanta-Georgia,33.804117176467024,-84.37739930250835,0.0
378,Atlanta-Georgia,33.72481340366677,-84.30327211432815,0.0
379,Atlanta-Georgia,33.6702531074892,-84.48923250292945,0.0
380,Atlanta-Georgia,33.79009894639571,-84.39959225318128,0.0
381,Atlanta-Georgia,33.72476399653371,-84.29701612654847,0.0
382,Atlanta-Georgia,33.67499788557475,-84.48772386795008,0.0
383,Atlanta-Georgia,33.69856477670547,-84.5099169230688,0.0
384,Atlanta-Georgia,33.87272841878684,-84.31118807766123,0.0
385,Atlanta-Georgia,33.706844198672115,-84.41725459119635,0.0
386,Atlanta-Georgia,33.66586919840303,-84.29471085046059,0.0
387,Atlanta-Georgia,33.67651799726746,-84.48702285558123,0.0
388,Atlanta-Georgia,33.850267849113806,-84.42673565435693,0.0
389,Atlanta-Georgia,33.720980114467615,-84.50001718929244,0.0
390,Atlanta-Georgia,33.703801742382424,-84.40186076526498,0.0
391,Atlanta-Georgia,33.70410664451649,-84.50513546051796,0.0
392,Atlanta-Georgia,33.88046467297037,-84.33539802028993,0.0
393,Atlanta-Georgia,33.8069139320803,-84.29712258841161,0.0
394,Atlanta-Georgia,33.65541336827778,-84.36945484589921,0.0
395,Atlanta-Georgia,33.687493762885566,-84.54550385350775,0.0
396,Atlanta-Georgia,33.85649262901748,-84.48810922525153,0.0
397,Atlanta-Georgia,33.70850901977903,-84.40165873018238,0.0
398,Atlanta-Georgia,33.70532295713525,-84.34632750069883,0.0
399,Atlanta-Georgia,33.80074913427794,-84.51663037378455,0.0
400,Atlanta-Georgia,33.733797243082,-84.45359646183215,0.0
401,Atlanta-Georgia,33.72500871386307,-84.31270396924467,0.0
402,Atlanta-Georgia,33.84866027994476,-84.48010525823477,0.0
403,Atlanta-Georgia,33.704990671156075,-84.39075833721111,0.0
404,Atlanta-Georgia,33.69972669776236,-84.38539454579563,0.0
405,Atlanta-Georgia,33.77837624846713,-84.3091663343382,0.0
406,Atlanta-Georgia,33.70278930073503,-84.30821528474429,0.0
407,Atlanta-Georgia,33.85446095852863,-84.33138361235943,0.0
408,Atlanta-Georgia,33.793595705803796,-84.31940790909889,0.0
409,Atlanta-Georgia,33.77078131699614,-84.4922923712716,0.0
410,Atlanta-Georgia,33.72161921105276,-84.40025773875787,0.0
411,Atlanta-Georgia,33.872534406071274,-84.29488602396302,0.0
412,Atlanta-Georgia,33.67961862182231,-84.545979971131,0.0
413,Atlanta-Georgia,33.85715897920181,-84.33590015630558,0.0
414,Atlanta-Georgia,33.73033476703742,-84.42549828783905,0.0
415,Atlanta-Georgia,33.80174606036029,-84.48858338570744,0.0
416,Atlanta-Georgia,33.70954233292942,-84.49753659584215,0.0
417,Atlanta-Georgia,33.79865502264844,-84.30973732886896,0.0
418,Atlanta-Georgia,33.7360167345551,-84.37036269107777,0.0
419,Atlanta-Georgia,33.822897489496825,-84.43907130511953,0.0
420,Atlanta-Georgia,33.71065020569255,-84.52316219254656,0.0
421,Atlanta-Georgia,33.672425487107354,-84.53517002253467,0.0
422,Atlanta-Georgia,33.677654103406795,-84.46583205864775,0.0
423,Atlanta-Georgia,33.78792012176271,-84.29837433755961,0.0
424,Atlanta-Georgia,33.719320724554365,-84.38461034846848,0.0
425,Atlanta-Georgia,33.831260923721196,-84.50538527845342,0.0
426,Atlanta-Georgia,33.85935775130624,-84.51924116283617,0.0
427,Atlanta-Georgia,33.666888179658386,-84.5140438593181,0.0
428,Atlanta-Georgia,33.86944790067105,-84.32110714025096,0.0
429,Atlanta-Georgia,33.67327573303543,-84.33194724724528,0.0
430,Atlanta-Georgia,33.758512063427084,-84.4968256566104,0.0
431,Atlanta-Georgia,33.886776619999026,-84.40589691356094,0.0
432,Atlanta-Georgia,33.71700867122238,-84.51275357567167,0.0
433,Atlanta-Georgia,33.82746878035791,-84.38929735762297,0.0
434,Atlanta-Georgia,33.87270641623605,-84.40349402478662,0.0
435,Atlanta-Georgia,33.699380784055926,-84.41610986872857,0.0
436,Atlanta-Georgia,33.64985295903984,-84.30774192294643,0.0
437,Atlanta-Georgia,33.82532444443252,-84.44876613759489,0.0
438,Atlanta-Georgia,33.647946773995116,-84.44638070187784,0.0
439,Atlanta-Georgia,33.763615737833405,-84.40668966371351,0.0
440,Atlanta-Georgia,33.67197579626386,-84.4754260085333,0.0
441,Atlanta-Georgia,33.83794655157574,-84.39982324859312,0.0
442,Atlanta-Georgia,33.76879196528299,-84.45801629005739,0.0
443,Atlanta-Georgia,33.66808272878929,-84.3247691605928,0.0
444,Atlanta-Georgia,33.723153366336014,-84.29501263297279,0.0
445,Atlanta-Georgia,33.820622825126065,-84.51217994817456,0.0
446,Atlanta-Georgia,33.6745462206238,-84.40736598229608,0.0
447,Atlanta-Georgia,33.786206374836965,-84.42319594767176,0.0
448,Atlanta-Georgia,33.67989071659352,-84.33886016938789,0.0
449,Atlanta-Georgia,33.80650019377326,-84.3428183032039,0.0
450,Atlanta-Georgia,33.79730423371111,-84.31376483185598,0.0
451,Atlanta-Georgia,33.88102489054645,-84.41089134589248,0.0
452,Atlanta-Georgia,33.67379145566252,-84.3378935981134,0.0
453,Atlanta-Georgia,33.87112667152554,-84.52329136177569,0.0
454,Atlanta-Georgia,33.75417282012471,-84.5052618964987,0.0
455,Atlanta-Georgia,33.84394613758037,-84.49954744583643,0.0
456,Atlanta-Georgia,33.78437751341836,-84.41038508823789,0.0
457,Atlanta-Georgia,33.75658890026587,-84.36760338929456,0.0
458,Atlanta-Georgia,33.7690043372128,-84.53621529848019,0.0
459,Atlanta-Georgia,33.77369404119367,-84.3007664075853,0.0
460,Atlanta-Georgia,33.744783028528325,-84.41303208412529,0.0
461,Atlanta-Georgia,33.74880229557744,-84.31778478314764,0.0
462,Atlanta-Georgia,33.750495187068566,-84.32157421978926,0.0
463,Atlanta-Georgia,33.75625040212183,-84.29117602834803,0.0
464,Atlanta-Georgia,33.69270300380279,-84.53912674665897,0.0
465,Atlanta-Georgia,33.86023847740461,-84.33283717302604,0.0
466,Atlanta-Georgia,33.818191252897684,-84.50726212531822,0.0
467,Atlanta-Georgia,33.674270497050195,-84.39744615943343,0.0
468,Atlanta-Georgia,33.85613831554579,-84.35539695939227,0.0
469,Atlanta-Georgia,33.83236238653754,-84.49550677104475,0.0
470,Atlanta-Georgia,33.86561603536494,-84.51163669099141,0.0
471,Atlanta-Georgia,33.722481977482154,-84.31753172500304,0.0
472,Atlanta-Georgia,33.70707321229585,-84.31525009135439,0.0
473,Atlanta-Georgia,33.71838263668553,-84.53549005797932,0.0
474,Atlanta-Georgia,33.725834588895175,-84.44366971566662,0.0
475,Atlanta-Georgia,33.78423154895959,-84.38918137615008,0.0
476,Atlanta-Georgia,33.72098131337535,-84.37447368071298,0.0
477,Atlanta-Georgia,33.79361074299114,-84.43564059305803,0.0
478,Atlanta-Georgia,33.79638208331493,-84.37881901047705,0.0
479,Atlanta-Georgia,33.81313878190853,-84.53670314968518,0.0
480,Atlanta-Georgia,33.77131595011033,-84.48458002287862,0.0
481,Atlanta-Georgia,33.77897942194842,-84.53303059477098,0.0
482,Atlanta-Georgia,33.711421033238686,-84.3400606919625,0.0
483,Atlanta-Georgia,33.648205420664134,-84.38114585473524,0.0
484,Atlanta-Georgia,33.769152733526674,-84.41068132490804,0.0
485,Atlanta-Georgia,33.81028005575978,-84.2927378662654,0.0
486,Atlanta-Georgia,33.81198859236733,-84.3055048122004,0.0
487,Atlanta-Georgia,33.6925529470298,-84.46305631418565,0.0
488,Atlanta-Georgia,33.69547746972026,-84.4637601744562,0.0
489,Atlanta-Georgia,33.7206766075635,-84.40069014969117,0.0
490,Atlanta-Georgia,33.655938115422764,-84.47760512301198,0.0
491,Atlanta-Georgia,33.871864798585804,-84.2936581149644,0.0
492,Atlanta-Georgia,33.77072466295308,-84.50311726798034,0.0
493,Atlanta-Georgia,33.79880394272554,-84.39491007619294,0.0
494,Atlanta-Georgia,33.81925123577271,-84.44327940440782,0.0
495,Atlanta-Georgia,33.83971274838803,-84.37956119217287,0.0
496,Atlanta-Georgia,33.8406787251281,-84.37447568355455,0.0
497,Atlanta-Georgia,33.871159557529865,-84.5423403718472,0.0
498,Atlanta-Georgia,33.73667701249251,-84.5032174990087,0.0
499,Atlanta-Georgia,33.71459310163327,-84.53606500205395,0.0
500,Atlanta-Georgia,33.88512673878167,-84.3658696896106,0.0
501,Atlanta-Georgia,33.856168370182885,-84.41638798104911,0.0
502,Atlanta-Georgia,33.73954534015779,-84.44335945742226,0.0
503,Atlanta-Georgia,33.73870147416861,-84.35490871961537,0.0
504,Atlanta-Georgia,33.67930939469986,-84.40042810905673,0.0
505,Atlanta-Georgia,33.77268069433091,-84.52102278991543,0.0
506,Atlanta-Georgia,33.879150150958814,-84.37127212874836,0.0
507,Atlanta-Georgia,33.669213603818896,-84.47226437551805,0.0
508,Atlanta-Georgia,33.755779610798804,-84.39350769983456,0.0
509,Atlanta-Georgia,33.84326330358431,-84.47370701566076,0.0
510,Atlanta-Georgia,33.880702328345365,-84.34130757377106,0.0
511,Atlanta-Georgia,33.7089074059165,-84.53337083330707,0.0
512,Atlanta-Georgia,33.860770807589084,-84.2995460383693,0.0
513,Atlanta-Georgia,33.808724359050395,-84.40915129033465,0.0
514,Atlanta-Georgia,33.75201573088161,-84.42773835213352,0.0
515,Atlanta-Georgia,33.703728328102365,-84.36599113122173,0.0
516,Atlanta-Georgia,33.86815394820255,-84.53667766376934,0.0
517,Atlanta-Georgia,33.874041066011785,-84.31283353533661,0.0
518,Atlanta-Georgia,33.7970861965586,-84.5028813467486,0.0
519,Atlanta-Georgia,33.6943031246562,-84.29184541717187,0.0
520,Atlanta-Georgia,33.73239674358193,-84.53067024181043,0.0
521,Atlanta-Georgia,33.84474102688909,-84.4554550028058,0.0
522,Atlanta-Georgia,33.76934742356255,-84.35211200982253,0.0
523,Atlanta-Georgia,33.78512859404424,-84.3437307628701,0.0
524,Atlanta-Georgia,33.800118383454866,-84.34531297464626,0.0
525,Atlanta-Georgia,33.848896247191824,-84.5297172347188,0.0
526,Atlanta-Georgia,33.753608452643405,-84.3618816829741,0.0
527,Atlanta-Georgia,33.8105744120742,-84.31426007825135,0.0
528,Atlanta-Georgia,33.66874537130565,-84.52008530187395,0.0
529,Atlanta-Georgia,33.86713093785533,-84.40854219310134,0.0
530,Atlanta-Georgia,33.65878718256661,-84.3277730620496,0.0
531,Atlanta-Georgia,33.718775557998256,-84.55063857940378,0.0
532,Atlanta-Georgia,33.827311657900715,-84.32616899160503,0.0
533,Atlanta-Georgia,33.80212759272237,-84.46930744133172,0.0
534,Atlanta-Georgia,33.78166027541054,-84.35139891068262,0.0
535,Atlanta-Georgia,33.68305928687724,-84.30809267591435,0.0
536,Atlanta-Georgia,33.65835463996333,-84.54382695816233,0.0
537,Atlanta-Georgia,33.78726309541087,-84.46187385766592,0.0
538,Atlanta-Georgia,33.86026772228654,-84.49178778473228,0.0
539,Atlanta-Georgia,33.75209030794108,-84.41133711850212,0.0
540,Atlanta-Georgia,33.8261618885273,-84.36831536984022,0.0
541,Atlanta-Georgia,33.70592467995858,-84.36235354527386,0.0
542,Atlanta-Georgia,33.81419559924455,-84.37290512950098,0.0
543,Atlanta-Georgia,33.704293430684984,-84.31866481098096,0.0
544,Atlanta-Georgia,33.76711796096586,-84.45557733908421,0.0
545,Atlanta-Georgia,33.65283235763187,-84.41012618214512,0.0
546,Atlanta-Georgia,33.73596660950277,-84.42093085929055,0.0
547,Atlanta-Georgia,33.88028350106192,-84.3437169143958,0.0
548,Atlanta-Georgia,33.70430465108838,-84.29588987289546,0.0
549,Atlanta-Georgia,33.81113559429643,-84.50905139607963,0.0
550,Atlanta-Georgia,33.75481707286874,-84.52550255210123,0.0
551,Atlanta-Georgia,33.67402122802157,-84.45751819518192,0.0
552,Atlanta-Georgia,33.854916619820045,-84.4581251285142,0.0
553,Atlanta-Georgia,33.81966322619641,-84.37292801651887,0.0
554,Atlanta-Georgia,33.84242361193749,-84.47246801750148,0.0
555,Atlanta-Georgia,33.65955816734289,-84.45685782298649,0.0
556,Atlanta-Georgia,33.85691957646165,-84.5408441128054,0.0
557,Atlanta-Georgia,33.87353255484225,-84.4995537916679,0.0
558,Atlanta-Georgia,33.77319706114295,-84.54296761382959,0.0
559,Atlanta-Georgia,33.6601086091818,-84.39209434815821,0.0
560,Atlanta-Georgia,33.71591495551457,-84.30739526940168,0.0
561,Atlanta-Georgia,33.75636499148908,-84.53763994978097,0.0
562,Atlanta-Georgia,33.87226494663689,-84.28957545870465,0.0
563,Atlanta-Georgia,33.73947211929815,-84.4312979705218,0.0
564,Atlanta-Georgia,33.689148171554805,-84.3354057074694,0.0
565,Atlanta-Georgia,33.81097887422449,-84.48042756396927,0.0
566,Atlanta-Georgia,33.763451861475964,-84.50415547050682,0.0
567,Atlanta-Georgia,33.82202401115723,-84.41914762056503,0.0
568,Atlanta-Georgia,33.819314707042444,-84.34295981517965,0.0
569,Atlanta-Georgia,33.73747501032141,-84.31899830435083,0.0
570,Atlanta-Georgia,33.67069239752413,-84.38479839157458,0.0
571,Atlanta-Georgia,33.759637191278955,-84.54023325993823,0.0
572,Atlanta-Georgia,33.78923862487812,-84.2975066131638,0.0
573,Atlanta-Georgia,33.72950442415614,-84.29411312040868,0.0
574,Atlanta-Georgia,33.873300556853145,-84.42125762871235,0.0
575,Atlanta-Georgia,33.80467842716767,-84.42616975129641,0.0
576,Atlanta-Georgia,33.69135735110178,-84.36598489268151,0.0
577,Atlanta-Georgia,33.808308484925455,-84.36224312738975,0.0
578,Atlanta-Georgia,33.84742063471773,-84.41531895461715,0.0
579,Atlanta-Georgia,33.819295828390864,-84.35593089085245,0.0
580,Atlanta-Georgia,33.68472999916618,-84.45976174219177,0.0
581,Atlanta-Georgia,33.795294722609135,-84.46520124243388,0.0
582,Atlanta-Georgia,33.75196141092091,-84.34164030608541,0.0
583,Atlanta-Georgia,33.66071673219192,-84.46744204656882,0.0
584,Atlanta-Georgia,33.8350293012598,-84.4191495404894,0.0
585,Atlanta-Georgia,33.7238200936858,-84.42403574845804,0.0
586,Atlanta-Georgia,33.8700113407447,-84.42715925713412,0.0
587,Atlanta-Georgia,33.652988735501054,-84.44534542962418,0.0
588,Atlanta-Georgia,33.75845547003611,-84.29410361285936,0.0
589,Atlanta-Georgia,33.66407965102207,-84.29562402220064,0.0
590,Atlanta-Georgia,33.65556038997157,-84.46578904827663,0.0
591,Atlanta-Georgia,33.656739162294,-84.33127824881083,0.0
592,Atlanta-Georgia,33.78660832441487,-84.48544539263055,0.0
593,Atlanta-Georgia,33.787691976641234,-84.359042045135,0.0
594,Atlanta-Georgia,33.72609733283467,-84.41786793926197,0.0
595,Atlanta-Georgia,33.65243904707556,-84.34716516895104,0.0
596,Atlanta-Georgia,33.70362363869704,-84.36497699740154,0.0
597,Atlanta-Georgia,33.813278318077955,-84.5167495851882,0.0
598,Atlanta-Georgia,33.76664546552694,-84.35851959246007,0.0
599,Atlanta-Georgia,33.87786527411147,-84.45384640857974,0.0
600,Atlanta-Georgia,33.80486842357752,-84.41236099144307,0.0
601,Atlanta-Georgia,33.71928708747902,-84.39927532034864,0.0
602,Atlanta-Georgia,33.84129319502429,-84.47069588693,0.0
603,Atlanta-Georgia,33.83444451546696,-84.49797444809455,0.0
604,Atlanta-Georgia,33.79249606983945,-84.49128921464589,0.0
605,Atlanta-Georgia,33.770202405378846,-84.47731573514503,0.0
606,Atlanta-Georgia,33.83458660920691,-84.35919552425682,0.0
607,Atlanta-Georgia,33.72286229851504,-84.38871139203664,0.0
608,Atlanta-Georgia,33.6889792783762,-84.37058925555976,0.0
609,Atlanta-Georgia,33.7385064560709,-84.53114032271502,0.0
610,Atlanta-Georgia,33.78364589305745,-84.47733730316533,0.0
611,Atlanta-Georgia,33.68642787303906,-84.35612266323116,0.0
612,Atlanta-Georgia,33.75957792595149,-84.36953121353764,0.0
613,Atlanta-Georgia,33.8766531732547,-84.32940396248729,0.0
614,Atlanta-Georgia,33.85167652693272,-84.5203117964812,0.0
615,Atlanta-Georgia,33.78376560400313,-84.45682685040151,0.0
616,Atlanta-Georgia,33.88455824450025,-84.31115429621218,0.0
617,Atlanta-Georgia,33.80564501205849,-84.48199677407533,0.0
618,Atlanta-Georgia,33.88603834822434,-84.35089874749893,0.0
619,Atlanta-Georgia,33.77917148756693,-84.40342970805564,0.0
620,Atlanta-Georgia,33.87521404841585,-84.31599118230166,0.0
621,Atlanta-Georgia,33.80916066410904,-84.52936630371168,0.0
622,Atlanta-Georgia,33.660629614920246,-84.55042255812035,0.0
623,Atlanta-Georgia,33.86455642345451,-84.42249152720976,0.0
624,Atlanta-Georgia,33.773742599492486,-84.31133267332572,0.0
625,Atlanta-Georgia,33.80673776872449,-84.54535557737657,0.0
626,Atlanta-Georgia,33.861995131860844,-84.52825745718542,0.0
627,Atlanta-Georgia,33.66780096853365,-84.44854983883938,0.0
628,Atlanta-Georgia,33.82320631967064,-84.33194364275842,0.0
629,Atlanta-Georgia,33.728585327082754,-84.31271962205166,0.0
630,Atlanta-Georgia,33.86946068166317,-84.50003541693292,0.0
631,Atlanta-Georgia,33.8269311372391,-84.37851942769004,0.0
632,Atlanta-Georgia,33.86113860278087,-84.5089154570001,0.0
633,Atlanta-Georgia,33.70218649170393,-84.43346368292185,0.0
634,Atlanta-Georgia,33.7264001037693,-84.50917694235794,0.0
635,Atlanta-Georgia,33.8373652263713,-84.50176297952399,0.0
636,Atlanta-Georgia,33.679393176822956,-84.44158145403449,0.0
637,Atlanta-Georgia,33.799962149802504,-84.49446420914512,0.0
638,Atlanta-Georgia,33.77011105680443,-84.52816605747539,0.0
639,Atlanta-Georgia,33.77324543863478,-84.50879824726708,0.0
640,Atlanta-Georgia,33.86388311643373,-84.29759327168652,0.0
641,Atlanta-Georgia,33.77524185095578,-84.4928543176362,0.0
642,Atlanta-Georgia,33.85449832599732,-84.41662580181571,0.0
643,Atlanta-Georgia,33.85672927458488,-84.35117109955834,0.0
644,Atlanta-Georgia,33.84742214788341,-84.49865428590427,0.0
645,Atlanta-Georgia,33.6654434539378,-84.42944035015911,0.0
646,Atlanta-Georgia,33.729121559772025,-84.296289912504,0.0
647,Atlanta-Georgia,33.834760815177795,-84.36130001839209,0.0
648,Atlanta-Georgia,33.869668600469716,-84.38909320072388,0.0
649,Atlanta-Georgia,33.85801083553535,-84.47014475140922,0.0
650,Atlanta-Georgia,33.769284159157934,-84.36516074207464,0.0
651,Atlanta-Georgia,33.81452012203412,-84.54576636973363,0.0
652,Atlanta-Georgia,33.803665874622055,-84.39972334585774,0.0
653,Atlanta-Georgia,33.72603914384528,-84.54833205707992,0.0
654,Atlanta-Georgia,33.85947584539452,-84.42433777687751,0.0
655,Atlanta-Georgia,33.81229986359731,-84.43598675544278,0.0
656,Atlanta-Georgia,33.85263935383675,-84.42312757807389,0.0
657,Atlanta-Georgia,33.66933131755808,-84.47125586447922,0.0
658,Atlanta-Georgia,33.75103376984557,-84.29281500685583,0.0
659,Atlanta-Georgia,33.72031472580288,-84.42201617692386,0.0
660,Atlanta-Georgia,33.67297326550151,-84.29505879606819,0.0
661,Atlanta-Georgia,33.65879581861839,-84.44192680221133,0.0
662,Atlanta-Georgia,33.87483318930946,-84.42283907495838,0.0
663,Atlanta-Georgia,33.845094839009974,-84.4597918695459,0.0
664,Atlanta-Georgia,33.84830445805374,-84.48295446992822,0.0
665,Atlanta-Georgia,33.870253583950195,-84.4198833741095,0.0
666,Atlanta-Georgia,33.84116967030874,-84.30097136763035,0.0
667,Atlanta-Georgia,33.760248466825,-84.50897456754586,0.0
668,Atlanta-Georgia,33.79997614925094,-84.5187556490279,0.0
669,Atlanta-Georgia,33.76337217396384,-84.5173587824251,0.0
670,Atlanta-Georgia,33.8846999463338,-84.53278541423853,0.0
671,Atlanta-Georgia,33.69127217361198,-84.42625433180386,0.0
672,Atlanta-Georgia,33.72441843931752,-84.49468104701343,0.0
673,Atlanta-Georgia,33.84059360478922,-84.53817265070849,0.0
674,Atlanta-Georgia,33.81912052983562,-84.37716011171686,0.0
675,Atlanta-Georgia,33.72396405522962,-84.37648453293907,0.0
676,Atlanta-Georgia,33.88493930604064,-84.38682746269167,0.0
677,Atlanta-Georgia,33.861229145253,-84.43850429945569,0.0
678,Atlanta-Georgia,33.780713746708585,-84.41051041347446,0.0
679,Atlanta-Georgia,33.83825023562514,-84.41401878202781,0.0
680,Atlanta-Georgia,33.717431856563266,-84.41403812009439,0.0
681,Atlanta-Georgia,33.86551195511613,-84.37581821041282,0.0
682,Atlanta-Georgia,33.7189857263689,-84.47251599699679,0.0
683,Atlanta-Georgia,33.86472315156333,-84.51900406465657,0.0
684,Atlanta-Georgia,33.76460650041368,-84.30229827414128,0.0
685,Atlanta-Georgia,33.75046541914883,-84.30060331548543,0.0
686,Atlanta-Georgia,33.67978218185035,-84.37255094035454,0.0
687,Atlanta-Georgia,33.6507010449839,-84.45576932450986,0.0
688,Atlanta-Georgia,33.735472768780525,-84.33355843376813,0.0
689,Atlanta-Georgia,33.69600584563839,-84.39970408702256,0.0
690,Atlanta-Georgia,33.87547933441808,-84.499402735298,0.0
691,Atlanta-Georgia,33.85554003232965,-84.4459699298594,0.0
692,Atlanta-Georgia,33.720990034507594,-84.37998127183381,0.0
693,Atlanta-Georgia,33.67185645969589,-84.53492184416261,0.0
694,Atlanta-Georgia,33.78304570364146,-84.49322719238332,0.0
695,Atlanta-Georgia,33.66137335528991,-84.35167629226392,0.0
696,Atlanta-Georgia,33.79510115740647,-84.32957558932743,0.0
697,Atlanta-Georgia,33.83232270043217,-84.39123041398,0.0
698,Atlanta-Georgia,33.80970685525621,-84.50787294656328,0.0
699,Atlanta-Georgia,33.866290441751566,-84.30405492388027,0.0
700,Atlanta-Georgia,33.80711647572332,-84.31996699511635,0.0
701,Atlanta-Georgia,33.752692586449555,-84.45229555848739,0.0
702,Atlanta-Georgia,33.85338151471648,-84.359585782898,0.0
703,Atlanta-Georgia,33.83945466930368,-84.33881033772437,0.0
704,Atlanta-Georgia,33.69138278525539,-84.40016958284804,0.0
705,Atlanta-Georgia,33.843240509326044,-84.3838763829484,0.0
706,Atlanta-Georgia,33.747102531064115,-84.44138386328547,0.0
707,Atlanta-Georgia,33.81292843717504,-84.36129719264072,0.0
708,Atlanta-Georgia,33.80194525332879,-84.3257099087119,0.0
709,Atlanta-Georgia,33.7704257514049,-84.5209408823755,0.0
710,Atlanta-Georgia,33.86719507003334,-84.53659554399668,0.0
711,Atlanta-Georgia,33.654523363096885,-84.52507308313861,0.0
712,Atlanta-Georgia,33.795233589250735,-84.38292620255685,0.0
713,Atlanta-Georgia,33.66412806037198,-84.3450985924289,0.0
714,Atlanta-Georgia,33.841614043394614,-84.36059818681632,0.0
715,Atlanta-Georgia,33.79141483343696,-84.35039264694673,0.0
716,Atlanta-Georgia,33.74453023418948,-84.35095576431422,0.0
717,Atlanta-Georgia,33.74355040495496,-84.36122790319355,0.0
718,Atlanta-Georgia,33.65109593731046,-84.40833333681768,0.0
719,Atlanta-Georgia,33.75114304485127,-84.38849831389899,0.0
720,Atlanta-Georgia,33.70935482663205,-84.46871416491562,0.0
721,Atlanta-Georgia,33.710573924592886,-84.3609900346037,0.0
722,Atlanta-Georgia,33.75485621964464,-84.50243155752763,0.0
723,Atlanta-Georgia,33.777125990078645,-84.47541868013266,0.0
724,Atlanta-Georgia,33.652640075585,-84.39806927179681,0.0
725,Atlanta-Georgia,33.81765155004244,-84.39989182986389,0.0
726,Atlanta-Georgia,33.691964321605376,-84.43887737923647,0.0
727,Atlanta-Georgia,33.65704838318442,-84.40883142219626,0.0
728,Atlanta-Georgia,33.692726391988735,-84.40103217172546,0.0
729,Atlanta-Georgia,33.71341279953877,-84.5384219904632,0.0
730,Atlanta-Georgia,33.87779292257189,-84.4437588911706,0.0
731,Atlanta-Georgia,33.83356400311097,-84.5268411681308,0.0
732,Atlanta-Georgia,33.8123672301041,-84.43569991996337,0.0
733,Atlanta-Georgia,33.73387218692469,-84.35783643174781,0.0
734,Atlanta-Georgia,33.739554541436206,-84.36933657714691,0.0
735,Atlanta-Georgia,33.78192125776609,-84.42358010929858,0.0
736,Atlanta-Georgia,33.85827379597568,-84.48267123626023,0.0
737,Atlanta-Georgia,33.84101340093746,-84.29305050834,0.0
738,Atlanta-Georgia,33.83410661716614,-84.43129130756779,0.0
739,Atlanta-Georgia,33.69837076978489,-84.40190629174535,0.0
740,Atlanta-Georgia,33.817848636164534,-84.42460958015802,0.0
741,Atlanta-Georgia,33.811997085525064,-84.32411934996303,0.0
742,Atlanta-Georgia,33.77850949563444,-84.49052670346609,0.0
743,Atlanta-Georgia,33.72981450871729,-84.53969270987201,0.0
744,Atlanta-Georgia,33.727787264616744,-84.33518862822258,0.0
745,Atlanta-Georgia,33.67202197097755,-84.38406260706098,0.0
746,Atlanta-Georgia,33.669555502036324,-84.38589385490734,0.0
747,Atlanta-Georgia,33.74056093260681,-84.38294663969886,0.0
748,Atlanta-Georgia,33.862032304323954,-84.43193480666515,0.0
749,Atlanta-Georgia,33.74924090902263,-84.50860806549997,0.0
750,Atlanta-Georgia,33.67149022794988,-84.37081778507127,0.0
751,Atlanta-Georgia,33.68025297616861,-84.4244267248291,0.0
752,Atlanta-Georgia,33.7537158848901,-84.48481603133047,0.0
753,Atlanta-Georgia,33.65085569318806,-84.40859603828255,0.0
754,Atlanta-Georgia,33.70046884636707,-84.32691066415688,0.0
755,Atlanta-Georgia,33.747804015045624,-84.39996805382826,0.0
756,Atlanta-Georgia,33.67413546252384,-84.34018798243349,0.0
757,Atlanta-Georgia,33.85321175094071,-84.47623407773747,0.0
758,Atlanta-Georgia,33.79565844283463,-84.51141715193285,0.0
759,Atlanta-Georgia,33.73575052483949,-84.53543122047242,0.0
760,Atlanta-Georgia,33.72890779730999,-84.43749850769979,0.0
761,Atlanta-Georgia,33.855076614532706,-84.44057650649884,0.0
762,Atlanta-Georgia,33.65139518954962,-84.4628280345273,0.0
763,Atlanta-Georgia,33.847370714039265,-84.54899507706341,0.0
764,Atlanta-Georgia,33.86936142625847,-84.3855454081391,0.0
765,Atlanta-Georgia,33.66078851063951,-84.365905917092,0.0
766,Atlanta-Georgia,33.783315191483865,-84.45249154667994,0.0
767,Atlanta-Georgia,33.86521114602499,-84.49862747385232,0.0
768,Atlanta-Georgia,33.77945853512588,-84.44301827835436,0.0
769,Atlanta-Georgia,33.88671195594662,-84.42956271768271,0.0
770,Atlanta-Georgia,33.72584865112067,-84.30174397305876,0.0
771,Atlanta-Georgia,33.70155585619674,-84.32581827209086,0.0
772,Atlanta-Georgia,33.80615879884146,-84.4879276506503,0.0
773,Atlanta-Georgia,33.86700801681799,-84.51379791760355,0.0
774,Atlanta-Georgia,33.81012408728887,-84.5246890292409,0.0
775,Atlanta-Georgia,33.849418353650044,-84.39890753959233,0.0
776,Atlanta-Georgia,33.806621325617186,-84.49227348799728,0.0
777,Atlanta-Georgia,33.83070639879901,-84.52139050449689,0.0
778,Atlanta-Georgia,33.84874261894969,-84.53292164958675,0.0
779,Atlanta-Georgia,33.84101182848806,-84.37389150270789,0.0
780,Atlanta-Georgia,33.8036053117694,-84.34015290763728,0.0
781,Atlanta-Georgia,33.883800488216636,-84.32352627445016,0.0
782,Atlanta-Georgia,33.665045901971084,-84.3383809182912,0.0
783,Atlanta-Georgia,33.86824357679839,-84.41285643734282,0.0
784,Atlanta-Georgia,33.85486946876149,-84.53945195128442,0.0
785,Atlanta-Georgia,33.82305814350938,-84.44919550450687,0.0
786,Atlanta-Georgia,33.87507275170867,-84.3810238103684,0.0
787,Atlanta-Georgia,33.79102632854751,-84.42040748671171,0.0
788,Atlanta-Georgia,33.831838774405576,-84.40983350271796,0.0
789,Atlanta-Georgia,33.880224966892214,-84.51718020740067,0.0
790,Atlanta-Georgia,33.84120470107253,-84.48207493984164,0.0
791,Atlanta-Georgia,33.841132543581146,-84.33143539716508,0.0
792,Atlanta-Georgia,33.7982867706068,-84.46676181515288,0.0
793,Atlanta-Georgia,33.85939462141934,-84.47856068477266,0.0
794,Atlanta-Georgia,33.78507769837157,-84.30388741327984,0.0
795,Atlanta-Georgia,33.67120085890383,-84.36571283757169,0.0
796,Atlanta-Georgia,33.77064238141807,-84.2961616618451,0.0
797,Atlanta-Georgia,33.84576303101587,-84.46939529455334,0.0
798,Atlanta-Georgia,33.80395229029776,-84.36225067104964,0.0
799,Atlanta-Georgia,33.73061045778425,-84.45838096199081,0.0
800,Atlanta-Georgia,33.86532284908762,-84.39487071348272,0.0
801,Atlanta-Georgia,33.68356553962719,-84.33524238994717,0.0
802,Atlanta-Georgia,33.65966205839769,-84.34360464165314,0.0
803,Atlanta-Georgia,33.67052323873799,-84.32612323412887,0.0
804,Atlanta-Georgia,33.679563588830355,-84.36970162327482,0.0
805,Atlanta-Georgia,33.72802024445561,-84.44439572326966,0.0
806,Atlanta-Georgia,33.69951264669706,-84.45365564437019,0.0
807,Atlanta-Georgia,33.74593212218865,-84.30238227154675,0.0
808,Atlanta-Georgia,33.787344360652334,-84.35810418297775,0.0
809,Atlanta-Georgia,33.81488334711512,-84.51136866229909,0.0
810,Atlanta-Georgia,33.69003944158977,-84.33291592934187,0.0
811,Atlanta-Georgia,33.817207890458235,-84.51162963683801,0.0
812,Atlanta-Georgia,33.65033122944011,-84.32695217566346,0.0
813,Atlanta-Georgia,33.71032692694049,-84.35536859229568,0.0
814,Atlanta-Georgia,33.81431166658015,-84.47168191802321,0.0
815,Atlanta-Georgia,33.785164531392006,-84.29301324754576,0.0
816,Atlanta-Georgia,33.86671847391079,-84.29011184328843,0.0
817,Atlanta-Georgia,33.73219670941257,-84.34646337951064,0.0
818,Atlanta-Georgia,33.862558440621584,-84.55024065806131,0.0
819,Atlanta-Georgia,33.86393453849795,-84.50267053720707,0.0
820,Atlanta-Georgia,33.78957553688223,-84.31013785423787,0.0
821,Atlanta-Georgia,33.796735682474555,-84.37419733521648,0.0
822,Atlanta-Georgia,33.71542332630365,-84.51139554866481,0.0
823,Atlanta-Georgia,33.730670512451624,-84.31152835731207,0.0
824,Atlanta-Georgia,33.79935133130321,-84.50137444807783,0.0
825,Atlanta-Georgia,33.767933991228,-84.52076787746176,0.0
826,Atlanta-Georgia,33.833942009751446,-84.54912588390903,0.0
827,Atlanta-Georgia,33.73411383538597,-84.46103707880982,0.0
828,Atlanta-Georgia,33.87357398363127,-84.37534313835143,0.0
829,Atlanta-Georgia,33.71755142811021,-84.40089309812976,0.0
830,Atlanta-Georgia,33.6973247031582,-84.49363670074277,0.0
831,Atlanta-Georgia,33.82053611836161,-84.53838525769463,0.0
832,Atlanta-Georgia,33.75217471753226,-84.30305632976476,0.0
833,Atlanta-Georgia,33.84420554361034,-84.4347780973411,0.0
834,Atlanta-Georgia,33.718284299306525,-84.31345340986371,0.0
835,Atlanta-Georgia,33.68581271956244,-84.41458126923122,0.0
836,Atlanta-Georgia,33.826223231234145,-84.40196676157082,0.0
837,Atlanta-Georgia,33.64966321381976,-84.39533871480359,0.0
838,Atlanta-Georgia,33.67061353790178,-84.33972167268536,0.0
839,Atlanta-Georgia,33.67594448251674,-84.41902070247026,0.0
840,Atlanta-Georgia,33.85352273584977,-84.43328500875599,0.0
841,Atlanta-Georgia,33.696508331862546,-84.36416095849243,0.0
842,Atlanta-Georgia,33.68222811791455,-84.29587984862717,0.0
843,Atlanta-Georgia,33.884605417720806,-84.35243405704693,0.0
844,Atlanta-Georgia,33.851209071260264,-84.51681334862054,0.0
845,Atlanta-Georgia,33.71589230452582,-84.35041718119327,0.0
846,Atlanta-Georgia,33.88024510825951,-84.35156963497839,0.0
847,Atlanta-Georgia,33.71002873054265,-84.30959229768791,0.0
848,Atlanta-Georgia,33.730626293498744,-84.5005713371346,0.0
849,Atlanta-Georgia,33.83058355488627,-84.52033381976784,0.0
850,Atlanta-Georgia,33.70404375066311,-84.53998094351493,0.0
851,Atlanta-Georgia,33.682251473386664,-84.3202901212329,0.0
852,Atlanta-Georgia,33.850409469330415,-84.4994657020299,0.0
853,Atlanta-Georgia,33.69713002936193,-84.41910899403383,0.0
854,Atlanta-Georgia,33.66831731573997,-84.46312281248355,0.0
855,Atlanta-Georgia,33.782476879929185,-84.4347678060867,0.0
856,Atlanta-Georgia,33.709942322241616,-84.31682603669904,0.0
857,Atlanta-Georgia,33.70449367737448,-84.49465808929743,0.0
858,Atlanta-Georgia,33.749859078317385,-84.32344793726281,0.0
859,Atlanta-Georgia,33.75671811288336,-84.48223162822197,0.0
860,Atlanta-Georgia,33.714964126417954,-84.3651902164409,0.0
861,Atlanta-Georgia,33.80200206297039,-84.31289647649281,0.0
862,Atlanta-Georgia,33.69547607261099,-84.4742733851258,0.0
863,Atlanta-Georgia,33.710559872790135,-84.45732947209652,0.0
864,Atlanta-Georgia,33.653537211439954,-84.42746296444938,0.0
865,Atlanta-Georgia,33.74571173599088,-84.44908511964488,0.0
866,Atlanta-Georgia,33.70861324815392,-84.35624481490224,0.0
867,Atlanta-Georgia,33.65894869431194,-84.32655126445488,0.0
868,Atlanta-Georgia,33.88227997461625,-84.4103378249579,0.0
869,Atlanta-Georgia,33.67276129690805,-84.51352538133865,0.0
870,Atlanta-Georgia,33.757947593982855,-84.35744995938457,0.0
871,Atlanta-Georgia,33.722735471061284,-84.53390607271407,0.0
872,Atlanta-Georgia,33.88252049119918,-84.35870487494472,0.0
873,Atlanta-Georgia,33.74555795557481,-84.38749685920632,0.0
874,Atlanta-Georgia,33.68318117793147,-84.46077547182274,0.0
875,Atlanta-Georgia,33.793229497358865,-84.30043364772195,0.0
876,Atlanta-Georgia,33.7781994547398,-84.48392889009845,0.0
877,Atlanta-Georgia,33.7008911663414,-84.31364749642972,0.0
878,Atlanta-Georgia,33.70445420774519,-84.35655205128347,0.0
879,Atlanta-Georgia,33.845660666714885,-84.47500977298766,0.0
880,Atlanta-Georgia,33.65084595003651,-84.32889023747326,0.0
881,Atlanta-Georgia,33.757852157152136,-84.39335870445566,0.0
882,Atlanta-Georgia,33.67392728708902,-84.37087627457602,0.0
883,Atlanta-Georgia,33.80951796467059,-84.30817799602869,0.0
884,Atlanta-Georgia,33.87441344024168,-84.40885022924188,0.0
885,Atlanta-Georgia,33.84736569086842,-84.55072741488054,0.0
886,Atlanta-Georgia,33.72042984732822,-84.52888179060552,0.0
887,Atlanta-Georgia,33.6783868196587,-84.34856883267625,0.0
888,Atlanta-Georgia,33.79724044820371,-84.32656342906196,0.0
889,Atlanta-Georgia,33.79317790342869,-84.49357981493192,0.0
890,Atlanta-Georgia,33.84397995158711,-84.36353887716444,0.0
891,Atlanta-Georgia,33.73264620150422,-84.43844866015256,0.0
892,Atlanta-Georgia,33.8671459916387,-84.42743638316702,0.0
893,Atlanta-Georgia,33.81309776074612,-84.52914272449557,0.0
894,Atlanta-Georgia,33.715602037288704,-84.30694219148613,0.0
895,Atlanta-Georgia,33.705627818460016,-84.54026430657835,0.0
896,Atlanta-Georgia,33.6773950224918,-84.35014267815845,0.0
897,Atlanta-Georgia,33.69647532098468,-84.42397984484973,0.0
898,Atlanta-Georgia,33.81947468007005,-84.49883196160518,0.0
899,Atlanta-Georgia,33.82105871589449,-84.31510571024047,0.0
900,Atlanta-Georgia,33.74509973739833,-84.52509871711912,0.0
901,Atlanta-Georgia,33.797530056313946,-84.38590861828172,0.0
902,Atlanta-Georgia,33.68069856774054,-84.30450451996096,0.0
903,Atlanta-Georgia,33.84234164509794,-84.29784830519853,0.0
904,Atlanta-Georgia,33.875507983608344,-84.32117933650053,0.0
905,Atlanta-Georgia,33.85573389430505,-84.40050102845038,0.0
906,Atlanta-Georgia,33.75453019747674,-84.54452433760756,0.0
907,Atlanta-Georgia,33.869556819259174,-84.47554444299023,0.0
908,Atlanta-Georgia,33.65939561538359,-84.54856448620504,0.0
909,Atlanta-Georgia,33.80760182498995,-84.54029292482129,0.0
910,Atlanta-Georgia,33.88492713072665,-84.41578480906901,0.0
911,Atlanta-Georgia,33.81620727865556,-84.418235292134,0.0
912,Atlanta-Georgia,33.836952844720614,-84.29857950225872,0.0
913,Atlanta-Georgia,33.70910974423812,-84.39059774901267,0.0
914,Atlanta-Georgia,33.74432534869688,-84.39743887353617,0.0
915,Atlanta-Georgia,33.7691792134794,-84.31117098237146,0.0
916,Atlanta-Georgia,33.83562019910482,-84.49944920602645,0.0
917,Atlanta-Georgia,33.75452267278858,-84.3000131557615,0.0
918,Atlanta-Georgia,33.879363341083824,-84.52898293777021,0.0
919,Atlanta-Georgia,33.86601367631224,-84.4883601619962,0.0
920,Atlanta-Georgia,33.88506955107378,-84.45573383866507,0.0
921,Atlanta-Georgia,33.653714843781835,-84.40024356750023,0.0
922,Atlanta-Georgia,33.827402879573796,-84.46903698374811,0.0
923,Atlanta-Georgia,33.806614513656854,-84.34733649907473,0.0
924,Atlanta-Georgia,33.78104484207119,-84.32586986017976,0.0
925,Atlanta-Georgia,33.74083867460862,-84.51052815925239,0.0
926,Atlanta-Georgia,33.84852422069998,-84.32206704233623,0.0
927,Atlanta-Georgia,33.87062816976854,-84.30132633472684,0.0
928,Atlanta-Georgia,33.83523814776729,-84.4685230216671,0.0
929,Atlanta-Georgia,33.87309291476413,-84.29836483866802,0.0
930,Atlanta-Georgia,33.67389350532028,-84.32963082158852,0.0
931,Atlanta-Georgia,33.792621256466646,-84.39718401606244,0.0
932,Atlanta-Georgia,33.6899355886067,-84.395280537939,0.0
933,Atlanta-Georgia,33.68181055519712,-84.35560961205636,0.0
934,Atlanta-Georgia,33.667684152050214,-84.29295878313646,0.0
935,Atlanta-Georgia,33.79046664046922,-84.33717664731293,0.0
936,Atlanta-Georgia,33.72225851290075,-84.40661848591854,0.0
937,Atlanta-Georgia,33.724197183415804,-84.35686521654306,0.0
938,Atlanta-Georgia,33.70906526006935,-84.49563520800518,0.0
939,Atlanta-Georgia,33.87571280460508,-84.52083366718315,0.0
940,Atlanta-Georgia,33.65523761256048,-84.37930560990276,0.0
941,Atlanta-Georgia,33.79198072884932,-84.52042720467301,0.0
942,Atlanta-Georgia,33.68296557124489,-84.41009269547153,0.0
943,Atlanta-Georgia,33.76320668752065,-84.38095806676371,0.0
944,Atlanta-Georgia,33.88271138747817,-84.42279449490925,0.0
945,Atlanta-Georgia,33.66430413242673,-84.40685355618956,0.0
946,Atlanta-Georgia,33.74948490563125,-84.44567136425232,0.0
947,Atlanta-Georgia,33.884995457679594,-84.38160269336764,0.0
948,Atlanta-Georgia,33.675253754303114,-84.47537637829281,0.0
949,Atlanta-Georgia,33.84582460663661,-84.33234043593417,0.0
950,Atlanta-Georgia,33.8525933851425,-84.539159612725,0.0
951,Atlanta-Georgia,33.79871998051156,-84.3330478587165,0.0
952,Atlanta-Georgia,33.669868732683824,-84.42609427328252,0.0
953,Atlanta-Georgia,33.76683230926278,-84.37134630921392,0.0
954,Atlanta-Georgia,33.791104205406135,-84.51868482634364,0.0
955,Atlanta-Georgia,33.66695136282922,-84.35751312525032,0.0
956,Atlanta-Georgia,33.834400198537175,-84.30640671493887,0.0
957,Atlanta-Georgia,33.796499135232224,-84.44213120589889,0.0
958,Atlanta-Georgia,33.8456408727309,-84.52348521445398,0.0
959,Atlanta-Georgia,33.661082409139446,-84.34154451373469,0.0
960,Atlanta-Georgia,33.75241370111223,-84.47181004248513,0.0
961,Atlanta-Georgia,33.77198858267503,-84.43980552135926,0.0
962,Atlanta-Georgia,33.88324235340851,-84.5102448163492,0.0
963,Atlanta-Georgia,33.712698454310186,-84.33201756781702,0.0
964,Atlanta-Georgia,33.88431163017193,-84.5216496768631,0.0
965,Atlanta-Georgia,33.765573502681534,-84.5050322086173,0.0
966,Atlanta-Georgia,33.79178539309513,-84.36808444514078,0.0
967,Atlanta-Georgia,33.69531795829592,-84.51795375486354,0.0
968,Atlanta-Georgia,33.70942527417536,-84.41689219542639,0.0
969,Atlanta-Georgia,33.876620217538,-84.30440019797055,0.0
970,Atlanta-Georgia,33.736543235532835,-84.31866396975822,0.0
971,Atlanta-Georgia,33.78447398017368,-84.3362086534782,0.0
972,Atlanta-Georgia,33.676664289060966,-84.53810234724263,0.0
973,Atlanta-Georgia,33.82434845972334,-84.33828275240415,0.0
974,Atlanta-Georgia,33.826102629493384,-84.39817249614006,0.0
975,Atlanta-Georgia,33.85739879912673,-84.38369416137459,0.0
976,Atlanta-Georgia,33.72387905051449,-84.34420566782319,0.0
977,Atlanta-Georgia,33.64938357932625,-84.38042197897366,0.0
978,Atlanta-Georgia,33.693347694650065,-84.4878127843537,0.0
979,Atlanta-Georgia,33.72468826011678,-84.52733450105917,0.0
980,Atlanta-Georgia,33.7309593559294,-84.4415647878968,0.0
981,Atlanta-Georgia,33.75615637572872,-84.35318185920917,0.0
982,Atlanta-Georgia,33.68818395456947,-84.53649933607774,0.0
983,Atlanta-Georgia,33.864715517778734,-84.50407127671272,0.0
984,Atlanta-Georgia,33.836728472446744,-84.4275211115816,0.0
985,Atlanta-Georgia,33.792323911502685,-84.3186456159162,0.0
986,Atlanta-Georgia,33.84617717193981,-84.45734007563202,0.0
987,Atlanta-Georgia,33.81034524423726,-84.30120740654509,0.0
988,Atlanta-Georgia,33.69096723634573,-84.49181154026427,0.0
989,Atlanta-Georgia,33.852736580861325,-84.38170179150981,0.0
990,Atlanta-Georgia,33.76629453393872,-84.46358419571175,0.0
991,Atlanta-Georgia,33.82876462017079,-84.42729201249279,0.0
992,Atlanta-Georgia,33.801228955189366,-84.40161340921465,0.0
993,Atlanta-Georgia,33.850248613229155,-84.44775010850886,0.0
994,Atlanta-Georgia,33.85754942876955,-84.31354909742045,0.0
995,Atlanta-Georgia,33.71675493826599,-84.37533132935194,0.0
996,Atlanta-Georgia,33.79909325217632,-84.39127851624947,0.0
997,Atlanta-Georgia,33.74741247005055,-84.33577993057538,0.0
998,Atlanta-Georgia,33.818045039808084,-84.44871700110407,0.0
999,Atlanta-Georgia,33.71543867816338,-84.54009054875998,0.0