4,14
5,15
6,17
7,16
8,18
9,15
10,26
11,16
12,15
13,17
14,16
15,19
16,16
17,15
18,17
19,15
20,18
21,17
22,16
23,18
24,17
25,19
26,15
27,15
28,13
29,19
30,18
31,18
32,13
33,11
34,12
35,14
36,17
37,16
38,16
39,15
40,14
41,17
42,16
43,16
44,15
45,14
46,17
47,16
48,16
49,15
50,14
51,17
52,16
53,16
54,14
55,26
56,22
57,12
58,12
59,11
60,14
61,12
62,12
63,12
64,11
65,14
66,12
67,12
68,12
69,11
70,14
71,12
72,12
73,12
74,11
75,15
76,11
77,10
78,10
79,11
80,15
81,15
82,12
83,12
84,11
85,15
86,17
87,16
88,18
89,14
90,15
91,17
92,16
93,18
94,13
95,13
96,13
97,14
98,14
99,13
100,12
101,12
102,15
103,15
104,15
105,15
106,15
107,15
108,15
109,15
110,14
111,13
112,17
113,18
114,10
115,13
116,15
117,15
118,17
119,15
120,14
121,11
122,13
123,13
124,15
125,15
126,19
127,20
128,15
129,15
130,13
131,14
132,14
133,14
134,14
135,14
136,14
137,14
138,14
139,14
140,14
141,14
142,14
143,17
144,15
145,14
146,14
147,13
148,13
149,12
150,12
151,12
152,12
153,13
154,12
155,12
156,12
157,12
158,13
159,12
160,12
161,12
162,15
163,18
164,19
165,17
166,13
167,14
168,11
169,12
170,12
171,14
172,14
173,14
174,13
175,11
176,12
177,13
178,17
179,15
180,11
181,13
182,14
183,14
184,13
185,13
186,12
187,14
188,13
189,13
190,16
191,15
192,14
193,13
194,13
195,13
196,14
197,15
198,14
199,12
200,14
201,17
202,20
203,16
204,12
205,13
206,13
207,17
208,19
209,16
210,13
211,11
212,15
213,12
214,18
215,18
216,16
217,14
218,12
219,13
220,15
221,14
222,14
223,16
224,14
225,15
226,13
227,13
228,15
229,14
230,15
231,13
232,13
233,15
234,15
235,16
236,14
237,13
238,12
239,11
240,12
241,11
242,12
243,12
244,11
245,12
246,11
247,12
248,12
249,14
250,14
251,16
252,13
253,12
254,13
255,15
256,14
257,14
258,12
259,11
260,12
261,13
262,16
263,14
264,14
265,11
266,13
267,13
268,15
269,16
270,14
271,11
272,12
273,13
274,15
275,12
276,13
277,14
278,13
279,15
280,13
281,14
282,16
283,12
284,14
285,15
286,14
287,16
288,13
289,13
290,15
291,17
292,21
293,18
294,13
295,12
296,13
297,16
298,14
299,16
300,17
301,11
302,15
303,15
304,15
305,15
306,15
307,12
308,13
309,12
310,14
311,17
312,19
313,16
314,15
315,15
316,14
317,14
318,14
319,14
320,15
321,14
322,14
323,14
324,14
325,18
326,17
327,12
328,10
329,10
330,12
331,13
332,10
333,10
334,10
335,12
336,14
337,14
338,18
339,18
340,15
341,14
342,12
343,11
344,13
345,14
346,15
347,13
348,11
349,11
350,13
351,16
352,14
353,14
354,12
355,11
356,13
357,13
358,18
359,18
360,13
361,11
362,12
363,13
364,16
365,13
366,11
367,11
368,13
369,12
370,16
371,12
372,14
373,15
374,14
375,10
376,18
377,18
378,13
379,11
380,13
381,13
382,14
383,20
384,22
385,16
386,14
387,14
388,20
389,19
390,13
391,13
392,15
393,14
394,11
395,17
396,16
397,14
398,14
399,14
400,18
401,15
402,13
403,12
404,13
405,12
406,15
407,13
408,13
409,15
410,15
411,14
412,13
413,13
414,15
415,23
416,17
417,10
418,10
419,9
420,9
421,11
422,10
423,10
424,9
425,9
426,9
427,10
428,10
429,13
430,15
431,12
432,12
433,11
434,13
435,14
436,13
437,9
438,10
439,13
440,10
441,12
442,19
443,17
444,11
445,12
446,19
447,21
448,15
449,14
450,12
451,11
452,12
453,13
454,14
455,13
456,11
457,14
458,11
459,13
460,18
461,16
462,13
463,14
464,16
465,11
466,15
467,21
468,19
469,13
470,14
471,12
472,13
473,20
474,18
475,18
476,24
477,19
478,15
479,11
480,11
481,12
482,9
483,12
484,12
485,11
486,12
487,11
488,12
489,11
490,14
491,15
492,12
493,12
494,13
495,13
496,13
497,15
498,13
499,13
500,12
501,13
502,12
503,13
504,17
505,19
506,15
507,11
508,10
509,10
510,10
511,12
512,11
513,11
514,14
515,14
516,14
517,12
518,12
519,13
520,13
521,10
522,12
523,11
524,9
525,11
526,9
527,10
528,11
529,9
530,11
531,9
532,10
533,14
534,21
535,14
536,14
537,14
538,16
539,9
540,11
541,11
542,14
543,17
544,12
545,11
546,13
547,13
548,14
549,12
550,16
551,15
552,13
553,15
554,13
555,11
556,13
557,13
558,17
559,18
560,15
561,15
562,19
563,18
564,18
565,16
566,22
567,12
568,13
569,11
570,12
571,12
572,11
573,13
574,11
575,12
576,12
577,10
578,13
579,10
580,15
581,13
582,12
583,15
584,13
585,20
586,19
587,15
588,14
589,12
590,14
591,13
592,13
593,14
594,14
595,12
596,12
597,11
598,10
599,10
600,10
601,11
602,11
603,12
604,17
605,18
606,18
607,12
608,11
609,11
610,12
611,10
612,11
613,12
614,10
615,12
616,11
617,11
618,12
619,10
620,12
621,11
622,11
623,11
624,13
625,12
626,11
627,14
628,15
629,15
630,14
631,17
632,15
633,15
634,12
635,13
636,13
637,15
638,13
639,10
640,16
641,14
642,11
643,17
644,16
645,13
646,14
647,13
648,14
649,16
650,16
651,16
652,19
653,17
654,20
655,13
656,13
657,11
658,12
659,10
660,10
661,10
662,11
663,11
664,10
665,10
666,10
667,12
668,11
669,10
670,11
671,13
672,13
673,11
674,14
675,16
676,13
677,11
678,12
679,12
680,14
681,15
682,15
683,14
684,15
685,19
686,18
687,13
688,9
689,9
690,11
691,10
692,10
693,10
694,9
695,12
696,15
697,12
698,10
699,10
700,9
701,10
702,11
703,9
704,10
705,9
706,10
707,11
708,9
709,10
710,9
711,10
712,11
713,10
714,10
715,14
716,15
717,15
718,15
719,16
720,13
721,13
722,16
723,14
724,14
725,13
726,19
727,18
728,14
729,11
730,16
731,13
732,15
733,19
734,21
735,20
736,14
737,13
738,15
739,18
740,16
741,16
742,15
743,19
744,21
745,17
746,12
747,15
748,12
749,12
750,11
751,12
752,13
753,12
754,11
755,11
756,12
757,13
758,12
759,11
760,11
761,12
762,12
763,10
764,12
765,13
766,11
767,13
768,12
769,12
770,12
771,12
772,13
773,13
774,14
775,16
776,12
777,9
778,11
779,11
780,11
781,13
782,13
783,14
784,12
785,13
786,13
787,11
788,9
789,11
790,11
791,9
792,9
793,9
794,11
795,11
796,9
797,9
798,9
799,11
800,10
801,9
802,9
803,9
804,12
805,11
806,19
807,17
808,15
809,13
810,13
811,14
812,16
813,11
814,13
815,16
816,14
817,12
818,12
819,11
820,19
821,14
822,13
823,13
824,12
825,14
826,16
827,15
828,16
829,20
830,17
831,17
832,17
833,15
834,16
835,10
836,12
837,13
838,11
839,11
840,10
841,10
842,11
843,10
844,11
845,10
846,10
847,11
848,10
849,11
850,10
851,10
852,11
853,10
854,13
855,12
856,12
857,13
858,20
859,17
860,16
861,15
862,14
863,16
864,14
865,16
866,12
867,10
868,13
869,10
870,12
871,17
872,20
873,15
874,12
875,12
876,11
877,9
878,9
879,10
880,10
881,11
882,10
883,9
884,11
885,10
886,11
887,10
888,9
889,11
890,11
891,11
892,10
893,10
894,14
895,13
896,13
897,10
898,12
899,15
900,12
901,13
902,15
903,13
904,14
905,12
906,11
907,10
908,10
909,13
910,19
911,16
912,12
913,11
914,13
915,16
916,16
917,16
918,18
919,17
920,17
921,16
922,20
923,19
924,15
925,15
926,13
927,14
928,13
929,14
930,14
931,13
932,14
933,13
934,14
935,14
936,13
937,14
938,14
939,14
940,15
941,13
942,14
943,13
944,14
945,16
946,11
947,17
948,18
949,13
950,12
951,12
952,14
953,15
954,15
955,23
956,17
957,14
958,11
959,7
960,9
961,9
962,12
963,17
964,12
965,11
966,13
967,13
968,13
969,13
970,11
971,13
972,13
973,13
974,13
975,11
976,13
977,13
978,13
979,13
980,11
981,13
982,13
983,13
984,14
985,12
986,14
987,9
988,17
989,16
990,12
991,13
992,13
993,13
994,15
995,15
996,12
997,14
998,16
999,21
1000,27
1001,23
1002,17
1003,14
1004,14
1005,13
1006,16
1007,15
1008,18
1009,16
1010,13
1011,16
1012,18
1013,15
1014,16
1015,15
1016,15
1017,15
1018,15
1019,16
1020,15
1021,15
1022,16
1023,15
1024,15
1025,15
1026,14
1027,16
1028,15
1029,15
1030,15
1031,13
1032,16
1033,15
1034,15
1035,15
1036,10
1037,16
1038,18
1039,14
1040,17
1041,14
1042,19
1043,21
1044,18
1045,17
1046,17
1047,15
1048,16
1049,17
1050,16
1051,15
1052,17
1053,15
1054,12
1055,12
1056,14
1057,13
1058,14
1059,12
1060,13
1061,14
1062,14
1063,14
1064,12
1065,13
1066,14
1067,14
1068,14
1069,12
1070,13
1071,14
1072,14
1073,14
1074,12
1075,13
1076,14
1077,14
1078,17
1079,15
1080,15
1081,12
1082,14
1083,14
1084,15
1085,15
1086,13
1087,14
1088,13
1089,15
1090,14
1091,15
1092,12
1093,12
1094,11
1095,13
1096,13
1097,13
1098,13
1099,15
1100,14
1101,13
1102,18
1103,20
1104,20
1105,20
1106,19
1107,22
1108,21
1109,21
1110,21
1111,20
1112,21
1113,20
1114,20
1115,20
1116,19
1117,21
1118,20
1119,20
1120,20
1121,19
1122,21
1123,20
1124,20
1125,21
1126,18
1127,20
1128,16
1129,14
1130,16
1131,20
1132,19
1133,19
1134,20
1135,21
1136,19
1137,19
1138,17
1139,18
1140,16
1141,15
1142,14
1143,16
1144,18
1145,18
1146,21
1147,19
1148,21
1149,20
1150,19
1151,21
1152,19
1153,20
1154,20
1155,19
1156,21
1157,19
1158,20
1159,20
1160,19
1161,21
1162,19
1163,20
1164,20
1165,19
1166,21
1167,19
1168,26
1169,13
1170,16
1171,15
1172,16
1173,14
1174,13
1175,14
1176,12
1177,12
1178,13
1179,12
1180,17
1181,15
1182,12
1183,12
1184,13
1185,11
1186,14
1187,12
1188,12
1189,12
1190,11
1191,14
1192,13
1193,22
1194,20
1195,16
1196,21
1197,17
1198,17
1199,16
1200,17
1201,22
1202,16
1203,16
1204,15
1205,16
1206,21
1207,16
1208,16
1209,15
1210,16
1211,21
1212,16
1213,16
1214,15
1215,16
1216,19
1217,16
1218,16
1219,14
1220,18
1221,16
1222,14
1223,13
1224,13
1225,16
1226,14
1227,10
1228,11
1229,14
1230,13
1231,14
1232,12
1233,12
1234,15
1235,18
1236,16
1237,17
1238,15
1239,15
1240,19
1241,16
1242,17
1243,15
1244,15
1245,19
1246,16
1247,17
1248,15
1249,15
1250,19
1251,16
1252,17
1253,15
1254,15
1255,19
1256,16
1257,16
1258,20
1259,13
1260,15
1261,13
1262,14
1263,14
1264,16
1265,12
1266,16
1267,16
1268,15
1269,14
1270,21
1271,15
1272,14
1273,14
1274,17
1275,14
1276,9
1277,11
1278,13
1279,13
1280,14
1281,12
1282,11
1283,15
1284,10
1285,22
1286,17
1287,20
1288,18
1289,18
1290,20
1291,18
1292,19
1293,17
1294,17
1295,19
1296,17
1297,19
1298,17
1299,17
1300,19
1301,17
1302,19
1303,17
1304,17
1305,19
1306,17
1307,18
1308,12
1309,14
1310,13
1311,14
1312,12
1313,15
1314,15
1315,15
1316,16
1317,15
1318,14
1319,12
1320,12
1321,14
1322,12
1323,13
1324,15
1325,15
1326,18
1327,15
1328,16
1329,15
1330,15
1331,18
1332,15
1333,16
1334,15
1335,15
1336,18
1337,15
1338,16
1339,15
1340,15
1341,18
1342,15
1343,16
1344,15
1345,15
1346,15
1347,13
1348,15
1349,16
1350,14
1351,14
1352,15
1353,15
1354,13
1355,14
1356,15
1357,18
1358,18
1359,13
1360,18
1361,14
1362,14
1363,18
1364,16
1365,13
1366,13
1367,10
1368,12
1369,13
1370,13
1371,15
1372,13
1373,13
1374,13
1375,15
1376,12
1377,15
1378,11
1379,11
1380,11
1381,10
1382,12
1383,10
1384,10
1385,11
1386,10
1387,12
1388,10
1389,10
1390,11
1391,10
1392,12
1393,10
1394,10
1395,11
1396,10
1397,12
1398,10
1399,12
1400,12
1401,12
1402,16
1403,14
1404,17
1405,25
1406,25
1407,18
1408,16
1409,11
1410,9
1411,12
1412,10
1413,10
1414,10
1415,10
1416,13
1417,10
1418,10
1419,10
1420,10
1421,13
1422,10
1423,10
1424,10
1425,10
1426,13
1427,10
1428,10
1429,10
1430,10
1431,13
1432,10
1433,10
1434,11
1435,11
1436,14
1437,14
1438,13
1439,13
1440,15
1441,13
1442,15
1443,13
1444,13
1445,12
1446,12
1447,15
1448,17
1449,11
1450,11
1451,9
1452,12
1453,15
1454,12
1455,12
1456,9
1457,12
1458,13
1459,11
1460,11
1461,12
1462,13
1463,13
1464,11
1465,19
1466,14
1467,17
1468,14
1469,15
1470,12
1471,10
1472,13
1473,13
1474,14
1475,12
1476,10
1477,13
1478,13
1479,14
1480,12
1481,10
1482,13
1483,13
1484,14
1485,12
1486,10
1487,13
1488,13
1489,14
1490,14
1491,12
1492,12
1493,19
1494,18
1495,14
1496,17
1497,18
1498,19
1499,11
1500,11
1501,11
1502,10
1503,10
1504,13
1505,11
1506,11
1507,10
1508,10
1509,13
1510,11
1511,11
1512,10
1513,10
1514,13
1515,11
1516,11
1517,10
1518,10
1519,13
1520,11
1521,11
1522,10
1523,10
1524,15
1525,16
1526,16
1527,13
1528,15
1529,16
1530,14
1531,14
1532,13
1533,13
1534,16
1535,16
1536,14
1537,19
1538,15
1539,12
1540,12
1541,12
1542,12
1543,15
1544,14
1545,15
1546,16
1547,14
1548,10
1549,13
1550,13
1551,12
1552,12
1553,14
1554,13
1555,15
1556,11
1557,18
1558,14
1559,15
1560,16
1561,13
1562,13
1563,13
1564,14
1565,16
1566,13
1567,13
1568,13
1569,14
1570,16
1571,13
1572,13
1573,13
1574,14
1575,16
1576,13
1577,13
1578,14
1579,14
1580,17
1581,12
1582,13
1583,16
1584,12
1585,14
1586,14
1587,19
1588,15
1589,11
1590,13
1591,13
1592,12
1593,12
1594,12
1595,10
1596,13
1597,11
1598,11
1599,12
1600,10
1601,13
1602,11
1603,11
1604,12
1605,10
1606,12
1607,11
1608,11
1609,12
1610,10
1611,12
1612,11
1613,11
1614,8
1615,15
1616,14
1617,16
1618,16
1619,14
1620,14
1621,14
1622,15
1623,12
1624,15
1625,19
1626,13
1627,14
1628,14
1629,15
1630,16
1631,12
1632,14
1633,12
1634,13
1635,13
1636,19
1637,16
1638,12
1639,10
1640,12
1641,15
1642,14
1643,11
1644,13
1645,12
1646,16
1647,16
1648,14
1649,19
1650,17
1651,14
1652,21
1653,14
1654,20
1655,16
1656,14
1657,21
1658,14
1659,16
1660,14
1661,14
1662,17
1663,14
1664,16
1665,14
1666,14
1667,17
1668,16
1669,16
1670,14
1671,14
1672,16
1673,19
1674,14
1675,14
1676,12
1677,17
1678,17
1679,14
1680,13
1681,13
1682,12
1683,12
1684,14
1685,13
1686,13
1687,12
1688,10
1689,14
1690,13
1691,13
1692,12
1693,10
1694,20
1695,13
1696,17
1697,16
1698,11
1699,20
1700,13
1701,17
1702,15
1703,13
1704,11
1705,15
1706,13
1707,15
1708,13
1709,13
1710,14
1711,12
1712,14
1713,17
1714,14
1715,16
1716,13
1717,10
1718,14
1719,13
1720,15
1721,13
1722,12
1723,14
1724,9
1725,15
1726,12
1727,11
1728,13
1729,10
1730,11
1731,14
1732,13
1733,13
1734,11
1735,11
1736,14
1737,16
1738,15
1739,20
1740,12
1741,10
1742,12
1743,13
1744,14
1745,14
1746,9
1747,13
1748,11
1749,14
1750,13
1751,9
1752,13
1753,11
1754,14
1755,13
1756,9
1757,13
1758,11
1759,14
1760,13
1761,9
1762,12
1763,16
1764,13
1765,14
1766,13
1767,14
1768,14
1769,10
1770,10
1771,14
1772,11
1773,11
1774,10
1775,10
1776,14
1777,11
1778,11
1779,10
1780,10
1781,14
1782,11
1783,11
1784,14
1785,9
1786,16
1787,11
1788,11
1789,12
1790,10
1791,17
1792,17
1793,17
1794,16
1795,14
1796,14
1797,13
1798,15
1799,16
1800,14
1801,12
1802,11
1803,13
1804,15
1805,17
1806,17
1807,15
1808,13
1809,13
1810,15
1811,16
1812,13
1813,13
1814,14
1815,15
1816,16
1817,14
1818,14
1819,16
1820,15
1821,12
1822,12
1823,14
1824,13
1825,13
1826,12
1827,13
1828,15
1829,15
1830,12
1831,10
1832,12
1833,11
1834,10
1835,10
1836,10
1837,10
1838,11
1839,9
1840,10
1841,10
1842,10
1843,13
1844,9
1845,12
1846,10
1847,10
1848,11
1849,9
1850,11
1851,8
1852,15
1853,17
1854,13
1855,13
1856,11
1857,15
1858,17
1859,11
1860,12
1861,11
1862,10
1863,11
1864,11
1865,12
1866,11
1867,10
1868,11
1869,11
1870,12
1871,11
1872,10
1873,11
1874,11
1875,12
1876,11
1877,10
1878,11
1879,13
1880,12
1881,12
1882,9
1883,19
1884,15
1885,13
1886,14
1887,14
1888,15
1889,15
1890,13
1891,16
1892,16
1893,16
1894,13
1895,17
1896,16
1897,14
1898,15
1899,15
1900,15
1901,12
1902,14
1903,13
1904,12
1905,14
1906,15
1907,14
1908,13
1909,19
1910,17
1911,12
1912,10
1913,12
1914,16
1915,13
1916,13
1917,13
1918,13
1919,18
1920,14
1921,11
1922,12
1923,10
1924,10
1925,9
1926,9
1927,10
1928,9
1929,10
1930,9
1931,9
1932,10
1933,9
1934,10
1935,9
1936,9
1937,10
1938,9
1939,10
1940,10
1941,11
1942,14
1943,23
1944,17
1945,17
1946,17
1947,20
1948,16
1949,12
1950,14
1951,13
1952,10
1953,11
1954,12
1955,12
1956,13
1957,11
1958,11
1959,13
1960,12
1961,12
1962,11
1963,10
1964,12
1965,13
1966,12
1967,11
1968,11
1969,15
1970,14
1971,16
1972,17
1973,15
1974,15
1975,13
1976,13
1977,15
1978,13
1979,14
1980,15
1981,16
1982,19
1983,14
1984,11
1985,14
1986,13
1987,14
1988,15
1989,13
1990,14
1991,13
1992,13
1993,14
1994,13
1995,12
1996,11
1997,11
1998,16
1999,15
2000,11
2001,12
2002,10
2003,11
2004,13
2005,12
2006,12
2007,11
2008,11
2009,17
2010,16
2011,12
2012,14
2013,11
2014,11
2015,10
2016,11
2017,12
2018,11
2019,11
2020,10
2021,11
2022,12
2023,11
2024,11
2025,10
2026,11
2027,12
2028,10
2029,10
2030,12
2031,11
2032,12
2033,21
2034,20
2035,20
2036,17
2037,19
2038,15
2039,12
2040,13
2041,13
2042,11
2043,10
2044,11
2045,11
2046,10
2047,10
2048,10
2049,11
2050,11
2051,10
2052,10
2053,10
2054,11
2055,10
2056,10
2057,11
2058,11
2059,12
2060,10
2061,18
2062,17
2063,15
2064,14
2065,14
2066,15
2067,16
2068,13
2069,14
2070,13
2071,12
2072,16
2073,15
2074,12
2075,13
2076,14
2077,15
2078,13
2079,14
2080,17
2081,15
2082,14
2083,12
2084,14
2085,12
2086,12
2087,15
2088,15
2089,15
2090,14
2091,15
2092,16
2093,14
2094,12
2095,11
2096,13
2097,15
2098,12
2099,16
2100,13
2101,13
2102,10
2103,10
2104,10
2105,9
2106,9
2107,10
2108,9
2109,10
2110,9
2111,9
2112,11
2113,9
2114,10
2115,9
2116,9
2117,11
2118,8
2119,15
2120,14
2121,12
2122,14
2123,14
2124,12
2125,8
2126,8
2127,13
2128,13
2129,12
2130,12
2131,18
2132,14
2133,7
2134,11
2135,10
2136,11
2137,12
2138,10
2139,11
2140,10
2141,11
2142,12
2143,10
2144,11
2145,10
2146,10
2147,12
2148,11
2149,12
2150,18
2151,15
2152,15
2153,16
2154,16
2155,14
2156,13
2157,13
2158,17
2159,17
2160,16
2161,15
2162,19
2163,18
2164,14
2165,14
2166,16
2167,14
2168,16
2169,14
2170,17
2171,14
2172,13
2173,15
2174,12
2175,15
2176,14
2177,13
2178,14
2179,15
2180,14
2181,13
2182,18
2183,17
2184,15
2185,13
2186,10
2187,15
2188,14
2189,14
2190,13
2191,19
2192,10
2193,11
2194,10
2195,11
2196,11
2197,10
2198,12
2199,10
2200,11
2201,11
2202,9
2203,12
2204,9
2205,11
2206,11
2207,11
2208,12
2209,13
2210,14
2211,8
2212,12
2213,11
2214,13
2215,16
2216,13
2217,11
2218,12
2219,13
2220,15
2221,17
2222,12
2223,11
2224,14
2225,13
2226,12
2227,12
2228,13
2229,11
2230,13
2231,12
2232,12
2233,13
2234,11
2235,12
2236,12
2237,12
2238,12
2239,10
2240,16
2241,15
2242,14
2243,14
2244,15
2245,12
2246,15
2247,19
2248,16
2249,17
2250,13
2251,13
2252,17
2253,16
2254,15
2255,15
2256,13
2257,16
2258,13
2259,15
2260,21
2261,15
2262,13
2263,12
2264,14
2265,12
2266,14
2267,13
2268,12
2269,14
2270,13
2271,14
2272,19
2273,13
2274,14
2275,15
2276,18
2277,16
2278,15
2279,14
2280,14
2281,14
2282,19
2283,12
2284,9
2285,10
2286,11
2287,9
2288,11
2289,9
2290,10
2291,11
2292,9
2293,11
2294,12
2295,13
2296,14
2297,11
2298,12
2299,13
2300,14
2301,14
2302,12
2303,9
2304,10
2305,13
2306,13
2307,14
2308,15
2309,17
2310,17
2311,17
2312,15
2313,12
2314,13
2315,18
2316,14
2317,9
2318,12
2319,11
2320,12
2321,12
2322,12
2323,13
2324,11
2325,12
2326,12
2327,12
2328,13
2329,18
2330,15
2331,15
2332,14
2333,18
2334,16
2335,20
2336,17
2337,15
2338,13
2339,16
2340,10
2341,13
2342,16
2343,13
2344,14
2345,14
2346,16
2347,13
2348,14
2349,14
2350,16
2351,12
2352,15
2353,15
2354,12
2355,15
2356,12
2357,15
2358,15
2359,12
2360,12
2361,16
2362,16
2363,15
2364,13
2365,15
2366,14
2367,15
2368,14
2369,11
2370,12
2371,13
2372,14
2373,17
2374,21
2375,18
2376,13
2377,13
2378,12
2379,13
2380,15
2381,16
2382,11
2383,12
2384,10
2385,20
2386,13
2387,12
2388,13
2389,15
2390,14
2391,14
2392,11
2393,10
2394,10
2395,13
2396,11
2397,13
2398,11
2399,10
2400,12
2401,14
2402,11
2403,12
2404,11
2405,17
2406,14
2407,9
2408,11
2409,14
2410,16
2411,17
2412,13
2413,12
2414,15
2415,18
2416,18
2417,19
2418,15
2419,14
2420,15
2421,15
2422,18
2423,15
2424,17
2425,16
2426,13
2427,14
2428,17
2429,20
2430,15
2431,13
2432,13
2433,14
2434,17
2435,15
2436,15
2437,16
2438,14
2439,17
2440,12
2441,14
2442,16
2443,11
2444,14
2445,14
2446,14
2447,16
2448,11
2449,14
2450,14
2451,14
2452,15
2453,14
2454,13
2455,13
2456,17
2457,16
2458,13
2459,14
2460,13
2461,16
2462,14
2463,17
2464,15
2465,13
2466,12
2467,12
2468,12
2469,16
2470,14
2471,14
2472,11
2473,12
2474,13
2475,15
2476,14
2477,14
2478,12
2479,11
2480,11
2481,11
2482,11
2483,10
2484,12
2485,15
2486,16
2487,13
2488,12
2489,12
2490,14
2491,12
2492,13
2493,17
2494,18
2495,14
2496,15
2497,14
2498,11
2499,13
2500,15
2501,17
2502,15
2503,12
2504,11
2505,12
2506,16
2507,17
2508,16
2509,16
2510,15
2511,15
2512,14
2513,13
2514,15
2515,16
2516,13
2517,14
2518,17
2519,17
2520,14
2521,15
2522,16
2523,14
2524,15
2525,16
2526,13
2527,16
2528,15
2529,15
2530,21
2531,14
2532,13
2533,14
2534,14
2535,13
2536,14
2537,13
2538,14
2539,14
2540,13
2541,14
2542,13
2543,14
2544,12
2545,11
2546,17
2547,15
2548,15
2549,13
2550,15
2551,15
2552,15
2553,17
2554,14
2555,13
2556,11
2557,14
2558,11
2559,16
2560,15
2561,12
2562,12
2563,12
2564,14
2565,14
2566,12
2567,14
2568,14
2569,11
2570,11
2571,10
2572,9
2573,12
2574,12
2575,12
2576,13
2577,14
2578,15
2579,13
2580,14
2581,13
2582,15
2583,15
2584,16
2585,15
2586,18
2587,17
2588,13
2589,12
2590,12
2591,15
2592,16
2593,12
2594,12
2595,13
2596,12
2597,15
2598,14
2599,17
2600,15
2601,14
2602,15
2603,14
2604,18
2605,15
2606,13
2607,14
2608,15
2609,15
2610,16
2611,13
2612,16
2613,15
2614,14
2615,15
2616,15
2617,17
2618,15
2619,14
2620,13
2621,16
2622,15
2623,16
2624,15
2625,15
2626,15
2627,15
2628,16
2629,15
2630,15
2631,15
2632,15
2633,16
2634,15
2635,15
2636,15
2637,16
2638,15
2639,13
2640,14
2641,16
2642,16
2643,17
2644,12
2645,12
2646,11
2647,14
2648,14
2649,14
2650,14
2651,14
2652,10
2653,10
2654,10
2655,11
2656,11
2657,13
2658,11
2659,11
2660,11
2661,11
2662,13
2663,12
2664,13
2665,19
2666,15
2667,15
2668,14
2669,14
2670,14
2671,14
2672,14
2673,14
2674,14
2675,12
2676,11
2677,11
2678,11
2679,16
2680,18
2681,16
2682,14
2683,13
2684,13
2685,13
2686,12
2687,16
2688,14
2689,16
2690,15
2691,14
2692,15
2693,17
2694,17
2695,14
2696,15
2697,17
2698,15
2699,14
2700,15
2701,15
2702,17
2703,15