0,1.0400962037588495
1,1.041026532506609
2,1.0233250058112016
3,1.024004249195951
4,1.0262399183647202
5,1.0273309695337824
6,1.043346129579453
7,1.0270040600749195
8,1.0247176536058802
9,1.0404748085024977
10,1.0297889674303198
11,1.0252162512853502
12,1.0261889595742149
13,1.0247437460184252
14,1.0382972158720656
15,1.0446324922848895
16,1.0540421045096962
17,1.0345823449194218
18,1.0338526909354704
19,1.015887181717481
20,1.0262334932252846
21,1.0313460977650568
22,1.1626826494647464
23,1.1740428426566027
24,1.179384644454164
25,1.155315867005592
26,1.1605370870048666
27,1.2513960899239258
28,1.1418041203523173
29,1.1461138422241943
30,1.1289590595781234
31,1.133106724661936
32,1.2088437747986298
33,1.1192686148044004
34,1.122885202964222
35,1.1099647552999061
36,1.1133669927941299
37,1.1782354551538312
38,1.102698749007714
39,1.105748448786892
40,1.0956260671097304
41,1.0984812000000541
42,1.1551612113957606
43,1.0901347896326852
44,1.0925848248473868
45,1.084418177994331
46,1.0868593658239505
47,1.137144086304773
48,1.0801863275732944
49,1.0821584034652292
50,1.0754227862568246
51,1.0775551903836034
52,1.1214468513334037
53,1.068054448863138
54,1.1211406682800438
55,1.0754787407963728
56,1.1327555468800925
57,1.0803673810649561
58,1.0796553839576635
59,1.1372175873442885
60,1.0846499024218534
61,1.149016117882624
62,1.0906195051600494
63,1.0897275363147947
64,1.1552401789199602
65,1.0960731803813186
66,1.1695281836602152
67,1.1036756116914825
68,1.1024297352655497
69,1.178319110508655
70,1.1106942561610222
71,1.1962098092637181
72,1.1206684129326874
73,1.1189466253963714
74,1.2089292224582584
75,1.1300745187573793
76,1.2323370390567352
77,1.1436942851411152
78,1.1413004902787887
79,1.2514759590386637
80,1.156989496319605
81,1.2840047709642943
82,1.1766601736766726
83,1.1732496918499835
84,1.128565710846134
85,1.0279771809765645
86,1.025829192497354
87,1.0270550062164838
88,1.0300282032892836
89,1.0472734376279766
90,1.0198005360704057
91,1.0255597876715052
92,1.0226624700603892
93,1.021797357859237
94,1.0107837885063897
95,1.0130995792553439
96,1.01390101262629
97,1.0138047477187178
98,1.0166953141254054
99,1.015641401450656
100,1.012040822181138
101,1.0119170933598445
102,1.0132020697890174
103,1.020142879628556
104,1.023083589408713
105,1.0164281390484753
106,1.0193298719222665
107,1.0123034162400464
108,1.0139426153603148
109,1.0147790330355946
110,1.0363587118722928
111,1.045205839211241
112,1.0582118246460868
113,1.0839678539325508
114,1.0980217503787086
115,1.109456174992139
116,1.172133945782868
117,1.1783359923364891
118,1.276028374178746
119,1.274317550371755
120,1.1624181658670185
121,1.245358460233874
122,1.1445090531878945
123,1.2221857567192376
124,1.2205993051379935
125,1.1340608896449629
126,1.2012025365686534
127,1.1212623570389288
128,1.1852474018834147
129,1.1837174347900827
130,1.1139352973706809
131,1.1699075338473857
132,1.1043171010651585
133,1.1583549617608515
134,1.156852343476722
135,1.0989236434306755
136,1.1465938058814515
137,1.0914268911037248
138,1.13791812897692
139,1.1364305496627836
140,1.087305739059672
141,1.1089870434222062
142,1.0580504398392745
143,1.017215389867196
144,1.083831512581113
145,1.0839618315048343
146,1.0874421994349657
147,1.0898256174132455
148,1.0965625454776116
149,1.1475424804844472
150,1.0965954823679356
151,1.099313801850293
152,1.1040924276248303
153,1.1103285306863317
154,1.1716555013014518
155,1.112896802490319
156,1.1146623353259262
157,1.1228197295134845
158,1.1283853471701406
159,1.2039517126403156
160,1.1347343520426696
161,1.1352535293605694
162,1.1484870410904948
163,1.1531036078068515
164,1.2495228460997667
165,1.1655053642205755
166,1.1642937246309262
167,1.1858405812395718
168,1.1890041518072074
169,1.1796265531894568
170,1.1443314367414774
171,1.1073111780081661
172,1.0875728839806615
173,1.0635723419292116
174,1.053179231205795
175,1.0425725694998094
176,1.017504170364825
177,1.0141256717729787
178,1.0123397174818336
179,1.0214770252783036
180,1.0118537920647233
181,1.0155284591171259
182,1.0124195089681371
183,1.0112635152917282
184,1.010308078741593
185,1.009399454098276
186,1.0043859933219808
187,1.0097000292657448
188,1.0118225597818864
189,1.0044729251645053
190,1.0101342419603099
191,1.0093751399630697
192,1.003850883145332
193,1.013363819960168
194,1.0044271977189487
195,1.0129000758961624
196,1.0148078494767092
197,1.0106787332079974
198,1.0112718846297382
199,1.022500167746701
200,1.0280007515142042
201,1.0369728799633267
202,1.0238691360985452
203,1.0255454381002926
204,1.0098004301385755
205,1.0138406542474647
206,1.0199261516389349
207,1.0524574181160429
208,1.0644247980193269
209,1.0768441752762261
210,1.1843465195759992
211,1.189324207500973
212,1.1586923544603
213,1.1639764490624063
214,1.1689199600410458
215,1.1431965322477127
216,1.1473310706789746
217,1.1269444784868858
218,1.1303559262869867
219,1.1346595613704582
220,1.1163049890919463
221,1.119512917514441
222,1.1051071293776507
223,1.107400665335242
224,1.110944135857372
225,1.0973786321714938
226,1.0997570675902908
227,1.0891977265494912
228,1.090789504396068
229,1.0935522788720509
230,1.083280501195446
231,1.0850348111463708
232,1.0703857297460233
233,1.0669274220031433
234,1.086818672480307
235,1.0811368978510099
236,1.0783815123334943
237,1.0938744006778345
238,1.087224112375594
239,1.1021041774237696
240,1.0956562620592663
241,1.0925647785742758
242,1.1108038271048861
243,1.1037436312701823
244,1.1224722885938336
245,1.1150789196011028
246,1.111705939649928
247,1.1338959523274226
248,1.126435607806908
249,1.150963667583353
250,1.142907415243209
251,1.138728624352838
252,1.1672644569576303
253,1.159438239028521
254,1.1936476585829496
255,1.1848902118003732
256,1.1795283830299281
257,1.0687339344412408
258,1.0571805384745814
259,1.0193271926046288
260,1.017439202098663
261,1.0125682410644052
262,1.0207544486940354
263,1.0222774970908302
264,1.0368819564073992
265,1.0236874769940234
266,1.0232414674640578
267,1.0107462728465961
268,1.0103283550772246
269,1.0043470037287494
270,1.017551659646267
271,1.0195128954405728
272,1.019282822261326
273,1.0167728195062162
274,1.0111717905566358
275,1.0106312351408897
276,1.0123756228344667
277,1.0144588311884735
278,1.0174592614641913
279,1.0128408443901102
280,1.010706874713745
281,1.0125008050713191
282,1.0189033167344086
283,1.0165974317293633
284,1.0178875244857377
285,1.0143325541106127
286,1.0117288632880492
287,1.014397191530727
288,1.0120038201190689
289,1.0179790910339637
290,1.0192610888543434
291,1.022067814006575
292,1.0232527684946495
293,1.0114472800616177
294,1.0165058431894005
295,1.0180415107030345
296,1.0367623826735128
297,1.0486800744948714
298,1.076365409373021
299,1.0997076449175827
300,1.185976044352481
301,1.18953542426269
302,1.1967167230238156
303,1.3071626086765868
304,1.1689950614698446
305,1.2746363754308792
306,1.2682749699931197
307,1.1538372182200058
308,1.242460593093828
309,1.1350321418407714
310,1.221646581402798
311,1.2171030802849299
312,1.125717688336112
313,1.199810108757257
314,1.1118637769745088
315,1.185366111849663
316,1.1818893023638184
317,1.1066658102643314
318,1.169611641811893
319,1.0950851526026044
320,1.143111354985073
321,1.1342920193818204
322,1.0925351298323032
323,1.0256038747387732
324,1.0392662546959843
325,1.1037119671253672
326,1.0991516224243918
327,1.0384733407547677
328,1.1125119801650272
329,1.045863098847175
330,1.1211647576623676
331,1.115329262186996
332,1.0462543454248303
333,1.1329509658372976
334,1.055262969772121
335,1.1450727455278318
336,1.1374955859479756
337,1.0576563180420262
338,1.1617294653241328
339,1.068531534720843
340,1.1798294529330722
341,1.170694835711413
342,1.0742917218455672
343,1.2052585678689594
344,1.1671386871271276
345,1.1211686387900195
346,1.1052937160842606
347,1.0876016303991956
348,1.06101134157485
349,1.0458766760926186
350,1.0333399722682959
351,1.016357418839763
352,1.012252589997321
353,1.0214541131410866
354,1.0160555321828884
355,1.0121442304014825
356,1.0162263592654404
357,1.014799705699607
358,1.014650310372178
359,1.0131485662173958
360,1.0257686588530757
361,1.0207400856407813
362,1.0269965306820419
363,1.0203696845893315
364,1.023930959816487
365,1.016027761019062
366,1.0155838256001044
367,1.0149020001510956
368,1.022753399762767
369,1.0145803241574083
370,1.014889522042224
371,1.0171097793081276
372,1.0232331709479763
373,1.0229721022273668
374,1.025003683435325
375,1.021824473911685
376,1.0123678768217717
377,1.0164064564270183
378,1.0166190725419386
379,1.0222952380977814
380,1.033710455246443
381,1.017106952655211
382,1.0148896123726308
383,1.016025465550574
384,1.0185308808898899
385,1.0371703231509783
386,1.0399956380812967
387,1.0531223102550131
388,1.0405875547939596
389,1.0147893349916457
390,1.0167778185476888
391,1.0233409952926211
392,1.0187619953045755
393,1.1975014230829994
394,1.2068754578442003
395,1.2116691546885987
396,1.1713679459501039
397,1.1804246997133128
398,1.1474190036413232
399,1.1588663778531978
400,1.1624489681268786
401,1.1351811012245725
402,1.1424030009066242
403,1.1157427422225314
404,1.1284002785754892
405,1.1310019533696343
406,1.1112023287266055
407,1.1169900557452497
408,1.0939465163061832
409,1.1072772475683847
410,1.1091737091954803
411,1.094103258545693
412,1.0986090868013159
413,1.027301644931111
414,1.0973660335492115
415,1.0380394544452967
416,1.1079587763979906
417,1.1033666517978944
418,1.0364428657691933
419,1.114811055270225
420,1.0459801758406784
421,1.1292336647955283
422,1.1232297123970554
423,1.045249302582248
424,1.1391842468385756
425,1.0570715048817982
426,1.1598781584829447
427,1.1521948098157055
428,1.0580704997985997
429,1.1756356121573408
430,1.0736604925163202
431,1.2078300535610182
432,1.1975436207946375
433,1.0825579454279413
434,1.0198260362247322
435,1.0179332256496783
436,1.0249892503260858
437,1.0304540908238582
438,1.0369268320788922
439,1.0471750126671595
440,1.0339321521392317
441,1.01909331676595
442,1.0180151788210148
443,1.0145115470545327
444,1.0149517615696495
445,1.0269533938440554
446,1.019862955069757
447,1.0241609553117925
448,1.0164347525243778
449,1.0127908370072713
450,1.013734462061301
451,1.0173875524659988
452,1.0260406386047434
453,1.0407212908570564
454,1.022744212366135
455,1.0205140436185172
456,1.021327450934095
457,1.024863329775268
458,1.0446094103518349
459,1.0237143401939501
460,1.02147100167833
461,1.024675126627231
462,1.0265472487496645
463,1.045015281678676
464,1.0272537475807466
465,1.0149247342924188
466,1.0155872821271676
467,1.0271677491811677
468,1.0313727188154531
469,1.0323906762094233
470,1.0261503421889184
471,1.018333158494755
472,1.0184176098704563
473,1.0233993384607327
474,1.034043018003449
475,1.0304911723922694
476,1.0485061556854143
477,1.034099702396416
478,1.0179816589541575
479,1.0163223837568558
480,1.0128872775461657
481,1.0588711835386602
482,1.0706750749357103
483,1.0820096698469448
484,1.2079227323826152
485,1.2345539264045742
486,1.2245672754652475
487,1.1825054853747892
488,1.2107917813810944
489,1.1555881474501806
490,1.1784292588590073
491,1.170452754117314
492,1.1410713227820415
493,1.1651683909996227
494,1.122644719401622
495,1.1429576397623034
496,1.1361347907276986
497,1.11369337917009
498,1.1349802280714492
499,1.1000543230071553
500,1.1185106309356547
501,1.114399029421003
502,1.0942978524750133
503,1.054680829224694
504,1.0442397861067887
505,1.1128775999427962
506,1.1086100930098337
507,1.1268540788169554
508,1.0656199342031054
509,1.0525346793346992
510,1.13365279079551
511,1.1286097124631593
512,1.1522362951164962
513,1.080991546636348
514,1.0643366512532706
515,1.1656910348999883
516,1.1576782343530723
517,1.190284143437674
518,1.1042180222392421
519,1.0823153841186752
520,1.2170440274918892
521,1.2036636959634368
522,1.0884227352507319
523,1.0737771296238108
524,1.0582244268948853
525,1.0488894496505652
526,1.0137765050100906
527,1.016970698797013
528,1.0381940641699448
529,1.033147238169078
530,1.0406902837552976
531,1.026573487730077
532,1.0197008643748269
533,1.0177374088504973
534,1.0235617643925894
535,1.0359109539414328
536,1.027912213046059
537,1.0278655638207188
538,1.028250138182859
539,1.0163303199813607
540,1.0157958719521463
541,1.0112309373740012
542,1.0264162391929756
543,1.0433286467249951
544,1.021491737443837
545,1.029946272292724
546,1.0305827396285039
547,1.0715768446745926
548,1.0711033459771684
549,1.0719876326181803
550,1.0296630749608564
551,1.0291680921690072
552,1.041085273837259
553,1.0295220610859648
554,1.0156033843613441
555,1.0160196046171759
556,1.02940540062275
557,1.036321424968965
558,1.0304738164092158
559,1.0338447412775955
560,1.0543218645520238
561,1.019350471084072
562,1.0173739043430063
563,1.0199421990350117
564,1.0355510198802063
565,1.0550245499842388
566,1.032917951910378
567,1.0219075916075264
568,1.0170516034890322
569,1.0352841271798636
570,1.0489501340255158
571,1.057223387523164
572,1.0897821790416382
573,1.1182098798777047
574,1.2142917445701078
575,1.2200128312634706
576,1.2331426463961002
577,1.345699265749806
578,1.1958586244358278
579,1.306713500589591
580,1.1660613514124742
581,1.1769832922499743
582,1.2651479924526154
583,1.1527757110160168
584,1.2418026072697728
585,1.1323267818972904
586,1.1418929744660413
587,1.2145109973569472
588,1.1245424627132887
589,1.1990685200498108
590,1.1093311518543274
591,1.0916487095153493
592,1.0831337741230662
593,1.0148493582066842
594,1.0986041075151114
595,1.0514330016152424
596,1.128684160288545
597,1.1277595344743891
598,1.0529626373939722
599,1.1433438484734775
600,1.0627487959175568
601,1.156535459676514
602,1.155167089304959
603,1.0664112688002636
604,1.1777883768279207
605,1.0800567866176658
606,1.1986260803451718
607,1.1966594125827763
608,1.0875420180635538
609,1.2325101659398892
610,1.1995547603318923
611,1.143716809046974
612,1.1245456405697258
613,1.1060383458185106
614,1.0706106613286086
615,1.0515321678077092
616,1.0387539478450745
617,1.0180905071664785
618,1.0182589519459577
619,1.027599372963534
620,1.0449966252482055
621,1.0377976314622959
622,1.0275524969507412
623,1.0224773680833703
624,1.0224159245777056
625,1.0299016747423506
626,1.0465238471313412
627,1.029468660353646
628,1.0405081562837628
629,1.0193152645261194
630,1.0368844869295921
631,1.0216335203154951
632,1.018794409591178
633,1.0517803126784453
634,1.0522452627080003
635,1.025285343293617
636,1.0694522798029584
637,1.0499893358651373
638,1.0813386123454412
639,1.0957033824021227
640,1.0180953179382615
641,1.0473318165908412
642,1.044647967724351
643,1.0320171595267065
644,1.0176683180592316
645,1.0240649716487766
646,1.0399521152215758
647,1.0495650029977075
648,1.0353183818208918
649,1.0592516624147454
650,1.0101741932481108
651,1.0238736783409434
652,1.0322432504634562
653,1.0371762875296875
654,1.0561414092793822
655,1.0366759093948323
656,1.0342404675585397
657,1.0201687903656091
658,1.0440919097881562
659,1.0471835329930794
660,1.0729093557120128
661,1.0896114128448078
662,1.088835243219201
663,1.0202464180419315
664,1.0255369164661867
665,1.0264427608584712
666,1.0821118979274418
667,1.2298659865363044
668,1.2371369839702802
669,1.192569861538455
670,1.2012385015975808
671,1.2079797101532077
672,1.1659180997449632
673,1.176014958985652
674,1.1436945380871983
675,1.1548324027217387
676,1.1623242220980303
677,1.1276538676808423
678,1.1401080320366888
679,1.1127520095370773
680,1.125382827186663
681,1.1330718054263382
682,1.1006592611925592
683,1.1122230712065069
684,1.0490351839694674
685,1.1304819405349333
686,1.1239751364327522
687,1.0474129291112921
688,1.1383362001410342
689,1.0587555723293534
690,1.1590953884951498
691,1.1512295734781512
692,1.0578473906467731
693,1.1724888690755557
694,1.07339544340149
695,1.2037634430187796
696,1.19391432488509
697,1.0780995345510922
698,1.230769448806122
699,1.0981491640766037
700,1.0691663522405952
701,1.0218639794548376
702,1.0222049006794927
703,1.0524288341716475
704,1.0847444287219712
705,1.0761389410478868
706,1.051457598295768
707,1.0377518187880694
708,1.02966928794489
709,1.023262790774345
710,1.047261341400475
711,1.0437841780064976
712,1.0421815923881852
713,1.0342963493019857
714,1.018533817453445
715,1.0233313090315466
716,1.0339871930097913
717,1.0554831828771531
718,1.0465910238740055
719,1.0401531603609024
720,1.036237885679268
721,1.030523074885297
722,1.030589357888675
723,1.0829494682784777
724,1.0514471082455719
725,1.016156239602279
726,1.0870048708018596
727,1.011188715282055
728,1.0686984642161892
729,1.0840069594966408
730,1.0926474926413472
731,1.0531351022211586
732,1.071153391906143
733,1.0295233700823843
734,1.0342186366641364
735,1.0403744464330513
736,1.0495531794664144
737,1.0568284005086264
738,1.0665116390085163
739,1.0223538246502464
740,1.0198934312269823
741,1.0402851501715888
742,1.0495526415515608
743,1.0597958941710282
744,1.0413379423663254
745,1.0324233974718022
746,1.0267057180288852
747,1.041778063151755
748,1.0487336160892802
749,1.0661902060483504
750,1.0756914538275428
751,1.0603151829461215
752,1.0292284819395618
753,1.0234251491427457
754,1.0582784166363208
755,1.0815268008228651
756,1.0842962155422
757,1.238604174696039
758,1.2643389152649305
759,1.256715779489278
760,1.2042993831229443
761,1.2340282023324673
762,1.1717616870542986
763,1.1938818671210527
764,1.187876917920054
765,1.1531475414094807
766,1.1782664682478021
767,1.1320763333711399
768,1.15186033682346
769,1.1466289266672778
770,1.1208850611859478
771,1.1429511482608807
772,1.1052619847331306
773,1.0522697596421915
774,1.1268281957787647
775,1.1269611097369738
776,1.054576682884072
777,1.1426681698551011
778,1.055899119456881
779,1.1646526380179094
780,1.1555075421933507
781,1.0682603253926004
782,1.1791902100724605
783,1.0754990247596539
784,1.2113370599385993
785,1.2006794060728034
786,1.0901028391325438
787,1.2402696735089171
788,1.118952710461679
789,1.1002387969366543
790,1.078349816583543
791,1.061003955990932
792,1.0269440014463247
793,1.0215389736974345
794,1.0200256676256787
795,1.0544380390394823
796,1.0706853616836676
797,1.0476745514993098
798,1.0289941535244482
799,1.0246325854546268
800,1.0288962144782787
801,1.0630726443248464
802,1.0408376158589647
803,1.0450703180830268
804,1.0507889289723868
805,1.0308115762294303
806,1.020553236358159
807,1.016234887604101
808,1.0563153064861788
809,1.0556559319663088
810,1.0528482011281761
811,1.0268379407100834
812,1.0378468877769034
813,1.0800639459731818
814,1.0536350674162145
815,1.0800983902965033
816,1.0779827762943686
817,1.0313597635742575
818,1.064706448634038
819,1.0814174583363467
820,1.0749871667839805
821,1.0842944676105226
822,1.0838753058502257
823,1.080071372106377
824,1.038361871850973
825,1.0548482817894567
826,1.0349877238934286
827,1.0190665743729475
828,1.024385773945471
829,1.0252904516044996
830,1.0496930956463606
831,1.0247670469116192
832,1.0437169235087078
833,1.0665059592961235
834,1.0277389414747218
835,1.0258923115865655
836,1.020619922146969
837,1.040547554192159
838,1.068015675817546
839,1.0366586827616489
840,1.024381633632356
841,1.020600791354971
842,1.0422933868300042
843,1.0552614687143422
844,1.0638328261175631
845,1.101346444969536
846,1.1304061901137983
847,1.2497600113436467
848,1.2571085420622832
849,1.274647281028498
850,1.3969589529342175
851,1.22546422457498
852,1.347731081230673
853,1.1868548565894652
854,1.200690906880799
855,1.29363401893016
856,1.1706730821827107
857,1.2663898203978814
858,1.145480422432866
859,1.1571823335573026
860,1.2323223025414065
861,1.1039428674199288
862,1.0985607164380204
863,1.0458213864395114
864,1.0937120216336111
865,1.0581157956092353
866,1.1554602113984165
867,1.0704159349542433
868,1.059545480572043
869,1.1743939937822758
870,1.074789469884094
871,1.197163395002262
872,1.0923340804822037
873,1.0788837904711364
874,1.2278808917224535
875,1.1014327208580559
876,1.2674062524753702
877,1.234562768868205
878,1.162866738581808
879,1.1434817456478745
880,1.1198774531387747
881,1.077144465461429
882,1.056774644985131
883,1.0389863720074217
884,1.0184306586970753
885,1.0398853683200322
886,1.0574521154918355
887,1.0681630446500099
888,1.0525003762252796
889,1.0437983186362312
890,1.0250136381272994
891,1.0258814470399045
892,1.067541954881262
893,1.062509029346399
894,1.0617836353557233
895,1.0464502776587161
896,1.0263171763012862
897,1.021166400100233
898,1.0160939179013044
899,1.0590196681107462
900,1.0646823519216988
901,1.0687630543943236
902,1.0240080644273097
903,1.0960250361393533
904,1.0244398700971857
905,1.0718653951993606
906,1.0900999857357427
907,1.0115559759538546
908,1.0778584134841782
909,1.0867726111455922
910,1.102700944720267
911,1.0893235074894516
912,1.1039099799127776
913,1.0993001434864862
914,1.0536135184557647
915,1.0721789041151315
916,1.028024787100967
917,1.0261484576756479
918,1.0289603802481713
919,1.0446078155082619
920,1.061625395464821
921,1.0666007094005934
922,1.0697854165075313
923,1.0145289272637668
924,1.0295481841742795
925,1.030031603960195
926,1.043004483165886
927,1.0684267268634506
928,1.0761022247257563
929,1.0413053433371944
930,1.0224408192430074
931,1.0424260493532376
932,1.0534093888238114
933,1.074518059728039
934,1.1109243403616056
935,1.1134432771605585
936,1.0354617143946465
937,1.0394097975765504
938,1.0260766038726437
939,1.2692130675362066
940,1.271262768915611
941,1.278798652208066
942,1.2218353955311136
943,1.2334511785337114
944,1.185846608361814
945,1.1915792145357211
946,1.2012588385392218
947,1.160154310047398
948,1.1733025788979041
949,1.1388580035655058
950,1.1490910395160876
951,1.1574522944076706
952,1.118058423650553
953,1.132334557958608
954,1.055751497255207
955,1.153699557199047
956,1.149109635569335
957,1.0873438593472877
958,1.1676849309927715
959,1.069401687871673
960,1.1964634201956061
961,1.1907165505473645
962,1.1145306699871314
963,1.2220535782914486
964,1.0921416198134073
965,1.2721587524707256
966,1.2648462164456842
967,1.2155259734333665
968,1.0250370249373073
969,1.0303198313348738
970,1.0720210048288894
971,1.1043177413843153
972,1.1067959450548301
973,1.0579560237655352
974,1.0446160518528846
975,1.0356750654061309
976,1.0286816221811688
977,1.0784167200556405
978,1.080028972591221
979,1.052612544546243
980,1.0541353646276892
981,1.021360097081458
982,1.0300151132074438
983,1.0847397104151013
984,1.0666297979541461
985,1.0648676502947336
986,1.0429743189448086
987,1.0440754966896881
988,1.025776599462753
989,1.0209015202946512
990,1.094871738583789
991,1.0571320697546431
992,1.1003435591716981
993,1.0991799470220145
994,1.0135726863121568
995,1.095127084522063
996,1.080674054527171
997,1.082399401507241
998,1.08644942773075
999,1.0792245302111185
1000,1.0886545379955026
1001,1.0941686340711674
1002,1.0921612505631344
1003,1.1051455237521564
1004,1.0604823949411197
1005,1.0788087410267693
1006,1.0972242623682513
1007,1.0388086836593116
1008,1.0451479007294402
1009,1.0665793874044542
1010,1.0672239406667618
1011,1.083629947238831
1012,1.0302421608694274
1013,1.0184697949155523
1014,1.0527832772033419
1015,1.0570550993748793
1016,1.0799284604566752
1017,1.0819487869324238
1018,1.0411517712654688
1019,1.0366244203690396
1020,1.0460878734689396
1021,1.0573798337498377
1022,1.0960464153910698
1023,1.0935925070017176
1024,1.0914146207122273
1025,1.0332308554878238
1026,1.0197753643531529
1027,1.0805044477319214
1028,1.0965731027493313
1029,1.108334813460868
1030,1.2837139321949778
1031,1.293225671786693
1032,1.2287776449308956
1033,1.2462512520572306
1034,1.2450150028207423
1035,1.1949895939408617
1036,1.2038528963507789
1037,1.1647501834015546
1038,1.1823631406532995
1039,1.1793758626442068
1040,1.146015742213101
1041,1.1571516435241984
1042,1.1218516804549383
1043,1.0499591181283516
1044,1.1506261711798995
1045,1.1549261227541905
1046,1.064004449321288
1047,1.173859218075148
1048,1.0832589850733774
1049,1.206507180422645
1050,1.2007526835461781
1051,1.0840514301371764
1052,1.2320515545659703
1053,1.113068541236475
1054,1.2876026643140157
1055,1.2834176795331724
1056,1.1205836057917988
1057,1.0970797368144052
1058,1.0775762948053584
1059,1.0379509732582064
1060,1.020320059381624
1061,1.0348818448917638
1062,1.099524339332473
1063,1.0883463949321122
1064,1.0749315570600206
1065,1.03534236160883
1066,1.0298043049208647
1067,1.1040641095203458
1068,1.0758434769434575
1069,1.0816616368330694
1070,1.056509268211226
1071,1.0553758894492657
1072,1.0407959003580807
1073,1.020367942036979
1074,1.0176812185659923
1075,1.0699200091507075
1076,1.0638268760480847
1077,1.0524794832077111
1078,1.0338315434645668
1079,1.0337461779343058
1080,1.0949406161673512
1081,1.0588705905226363
1082,1.0965440706077654
1083,1.0835682711033061
1084,1.0347761084680962
1085,1.0802518182303698
1086,1.048139754066238
1087,1.0781517486392749
1088,1.065867438036601
1089,1.0816257153412987
1090,1.0761144547516253
1091,1.0784976337471353
1092,1.0885748552325016
1093,1.080138816830613
1094,1.1000555952556148
1095,1.0936954186890528
1096,1.096932117001883
1097,1.0570985566895934
1098,1.0598378837227915
1099,1.0676151705810615
1100,1.0225288769235004
1101,1.0210504616541705
1102,1.0406001955961295
1103,1.052177405622848
1104,1.0531458901824253
1105,1.0863824779723492
1106,1.0764212297549236
1107,1.1051252107318954
1108,1.0312640340933454
1109,1.0344644102475178
1110,1.0741319151835573
1111,1.0836803507804118
1112,1.0978959921499825
1113,1.0403503332515291
1114,1.0309134021109863
1115,1.0581065989640717
1116,1.0745512728017381
1117,1.0752126537341204
1118,1.1385616618439394
1119,1.161680115174188
1120,1.2985845644489322
1121,1.3177449516638489
1122,1.4896894954113442
1123,1.249287166297983
1124,1.3077967561262438
1125,1.3896970864484293
1126,1.219948377097895
1127,1.3436469385769494
1128,1.1817005919720944
1129,1.2257383748515132
1130,1.2883830995199625
1131,1.1253488629367827
1132,1.1597211489612487
1133,1.0505052405096873
1134,1.156086145747657
1135,1.071667435582535
1136,1.1882112891743393
1137,1.089349340411859
1138,1.0749805230207217
1139,1.2190392406709527
1140,1.0971702684207434
1141,1.257052618497036
1142,1.12525045488727
1143,1.1060634953089883
1144,1.314787424194193
1145,1.201667099394527
1146,1.1679442078923092
1147,1.152601640150363
1148,1.0980445764070401
1149,1.0683900738264174
1150,1.0499211828367705
1151,1.0360704878583973
1152,1.028158921749661
1153,1.0617850016310346
1154,1.0893235796470457
1155,1.0545040120529257
1156,1.0539442332569147
1157,1.0302358370954128
1158,1.0341744352774505
1159,1.0936576505888884
1160,1.072060660609419
1161,1.0675472294377164
1162,1.0480259410449106
1163,1.038759890036819
1164,1.0304207556174187
1165,1.0308314478032403
1166,1.0727802143597922
1167,1.0607854831675585
1168,1.0285588836684467
1169,1.0428642552807916
1170,1.0926812886966095
1171,1.070670601841563
1172,1.0825694312913012
1173,1.0975553419046915
1174,1.021276791648006
1175,1.074646849920788
1176,1.0575958371590812
1177,1.0683489912549522
1178,1.0741022665281539
1179,1.08249268506146
1180,1.0964353704427094
1181,1.0788709092420994
1182,1.0978392660360663
1183,1.1050255929681607
1184,1.1013761035944254
1185,1.1190172335363837
1186,1.0977548692742625
1187,1.060529435709485
1188,1.0706187247210388
1189,1.043496327520649
1190,1.0234466119224819
1191,1.0417192956601105
1192,1.0474098011399084
1193,1.0721655814938067
1194,1.0783701915746926
1195,1.08434164964226
1196,1.0199165460637027
1197,1.0272110947501671
1198,1.0400575549434903
1199,1.0540609704315222
1200,1.0894571228953946
1201,1.0629446407876417
1202,1.0489301103258397
1203,1.0407257377140524
1204,1.0451388017281638
1205,1.0662310171893254
1206,1.0961762117357532
1207,1.1312951299067717
1208,1.1644408844859964
1209,1.2136045761355323
1210,1.062910982295393
1211,1.3340174809326357
1212,1.3283716420958784
1213,1.47297021593213
1214,1.3009063200863533
1215,1.2604943567393745
1216,1.2432595036213203
1217,1.219667512889467
1218,1.3335309124961394
1219,1.2179660046826302
1220,1.1879369015217371
1221,1.1418569044791977
1222,1.1646554706922962
1223,1.1205562728696807
1224,1.093985876969124
1225,1.1919202588042823
1226,1.2023762334580135
1227,1.1053399289124601
1228,1.2257298461286397
1229,1.1243902069943696
1230,1.2596197660200537
1231,1.275736169140224
1232,1.1483779357349038
1233,1.3233129943453201
1234,1.3160675659398116
1235,1.242730233248006
1236,1.2227962655776878
1237,1.1880612472680485
1238,1.1391513601490224
1239,1.1221921456039081
1240,1.0876686804101015
1241,1.0322154718377883
1242,1.047001898852155
1243,1.1250885030298667
1244,1.0913560929633679
1245,1.0965478018408041
1246,1.0604594433437509
1247,1.063326870174215
1248,1.0391349259412654
1249,1.0247547780091881
1250,1.0512448990580046
1251,1.079334399074885
1252,1.0806786448056174
1253,1.0551299353958705
1254,1.0421659351077315
1255,1.0357594368651613
1256,1.0237935873267279
1257,1.070381892663491
1258,1.0897484748824051
1259,1.035344804741677
1260,1.118085839553326
1261,1.1003827108734894
1262,1.098795213310511
1263,1.1028325433581774
1264,1.0162728101425866
1265,1.095056570561289
1266,1.0811226897182458
1267,1.0810948110497451
1268,1.0870735083833547
1269,1.079395451219842
1270,1.0905019509387524
1271,1.0937789392817774
1272,1.093093982602005
1273,1.1086156189508405
1274,1.0978017614731181
1275,1.11202889781049
1276,1.1165551732802053
1277,1.072428974824538
1278,1.1043468059666253
1279,1.0463251731776708
1280,1.0322941012856057
1281,1.0579173236479935
1282,1.0797394356698355
1283,1.0794924281118061
1284,1.0523709575897007
1285,1.0241985326685716
1286,1.039117640989412
1287,1.0658059971168679
1288,1.059648775191899
1289,1.0997246830633636
1290,1.091723827856524
1291,1.1276826750010123
1292,1.046107314039738
1293,1.0500734937456293
1294,1.0897521870378666
1295,1.1114556716017712
1296,1.1322951426359882
1297,1.0735147867776655
1298,1.0251141139430555
1299,1.0450020862993366
1300,1.1053877685148812
1301,1.0987939409909442
1302,1.342639327159947
1303,1.360586406733866
1304,1.3571838964729959
1305,1.2719400963516785
1306,1.2801070731866715
1307,1.220280624960153
1308,1.238607405990928
1309,1.2360725315423984
1310,1.1875374450949747
1311,1.1977262689828951
1312,1.150969592618619
1313,1.0919615591792773
1314,1.0625707368021102
1315,1.194569757619684
1316,1.0839052049248377
1317,1.2300828011343494
1318,1.2326546151081725
1319,1.0866222442098887
1320,1.2733917849096754
1321,1.1190166317118706
1322,1.3410223472025982
1323,1.350756048912299
1324,1.142629615078279
1325,1.0946086360747505
1326,1.041569285926285
1327,1.0402151781431748
1328,1.0466148138868496
1329,1.1504061524149984
1330,1.1160442178269174
1331,1.0762937699811321
1332,1.0701995089781375
1333,1.0323216092047427
1334,1.0342898104609894
1335,1.1119222066801895
1336,1.0880815727130062
1337,1.0940921553001814
1338,1.0552394747602496
1339,1.060101525193368
1340,1.0335146079608948
1341,1.0348587831850915
1342,1.0815444350172656
1343,1.0672782316731109
1344,1.0662778715423247
1345,1.0471556116064749
1346,1.0305725363816989
1347,1.098006329055601
1348,1.0802176449383618
1349,1.0207543810923008
1350,1.107882601111312
1351,1.0582571639733966
1352,1.1042359607767953
1353,1.0899290270066786
1354,1.033324329629816
1355,1.087044503989711
1356,1.0473270317861074
1357,1.0787798119215688
1358,1.0714476707186977
1359,1.07600604115239
1360,1.0735585283749778
1361,1.0851540562191804
1362,1.082507727486372
1363,1.0869742639664937
1364,1.0931180397030924
1365,1.0911543567872621
1366,1.1058420103956466
1367,1.103306236120826
1368,1.1000256665603738
1369,1.0504200081257724
1370,1.0565889237323842
1371,1.0723366766336764
1372,1.0790143669349044
1373,1.0407243387946565
1374,1.0364070556826261
1375,1.0593205786126318
1376,1.0511075310637377
1377,1.0902256663903993
1378,1.0868285078477566
1379,1.0975135415806228
1380,1.0329145815636744
1381,1.03277382031065
1382,1.073248674547164
1383,1.0728899294996441
1384,1.1144319050705445
1385,1.13055457738823
1386,1.0533396050285313
1387,1.042715517862723
1388,1.0727544266254738
1389,1.0755693535486248
1390,1.1319642144111663
1391,1.1819691321654426
1392,1.3678574762268911
1393,1.3769156301346812
1394,1.4500023854089494
1395,1.286412135819473
1396,1.308898057441176
1397,1.4787487493565752
1398,1.2438992779943672
1399,1.292682241004159
1400,1.1966450651209544
1401,1.2148483747440424
1402,1.2057687721419477
1403,1.0628525582797799
1404,1.2042027164496418
1405,1.09396798450424
1406,1.2198196811828113
1407,1.2445922645302019
1408,1.103154788217732
1409,1.3063172578296762
1410,1.138842314612882
1411,1.3343779001280727
1412,1.3746595193665423
1413,1.2126242883411285
1414,1.1856448889260984
1415,1.1348980576563585
1416,1.0934114505172983
1417,1.0657337937473532
1418,1.049650470797164
1419,1.0415456006049186
1420,1.047878560136425
1421,1.1084213995042507
1422,1.0577599838669356
1423,1.059350414792878
1424,1.0452091469629061
1425,1.027973718844619
1426,1.1112335510112001
1427,1.0760590239276224
1428,1.071973347499617
1429,1.0636855138044932
1430,1.037698336170507
1431,1.0320751053661434
1432,1.0316143908761712
1433,1.0397902386311446
1434,1.0798587955073977
1435,1.0321463145262504
1436,1.0575763929498396
1437,1.1267761030417267
1438,1.0983579019426915
1439,1.0410637391251558
1440,1.0842208946886585
1441,1.0709073688827981
1442,1.0863317147540172
1443,1.0912482693318706
1444,1.0205191690247852
1445,1.068348557939383
1446,1.0579192089811118
1447,1.071453567925433
1448,1.0725131120030258
1449,1.083608721808854
1450,1.091234294462517
1451,1.0757560273769855
1452,1.0928567901396773
1453,1.1014585455145522
1454,1.1022847628981336
1455,1.1125267445643567
1456,1.0937806206900356
1457,1.1171448872285206
1458,1.1285854194951217
1459,1.0343237070046625
1460,1.0910372143297022
1461,1.0564760943404803
1462,1.0390254734945825
1463,1.0384930914029287
1464,1.0465442896148047
1465,1.0631970963029822
1466,1.076306446452667
1467,1.0827365226453485
1468,1.09590215768023
1469,1.024991645827773
1470,1.0445956428037977
1471,1.0471867166083306
1472,1.0652228418775047
1473,1.1045473875794058
1474,1.047703567783801
1475,1.041546527155282
1476,1.0553307658820608
1477,1.0626966555702777
1478,1.0925300070295605
1479,1.162513387574234
1480,1.1798557616178782
1481,1.2291017737100876
1482,1.3843905063922415
1483,1.3961309554016996
1484,1.432405797863668
1485,1.602653368558682
1486,1.3254297818087877
1487,1.4961168268585066
1488,1.4632474189151807
1489,1.2780743354634718
1490,1.3941967998332765
1491,1.1697361705038987
1492,1.1526422708130497
1493,1.1640836303356148
1494,1.1487151962896442
1495,1.2536649899267405
1496,1.2681714179710248
1497,1.1280005109963331
1498,1.3149581045798475
1499,1.3275928702165012
1500,1.3869459971118387
1501,1.4132146707409607
1502,1.3718394735446047
1503,1.2729142285623885
1504,1.2521110052154034
1505,1.1949194362204436
1506,1.1521599733099213
1507,1.1200075470509512
1508,1.0722232891398182
1509,1.0332036515658323
1510,1.052223525781226
1511,1.1126863953723274
1512,1.107631112228473
1513,1.1104397904886536
1514,1.0636564657117002
1515,1.0692793241320948
1516,1.0365308022900663
1517,1.044268588467087
1518,1.0962338802028764
1519,1.088315344615835
1520,1.0828348779786965
1521,1.0344344308622793
1522,1.0380370896567324
1523,1.0327920941050281
1524,1.0771924995010942
1525,1.0800089320252781
1526,1.0609606338528732
1527,1.1091328871367523
1528,1.115523474305669
1529,1.0248807759977345
1530,1.1107533573358677
1531,1.1052027945025242
1532,1.091657952230489
1533,1.1052897786907272
1534,1.0175037686049666
1535,1.089144406538357
1536,1.0851339343168704
1537,1.0752570658334497
1538,1.0837589669441625
1539,1.0829806628966812
1540,1.0961624205248972
1541,1.0907945126834377
1542,1.097847041120835
1543,1.1127950891115514
1544,1.1021866749360087
1545,1.1188318345689823
1546,1.112781109364377
1547,1.1237725205095337
1548,1.143409896898616
1549,1.0768030428851654
1550,1.090505409812439
1551,1.1090481629380984
1552,1.0376035205835643
1553,1.0404923804512436
1554,1.078535534661017
1555,1.0876734988028376
1556,1.0960924083677257
1557,1.0348856008255847
1558,1.0225878848603023
1559,1.068691217419869
1560,1.0664296479203481
1561,1.108905188213389
1562,1.1059444589572842
1563,1.1105481718130834
1564,1.0535902268409483
1565,1.0357992380859589
1566,1.0744033218473636
1567,1.0974634018665064
1568,1.1398335516454345
1569,1.1963929489057008
1570,1.0324257609857086
1571,1.0511794852627898
1572,1.0580507505697407
1573,1.121889917848877
1574,1.1650767853155386
1575,1.448103907028373
1576,1.45144358905037
1577,1.3280731944293362
1578,1.3489238598867928
1579,1.336825848711264
1580,1.2714025431503795
1581,1.2716860253788291
1582,1.1993045283922157
1583,1.1124258628503998
1584,1.0856155560705631
1585,1.2664858463844086
1586,1.118893215248295
1587,1.3414008712908452
1588,1.3355160300509363
1589,1.1326226299667956
1590,1.438111351141672
1591,1.1965339584425223
1592,1.1452998347573675
1593,1.0542732982767469
1594,1.050359713813952
1595,1.185992547278677
1596,1.1694944210578628
1597,1.1620720649445533
1598,1.0867794652907392
1599,1.086953137430083
1600,1.0538034793790425
1601,1.0364300481780693
1602,1.1167733265133932
1603,1.10370166376789
1604,1.1050517378344074
1605,1.0737268343778061
1606,1.060886910755346
1607,1.0428090027891868
1608,1.0304885091324887
1609,1.104404072049578
1610,1.1010749139435347
1611,1.061195919340994
1612,1.0699494254207693
1613,1.0442473112682984
1614,1.0370989093478438
1615,1.1070111118352184
1616,1.0796737309069078
1617,1.116885200185128
1618,1.1336449544607996
1619,1.0222258039721304
1620,1.1109010795559546
1621,1.0956868586192048
1622,1.102850271748832
1623,1.0916741854916097
1624,1.0341427761513764
1625,1.089366062976952
1626,1.0773380168727529
1627,1.0818072763830355
1628,1.0785748183721986
1629,1.0694917297663216
1630,1.0814414900145919
1631,1.092087447181621
1632,1.0859782211913802
1633,1.0955830112983749
1634,1.0849622650086683
1635,1.1008758154685276
1636,1.1145037912448519
1637,1.108847747278448
1638,1.1216869983927484
1639,1.109271743368698
1640,1.1137666285275685
1641,1.1358395943429904
1642,1.059544901560184
1643,1.054280849818116
1644,1.0977772890240376
1645,1.1004474259346322
1646,1.0313341361020323
1647,1.041443044672472
1648,1.059815477379876
1649,1.0724099023862421
1650,1.1067281214277642
1651,1.0976349349040686
1652,1.0674674057080575
1653,1.0346889301798532
1654,1.0543612716826618
1655,1.0827221525320052
1656,1.085461262151519
1657,1.1490973186938056
1658,1.1485639383684998
1659,1.1825721074613667
1660,1.0533885998912063
1661,1.0504429694131288
1662,1.1251561856211745
1663,1.1802807675767781
1664,1.2275269918019067
1665,1.4832245121442296
1666,1.5553478030900763
1667,1.7988960235994085
1668,1.3623776223396558
1669,1.4283579231929227
1670,1.2752163034155006
1671,1.3252604378185797
1672,1.289379056296239
1673,1.088293102074051
1674,1.2991748276631399
1675,1.1513460710955983
1676,1.1300077795720072
1677,1.3607892871410665
1678,1.1548540439362345
1679,1.5078666717949594
1680,1.2927790608527006
1681,1.229505792652876
1682,1.1695120905950533
1683,1.136981601278348
1684,1.0898463235594855
1685,1.0483378775273993
1686,1.0475807592271913
1687,1.0732033378561328
1688,1.075991662132924
1689,1.104642393036489
1690,1.0472259323161062
1691,1.0554133434471598
1692,1.0528139020017118
1693,1.050258993679417
1694,1.0847193315015804
1695,1.0727830089354107
1696,1.0924744084030458
1697,1.0586449194795404
1698,1.0458446474128251
1699,1.032011525460982
1700,1.0427443642223377
1701,1.0991034204373287
1702,1.0741283370302233
1703,1.028397197739639
1704,1.0516011647219095
1705,1.1259466009097687
1706,1.0711904776399936
1707,1.1309438635143425
1708,1.1164382257902126
1709,1.0425548013069466
1710,1.087306339832942
1711,1.0661225735209454
1712,1.089254399415622
1713,1.086027275863835
1714,1.0196776719555114
1715,1.0709726687207761
1716,1.0539933641322898
1717,1.0738663587176087
1718,1.069808361488128
1719,1.0838955404235784
1720,1.08528619157773
1721,1.0738475281604032
1722,1.087001803395104
1723,1.0872263308500174
1724,1.102599824421292
1725,1.105105306422523
1726,1.0912989165279339
1727,1.1096902201943948
1728,1.1104796769520493
1729,1.1324542690765094
1730,1.1370186614016706
1731,1.1194940097589907
1732,1.0589546000780923
1733,1.0602224203695216
1734,1.0569484148743833
1735,1.0315707890590886
1736,1.0448176228240373
1737,1.0573976761461115
1738,1.0743890040051336
1739,1.0779080149771045
1740,1.0925153104618204
1741,1.0288209362523655
1742,1.048656345212538
1743,1.0509890246871239
1744,1.053108530421068
1745,1.1036830659884462
1746,1.0751545777808498
1747,1.0593555678897901
1748,1.0567095860727735
1749,1.0429869723965837
1750,1.0864221843933375
1751,1.1293543614610995
1752,1.1944245716129662
1753,1.2379795493609482
1754,1.311363576792822
1755,1.5169742486132587
1756,1.54627024181347
1757,1.847589526398004
1758,1.7826464542448566
1759,1.4133770188428414
1760,1.6008659503145124
1761,1.230545639178893
1762,1.2138266036570795
1763,1.23211817615181
1764,1.2024806975532973
1765,1.3868009625264794
1766,1.4082756585312048
1767,1.1908340973687093
1768,1.536789709892475
1769,1.5345045572150222
1770,1.3714547250970026
1771,1.3235896165982606
1772,1.2791125122157812
1773,1.1986725029334093
1774,1.1286783389070512
1775,1.1203011072253137
1776,1.0432033869950748
1777,1.046156467530871
1778,1.1402269824381315
1779,1.12644719865313
1780,1.1343984218982182
1781,1.0880578633037046
1782,1.075418803843143
1783,1.0504173671654118
1784,1.0257913972132893
1785,1.1236130065957526
1786,1.1069830166605394
1787,1.082170614564665
1788,1.047341157030076
1789,1.0303243812916165
1790,1.0450266140171072
1791,1.093505361578825
1792,1.0853783776017047
1793,1.0578259354248496
1794,1.0588212619083004
1795,1.1135314095599567
1796,1.0852085027013318
1797,1.1128392648122025
1798,1.108725179209283
1799,1.0237264340333465
1800,1.1055472721541488
1801,1.1061229081772526
1802,1.084552318723068
1803,1.1038025883208145
1804,1.0207253846948166
1805,1.085004103826279
1806,1.08593069636864
1807,1.0694667063887693
1808,1.0794374939013693
1809,1.0870491822484285
1810,1.0984946134189897
1811,1.087266407288201
1812,1.1017218499806305
1813,1.1084999800512696
1814,1.1070676072326937
1815,1.1216278029646707
1816,1.1083001770771865
1817,1.1285104568114004
1818,1.1378158645747993
1819,1.139052000805544
1820,1.15895757718356
1821,1.1424592066853565
1822,1.0946757896122112
1823,1.1063035396680974
1824,1.05935305022563
1825,1.0357823849241705
1826,1.0667793365372147
1827,1.0786070237021073
1828,1.1029343346380824
1829,1.075336958631624
1830,1.0209643571915135
1831,1.0398093826270163
1832,1.0787592228546816
1833,1.0704338090433065
1834,1.1158539797961238
1835,1.1222174206929905
1836,1.1571983499543448
1837,1.0469650036302578
1838,1.0507449251754857
1839,1.1167350505747942
1840,1.114996719167963
1841,1.196066063252655
1842,1.2335910382269568
1843,1.2411003049695473
1844,1.0552107948513383
1845,1.0783022087828702
1846,1.1535937814902921
1847,1.6211312232391573
1848,1.6483714307086006
1849,1.6402676094874926
1850,1.42367600169134
1851,1.4456049234098147
1852,1.2884889177230738
1853,1.3261867463541768
1854,1.1309599310691005
1855,1.4346000031389237
1856,1.180179253539818
1857,1.6289636496400202
1858,1.616077652212627
1859,1.2562247200416674
1860,1.0674108420492916
1861,1.0691852128283852
1862,1.0507479694146518
1863,1.2171229441867815
1864,1.2190497068238146
1865,1.135176761319695
1866,1.0989139041067928
1867,1.0780321104839234
1868,1.0554391107150198
1869,1.0602792968019181
1870,1.139347317566366
1871,1.1195896983564302
1872,1.0902783748072291
1873,1.0666406694498687
1874,1.0545039512992216
1875,1.0426102855548596
1876,1.1131961790554061
1877,1.1080317954632144
1878,1.0761245174295133
1879,1.0697855672049537
1880,1.055039436502846
1881,1.0329331612047563
1882,1.1009317360850985
1883,1.108947872684919
1884,1.0333432346320068
1885,1.1386835044765307
1886,1.1383861089593295
1887,1.1077188553408353
1888,1.1316569832581458
1889,1.025540674636872
1890,1.1101023274954749
1891,1.0957148446384193
1892,1.100730505321116
1893,1.0919093675807794
1894,1.0299205383968373
1895,1.08869321970767
1896,1.0773202774629929
1897,1.0827648889303556
1898,1.0808087159907545
1899,1.0691007863368907
1900,1.0846301957036237
1901,1.0937786308992805
1902,1.089561828614973
1903,1.0985330159443447
1904,1.084410396032566
1905,1.104756474798609
1906,1.1165245422749863
1907,1.1133427758656222
1908,1.125326485231342
1909,1.1084361909129463
1910,1.1371562258818908
1911,1.153421446232901
1912,1.0983543801264912
1913,1.1376156755533295
1914,1.054930426240125
1915,1.0646838011828155
1916,1.0682547035806085
1917,1.1009625521994655
1918,1.1103082442538899
1919,1.0429806124771317
1920,1.0504717582305991
1921,1.0643093287602745
1922,1.0846573530912695
1923,1.1143909088751731
1924,1.1279500613793723
1925,1.0552567559106556
1926,1.0492221889167306
1927,1.0702991406004398
1928,1.0981545197515679
1929,1.1265729871925683
1930,1.1684285014851779
1931,1.1876325292193202
1932,1.0527477852774074
1933,1.0636510242405293
1934,1.114955834758112
1935,1.1931182266099418
1936,1.2573638766491992
1937,1.284296976135193
1938,1.7137394095086758
1939,1.8285727930355218
1940,2.184364332832355
1941,1.335628814163435
1942,1.4792446189249246
1943,1.1360555888626545
1944,1.483089989630493
1945,1.203201530693966
1946,1.7741978916357484
1947,1.438772776212488
1948,1.3423547402746254
1949,1.2494693302268898
1950,1.1991443093733414
1951,1.1321521338620264
1952,1.0458672715857713
1953,1.0674887971354055
1954,1.0556354821659244
1955,1.0692518464378444
1956,1.1425067518259673
1957,1.0587823990508154
1958,1.0488222921717125
1959,1.0532383254623716
1960,1.066540869049105
1961,1.093365080560271
1962,1.0765970160175946
1963,1.099711355602449
1964,1.0736330741445688
1965,1.04001016155154
1966,1.0307962914087077
1967,1.0463027185344431
1968,1.1032143567125055
1969,1.0946615959696082
1970,1.0471701146467247
1971,1.0504708180204736
1972,1.148383749684466
1973,1.1240357164781256
1974,1.0500450550842837
1975,1.1446625032360986
1976,1.1251274762615056
1977,1.1283383182863091
1978,1.116608019832433
1979,1.0375876029608724
1980,1.08767923196573
1981,1.0618440607559556
1982,1.0852857819746615
1983,1.0839264535553756
1984,1.0355504270151983
1985,1.0711271237034432
1986,1.050624914169224
1987,1.070640125023474
1988,1.0707619255426115
1989,1.077214020984798
1990,1.0777093584012458
1991,1.0725539638828994
1992,1.0929408244862977
1993,1.0855365742830514
1994,1.0943850030028557
1995,1.0956363043247601
1996,1.0896033121629742
1997,1.1165224828706237
1998,1.1081338822318767
1999,1.1217030500222325
2000,1.124408020350631
2001,1.1171128049035488
2002,1.156693709755419
2003,1.1470033937726833
2004,1.0473227027379615
2005,1.0679249611181942
2006,1.0982720940307082
2007,1.0482360630576861
2008,1.0338604030772383
2009,1.0435999066268151
2010,1.0699573000220892
2011,1.0803871867372499
2012,1.0849591068016065
2013,1.0968796231050475
2014,1.0503283664401857
2015,1.0533598551922536
2016,1.0487471293541728
2017,1.0620185747053352
2018,1.0955426646121296
2019,1.0619957643173483
2020,1.0609618927782425
2021,1.0712810871782832
2022,1.0514132464360524
2023,1.1220709825740576
2024,1.1782132413452735
2025,1.2703177158528864
2026,1.3526202448442586
2027,1.4713527611380084
2028,1.788989092691281
2029,1.8234703389617875
2030,1.8661511363517624
2031,1.9919470580980738
2032,1.3525499184043712
2033,1.1162353764504027
2034,1.2474749703676984
2035,1.8324901608473183
2036,1.7477893402750626
2037,1.5558610356785432
2038,1.4756548407838384
2039,1.4106788758113147
2040,1.2929776205792332
2041,1.1845510411556044
2042,1.1648269310421477
2043,1.0602236241248473
2044,1.0556540244298542
2045,1.0662771876917825
2046,1.155986303634732
2047,1.1517713905766023
2048,1.11496316653431
2049,1.0855550718041218
2050,1.0600328161214232
2051,1.0369775630438114
2052,1.0812765756691598
2053,1.1100099782985824
2054,1.093752680641797
2055,1.051570832536144
2056,1.0373831068256465
2057,1.0418289566804542
2058,1.0992082079865233
2059,1.094009447010823
2060,1.0982837270397254
2061,1.07142937706089
2062,1.14622252953834
2063,1.0971977355239304
2064,1.0570975366996438
2065,1.1146148826100941
2066,1.0794581139534196
2067,1.1076870664992153
2068,1.1061626303564518
2069,1.0437802251714496
2070,1.1070977942658269
2071,1.0275001470400977
2072,1.078278908773704
2073,1.0955552383853473
2074,1.0202522718388323
2075,1.0864743706243765
2076,1.022796442206684
2077,1.0642894885032872
2078,1.0757172447704182
2079,1.0835190143173041
2080,1.0949085861361139
2081,1.0923277509824372
2082,1.097763146747377
2083,1.1092979511228638
2084,1.1025298443795095
2085,1.116975695304431
2086,1.1143359024151132
2087,1.1232019626876635
2088,1.1383771808729537
2089,1.1328103305374826
2090,1.1524513718046734
2091,1.1499831481091405
2092,1.1666077968922113
2093,1.1885557083466707
2094,1.0487723017613952
2095,1.1129767592480038
2096,1.1143297489688455
2097,1.0656284894263361
2098,1.0425436234591874
2099,1.050713464229539
2100,1.08072582510524
2101,1.1143081479092256
2102,1.0747562473961385
2103,1.0266006004406558
2104,1.0265547270129254
2105,1.094194961384931
2106,1.0960185936442794
2107,1.090889214955351
2108,1.1497982477450706
2109,1.1063569038142538
2110,1.0568799653162193
2111,1.0674448843466389
2112,1.1186844160352891
2113,1.1693258879964992
2114,1.1573775704615792
2115,1.1759601024296746
2116,1.3474275156900892
2117,1.0617667650213756
2118,1.1081245546744967
2119,1.2915338853407985
2120,1.35701764300995
2121,2.1225263394103817
2122,2.1786993049458405
2123,2.1755704329887906
2124,2.0276412232061496
2125,1.4671147423689173
2126,1.3295414546418374
2127,1.0989290033543104
2128,1.0918980850846431
2129,1.066805194397937
2130,1.3081294706876472
2131,1.246345751183923
2132,1.1893614237294452
2133,1.1350484142367885
2134,1.0839825299680474
2135,1.0665028596663881
2136,1.0790154994334507
2137,1.1260375317408629
2138,1.1450900735363363
2139,1.0808071261111474
2140,1.0839367950391299
2141,1.0608908703634123
2142,1.0457354587946288
2143,1.103934446923067
2144,1.0692643683557215
2145,1.0878774752127995
2146,1.0703230934507322
2147,1.0512148406587738
2148,1.0397338435167136
2149,1.0488256550349757
2150,1.1244165371091341
2151,1.047321877540759
2152,1.1365665870589183
2153,1.16402037986239
2154,1.0322137599780778
2155,1.1402024947049234
2156,1.034740103115281
2157,1.0996910541086453
2158,1.120883358119019
2159,1.0248249587321854
2160,1.1021877417995147
2161,1.0143352641977894
2162,1.0962074375716677
2163,1.0869056955659748
2164,1.0892123527487891
2165,1.0824221955232363
2166,1.0113714921496948
2167,1.0790871752673528
2168,1.0775567472271605
2169,1.083146731357444
2170,1.0823568772009573
2171,1.0880129878923566
2172,1.1081081552338696
2173,1.0940756851913405
2174,1.1011490007043694
2175,1.101726110249289
2176,1.1091118482584652
2177,1.1364040311573318
2178,1.1193403248219582
2179,1.1288261137923319
2180,1.1327826130778924
2181,1.1432036958066694
2182,1.1845140356592982
2183,1.1627802478407998
2184,1.1768265057519576
2185,1.1129166934579116
2186,1.1612677747871065
2187,1.0609183509175617
2188,1.0531192524109128
2189,1.0761934992802893
2190,1.097867155726198
2191,1.1023583736666978
2192,1.0376312011200435
2193,1.043957120827584
2194,1.0834323138267365
2195,1.0858317244532567
2196,1.115998403462847
2197,1.1191570093349013
2198,1.0722935106596183
2199,1.049288080501794
2200,1.0726012341518905
2201,1.1095670273472584
2202,1.1662249820777302
2203,1.1316475141762994
2204,1.1960307274344617
2205,1.0790278629224908
2206,1.1017961969285919
2207,1.113728901885607
2208,1.232340346232019
2209,1.359808087857269
2210,1.641124874106508
2211,1.8145104359871809
2212,1.9522083509013581
2213,2.00092219938138
2214,1.832233649400607
2215,1.6704554264940297
2216,1.4312775065312457
2217,1.3008526391435653
2218,1.1980213219062354
2219,1.099856150030283
2220,1.0699842428843036
2221,1.1126284726250084
2222,1.0879140858039407
2223,1.1064021038278498
2224,1.069032633559485
2225,1.0636527091990016
2226,1.0669992777999497
2227,1.0746723790143957
2228,1.1120872762412515
2229,1.0959284713412627
2230,1.080626565555691
2231,1.0871413854684218
2232,1.0553363191862846
2233,1.0358713160253683
2234,1.0515690747952362
2235,1.123107090310055
2236,1.0969433735740075
2237,1.0533451049344706
2238,1.0622278450198934
2239,1.1725377800235968
2240,1.1103612693509088
2241,1.0268607564291852
2242,1.167631071938497
2243,1.1499885348905867
2244,1.145749610716291
2245,1.1339415938360013
2246,1.0189062684470012
2247,1.1224281514841148
2248,1.1102259210997718
2249,1.110805589501835
2250,1.095002622750312
2251,1.035959043232593
2252,1.0815804346987388
2253,1.032678509365185
2254,1.0741622054603195
2255,1.0770289061418026
2256,1.0298397065592428
2257,1.0672769637856994
2258,1.067676068134635
2259,1.0659538152176846
2260,1.0786922676996176
2261,1.0793586812049663
2262,1.0769731583143487
2263,1.0815578756729323
2264,1.079764146617817
2265,1.0961853380165614
2266,1.0976751975797927
2267,1.0960905366537914
2268,1.1026732677535458
2269,1.1008886007356264
2270,1.1240449983714547
2271,1.1270776180658046
2272,1.1277988348083967
2273,1.1386683720640347
2274,1.137229946279447
2275,1.1753640620379864
2276,1.1819964489270396
2277,1.075246995260514
2278,1.0640304054533722
2279,1.1187321739090172
2280,1.0569518818007726
2281,1.0431653974795323
2282,1.0438570064331352
2283,1.0623985336981292
2284,1.083591693764897
2285,1.095273593650282
2286,1.0975647552912762
2287,1.0441265513205946
2288,1.0490611605501377
2289,1.0679946241007887
2290,1.0636533997995963
2291,1.1223496399100195
2292,1.117411163739738
2293,1.0831977670787096
2294,1.0710569276582604
2295,1.1062146260292038
2296,1.1615913549922086
2297,1.258891017967276
2298,1.258949034865056
2299,1.4042628125124794
2300,1.3265201778900129
2301,1.0963403192361667
2302,1.0800459102138422
2303,1.11293013403432
2304,1.061405975119168
2305,1.1104019419403262
2306,1.283382198252592
2307,1.3785401552551269
2308,1.2137493006742126
2309,1.124052445088131
2310,1.084015171831543
2311,1.0933188357781727
2312,1.0919493378856526
2313,1.1363095937709318
2314,1.097085339031802
2315,1.118371894510436
2316,1.054897022353815
2317,1.0515282410242064
2318,1.0466478591626809
2319,1.0748977912143247
2320,1.1255205082637831
2321,1.066717837769704
2322,1.071525238927054
2323,1.0450571411817131
2324,1.0224979051779786
2325,1.1124016280243294
2326,1.1152279787938948
2327,1.0551201791918634
2328,1.0784742768710291
2329,1.169916116671415
2330,1.1077592827105638
2331,1.0614777513007025
2332,1.1406999851419173
2333,1.0524827298394044
2334,1.1187031099491804
2335,1.1237379712756512
2336,1.0453294356512617
2337,1.1033897132332064
2338,1.0402396093489958
2339,1.0912435193835524
2340,1.026141620789567
2341,1.0798131085535962
2342,1.064142557580505
2343,1.0200095021666757
2344,1.085395101438593
2345,1.02168458334397
2346,1.0660440899528494
2347,1.0457406184558122
2348,1.0752247659679897
2349,1.0853613138627016
2350,1.0831998231644924
2351,1.0924683099293742
2352,1.0830933420535547
2353,1.0970917715361543
2354,1.1032803049598703
2355,1.1021224385981634
2356,1.113905479698165
2357,1.1028458796323544
2358,1.122290421713027
2359,1.1306929753047397
2360,1.1322530284473415
2361,1.14830668841428
2362,1.1347612269089022
2363,1.165225746127668
2364,1.1778497475064436
2365,1.1877302945325856
2366,1.2125177935395521
2367,1.1950570841454053
2368,1.0707209176764776
2369,1.1422954406711348
2370,1.0399972186762239
2371,1.0597539506106843
2372,1.0572347623406235
2373,1.0673068950124116
2374,1.1074871941555082
2375,1.1048165437395148
2376,1.0649872176506605
2377,1.0473192386176522
2378,1.0439491937121637
2379,1.0741892543213625
2380,1.0996016128777075
2381,1.1384018893850716
2382,1.1055671141780359
2383,1.081727227089557
2384,1.0881657967253329
2385,1.0935923791172921
2386,1.1514408456740737
2387,1.2782087909193673
2388,1.1580065309074685
2389,1.0471056311741747
2390,1.0679313164875377
2391,1.0627640431598666
2392,1.0706289177271346
2393,1.0704328311746996
2394,1.0762347734993565
2395,1.0586046656668127
2396,1.045801786305866
2397,1.1929118573253332
2398,1.231208188267003
2399,1.1491132088675418
2400,1.129334093209051
2401,1.0803437398629638
2402,1.0815539968966374
2403,1.0718643507050882
2404,1.1261123360236038
2405,1.098524905158334
2406,1.0894796851877193
2407,1.05766903702816
2408,1.040878247860888
2409,1.0339481119946297
2410,1.0672859998903361
2411,1.1156909140901512
2412,1.066155616278803
2413,1.059329960712585
2414,1.0539453449948522
2415,1.053650098779512
2416,1.143390381488761
2417,1.0542377262297116
2418,1.0499398169005976
2419,1.1986451224601096
2420,1.0448824390333684
2421,1.1369887724089416
2422,1.1084836597544738
2423,1.0317342890544436
2424,1.1381733450018752
2425,1.0329955114839298
2426,1.1008531043533352
2427,1.080740029969447
2428,1.0244936656456567
2429,1.1056795341416124
2430,1.0955261065150328
2431,1.091084658528403
2432,1.0084448891706346
2433,1.0846436343787298
2434,1.080027021824075
2435,1.0786097883262504
2436,1.0749806650958522
2437,1.006720661660055
2438,1.0333088759305253
2439,1.075915776294267
2440,1.0785621053363847
2441,1.1007306694392773
2442,1.0845134808737664
2443,1.0839306026302507
2444,1.0919436369401043
2445,1.0953807788076007
2446,1.1241600612226565
2447,1.1045503096411813
2448,1.1041495451906655
2449,1.1163719063332687
2450,1.1211275267808902
2451,1.1615922281270208
2452,1.1367626867717435
2453,1.1368132635623447
2454,1.158135886255599
2455,1.1654676640427974
2456,1.2309129430072192
2457,1.1970688329873524
2458,1.1984969007329618
2459,1.138447231367326
2460,1.205044790169927
2461,1.0786780071736985
2462,1.0513971595632696
2463,1.0744645911822517
2464,1.0987055010121984
2465,1.0536747139138725
2466,1.0445958200442726
2467,1.0457446526554588
2468,1.0644820970847
2469,1.0764383658062615
2470,1.102459616098018
2471,1.076702215293624
2472,1.0623406286577333
2473,1.0771827812138786
2474,1.0322136199771808
2475,1.0993026413107017
2476,1.128227822697165
2477,1.1176418710353533
2478,1.069227573998264
2479,1.0570090531526837
2480,1.0880909380812982
2481,1.1204680250849604
2482,1.1521914568627634
2483,1.151366003884402
2484,1.1331902327493726
2485,1.0900590758259772
2486,1.060154821581618
2487,1.06320883474801
2488,1.0788144050448996
2489,1.1439955112783093
2490,1.1099403797909284
2491,1.0421920108210687
2492,1.0745014979128522
2493,1.0594780902173206
2494,1.0648985648878309
2495,1.074268602538817
2496,1.071709050598137
2497,1.056258064038026
2498,1.037570851971252
2499,1.0362037474662826
2500,1.0353474259111162
2501,1.1253759034547393
2502,1.069152457947906
2503,1.0617542141679506
2504,1.0798781997661946
2505,1.220290651428193
2506,1.1402776185216883
2507,1.0230594624236955
2508,1.1989138533619288
2509,1.1859844120707663
2510,1.166110881758516
2511,1.1577013500661673
2512,1.0151710866610024
2513,1.1376140570626312
2514,1.1295023550458756
2515,1.121436588646902
2516,1.115646408379588
2517,1.0110098525860274
2518,1.1049439400682493
2519,1.0990618261063465
2520,1.0850087159456203
2521,1.0313391790608684
2522,1.0759496713054997
2523,1.0565136478210087
2524,1.0279160453220777
2525,1.0701547837128635
2526,1.026441192934566
2527,1.0640288440860388
2528,1.069996746742609
2529,1.0640964314094477
2530,1.0753796390470303
2531,1.0691718260744123
2532,1.0816643540680786
2533,1.0837236818403466
2534,1.0768439083231285
2535,1.0904037928597616
2536,1.0835736663865772
2537,1.0997304514864623
2538,1.1029537994816951
2539,1.0958923087986585
2540,1.1132173691325817
2541,1.1055481973010481
2542,1.128462521009707
2543,1.1337371742256381
2544,1.1274465213338851
2545,1.1519974642846698
2546,1.1431982483844425
2547,1.181261716692633
2548,1.1909535128729944
2549,1.1898425960966115
2550,1.2325288638819327
2551,1.2226420112724028
2552,1.0667777077000027
2553,1.077616929229784
2554,1.1133514884027507
2555,1.041219408182995
2556,1.0631850599653616
2557,1.0527657695208332
2558,1.0637249772827768
2559,1.0848641615870578
2560,1.1092679245568344
2561,1.0700140890707508
2562,1.0564301419411959
2563,1.0618126696930088
2564,1.0825360929525918
2565,1.093141622374414
2566,1.047043742947299
2567,1.0539742691626455
2568,1.0162676802640997
2569,1.0211437747189607
2570,1.0278340014839362
2571,1.047095878414286
2572,1.0592967067579542
2573,1.0619538032804436
2574,1.0495982690972012
2575,1.032329173942446
2576,1.0192268736610206
2577,1.0180903922198896
2578,1.0212101605754738
2579,1.1133874375937654
2580,1.1069529234222935
2581,1.087742638974573
2582,1.0338006545725325
2583,1.0583311794123507
2584,1.047244703141324
2585,1.0693605650833953
2586,1.0773296977969142
2587,1.0694905417401712
2588,1.064111547868829
2589,1.0682363999313578
2590,1.0662302306937572
2591,1.1687188365338035
2592,1.1408870914082447
2593,1.110054518635416
2594,1.099676116080048
2595,1.2213640348112207
2596,1.0720849848087808
2597,1.173570445547129
2598,1.1250503695597247
2599,1.0572467238061323
2600,1.1461415597722882
2601,1.050160505520236
2602,1.1213834240256142
2603,1.0891697612995803
2604,1.0423015624328646
2605,1.1076105820495017
2606,1.03853875124345
2607,1.093398892252422
2608,1.0692174551242508
2609,1.0336051602411007
2610,1.0420572379580497
2611,1.085038704595456
2612,1.0340203529460616
2613,1.0825914388848505
2614,1.0518552731938653
2615,1.0354299585978757
2616,1.0712809779480466
2617,1.0278338349507086
2618,1.0924409124982086
2619,1.0902939545811472
2620,1.0734676146286324
2621,1.1006473079898882
2622,1.0810001551657735
2623,1.109537923705272
2624,1.1073718079656378
2625,1.0875957074132077
2626,1.121442244788925
2627,1.0979214296020747
2628,1.1344342342740248
2629,1.1323378186744248
2630,1.1083070115180156
2631,1.1530334779260913
2632,1.1237233382097995
2633,1.1740430726261446
2634,1.1722909018374188
2635,1.1415902468857544
2636,1.2067655330012639
2637,1.167873108938262
2638,1.2468767360210797
2639,1.2465000916025255
2640,1.2038643365216062
2641,1.3184569964096458
2642,1.260710537448774
2643,1.1596829297636888
2644,1.248783337111881
2645,1.2007121898379016
2646,1.1047673621743668
2647,1.0870207457913599
2648,1.053882287152274
2649,1.100908166800118
2650,1.1662970213413975
2651,1.0826994397190055
2652,1.0821561742789538
2653,1.085120090774998
2654,1.1093971317040652
2655,1.1220439158239073
2656,1.1298517140067084
2657,1.1256405822728603
2658,1.0581303552258603
2659,1.0349347715816504
2660,1.0503738830041716
2661,1.0670204063915267
2662,1.0807195061417747
2663,1.0844505097864832
2664,1.0766213203808717
2665,1.0592877519577788
2666,1.0433054032008873
2667,1.0412393163250386
2668,1.1353362004979026
2669,1.148203786960253
2670,1.1211147002700554
2671,1.1062105905926598
2672,1.0909247483938167
2673,1.08373363239051
2674,1.0556259367246175
2675,1.1218466468987658
2676,1.110152931499587
2677,1.0923971459334176
2678,1.1030866243033397
2679,1.0963068588714249
2680,1.1078636547942926
2681,1.1906883147633507
2682,1.1113997896555154
2683,1.2662922614780021
2684,1.1587090259519226
2685,1.0968909234990523
2686,1.1969408901166436
2687,1.0710246221298152
2688,1.171143412493302
2689,1.1053312034351517
2690,1.0674538247768623
2691,1.1372876047880376
2692,1.0521275191978976
2693,1.12608637116123
2694,1.0785973185730076
2695,1.0517847999822487
2696,1.1051402099139636
2697,1.0411705822121955
2698,1.0998072743112994
2699,1.0625501644632973