[[0, 66, 88, 110, 132, 154, 176, 198, 220, 242, 264, 286, 1388], [0, 912, 913, 935, 957, 979, 1001, 1023, 1045, 1067, 1089, 1388], [0, 88, 110, 132, 154, 176, 198, 220, 242, 264, 286, 1388], [0, 891, 913, 935, 957, 979, 1001, 1023, 1045, 1067, 1089, 1388]]
2000/01/01 00:00:00.000000
[0, 66, 88, 110, 132, 154, 176, 198, 220, 242, 264, 286, 1388]
gid0
gid1388
[0, 912, 913, 935, 957, 979, 1001, 1023, 1045, 1067, 1089, 1388]
gid0
gid1388
[0, 88, 110, 132, 154, 176, 198, 220, 242, 264, 286, 1388]
gid0
gid1388
[0, 891, 913, 935, 957, 979, 1001, 1023, 1045, 1067, 1089, 1388]
gid0
gid1388
