[[0, 924, 925, 926, 927, 928, 929, 930, 931, 932, 933, 934, 1332], [0, 924, 925, 926, 927, 928, 929, 907, 908, 909, 910, 911, 912, 1332], [0, 924, 925, 926, 927, 928, 929, 930, 908, 909, 910, 911, 912, 1332], [0, 924, 925, 926, 927, 928, 906, 907, 908, 909, 910, 911, 912, 1332], [0, 924, 925, 926, 927, 928, 929, 930, 931, 909, 910, 911, 912, 1332], [0, 924, 925, 926, 927, 905, 906, 907, 908, 909, 910, 911, 912, 1332], [0, 924, 925, 926, 927, 928, 929, 930, 931, 932, 910, 911, 912, 1332], [0, 924, 925, 926, 904, 905, 906, 907, 908, 909, 910, 911, 912, 1332]]
2000/01/01 00:00:00.000000
[0, 924, 925, 926, 927, 928, 929, 930, 931, 932, 933, 934, 1332]
gid0
gid1332
[0, 924, 925, 926, 927, 928, 929, 907, 908, 909, 910, 911, 912, 1332]
gid0
gid1332
[0, 924, 925, 926, 927, 928, 929, 930, 908, 909, 910, 911, 912, 1332]
gid0
gid1332
[0, 924, 925, 926, 927, 928, 906, 907, 908, 909, 910, 911, 912, 1332]
gid0
gid1332
[0, 924, 925, 926, 927, 928, 929, 930, 931, 909, 910, 911, 912, 1332]
gid0
gid1332
[0, 924, 925, 926, 927, 905, 906, 907, 908, 909, 910, 911, 912, 1332]
gid0
gid1332
[0, 924, 925, 926, 927, 928, 929, 930, 931, 932, 910, 911, 912, 1332]
gid0
gid1332
[0, 924, 925, 926, 904, 905, 906, 907, 908, 909, 910, 911, 912, 1332]
gid0
gid1332
