[[0, 198, 176, 154, 132, 110, 88, 1383], [0, 1001, 979, 957, 935, 913, 891, 1383], [0, 1001, 1000, 978, 956, 934, 1383], [0, 1001, 979, 978, 956, 934, 1383], [0, 1001, 979, 957, 956, 934, 1383], [0, 1001, 979, 957, 935, 934, 1383], [0, 1044, 1022, 1000, 978, 956, 934, 1383], [0, 1001, 1000, 978, 956, 934, 912, 1383]]
2000/01/01 00:00:00.000000
[0, 198, 176, 154, 132, 110, 88, 1383]
gid0
gid1383
[0, 1001, 979, 957, 935, 913, 891, 1383]
gid0
gid1383
[0, 1001, 1000, 978, 956, 934, 1383]
gid0
gid1383
[0, 1001, 979, 978, 956, 934, 1383]
gid0
gid1383
[0, 1001, 979, 957, 956, 934, 1383]
gid0
gid1383
[0, 1001, 979, 957, 935, 934, 1383]
gid0
gid1383
[0, 1044, 1022, 1000, 978, 956, 934, 1383]
gid0
gid1383
[0, 1001, 1000, 978, 956, 934, 912, 1383]
gid0
gid1383
