[[0, 66, 67, 68, 69, 70, 71, 72, 73, 74, 75, 76, 77, 99, 121, 1332], [0, 912, 911, 910, 909, 908, 907, 906, 905, 904, 903, 902, 924, 1332], [0, 88, 89, 90, 91, 92, 93, 94, 95, 96, 97, 98, 99, 121, 1332], [0, 891, 892, 893, 894, 895, 896, 897, 898, 899, 900, 901, 923, 945, 967, 1332]]
2000/01/01 00:00:00.000000
[0, 66, 67, 68, 69, 70, 71, 72, 73, 74, 75, 76, 77, 99, 121, 1332]
gid0
gid1332
[0, 912, 911, 910, 909, 908, 907, 906, 905, 904, 903, 902, 924, 1332]
gid0
gid1332
[0, 88, 89, 90, 91, 92, 93, 94, 95, 96, 97, 98, 99, 121, 1332]
gid0
gid1332
[0, 891, 892, 893, 894, 895, 896, 897, 898, 899, 900, 901, 923, 945, 967, 1332]
gid0
gid1332
