[[0, 66, 88, 110, 132, 154, 176, 198, 220, 242, 264, 286, 308, 330, 352, 374, 396, 418, 440, 462, 484, 506, 1400], [0, 912, 913, 935, 957, 979, 1001, 1023, 1045, 1067, 1089, 1111, 1133, 1155, 1177, 1199, 1221, 1243, 1265, 1287, 1309, 1400], [0, 88, 110, 132, 154, 176, 198, 220, 242, 264, 286, 308, 330, 352, 374, 396, 418, 440, 462, 484, 506, 1400], [0, 891, 913, 935, 957, 979, 1001, 1023, 1045, 1067, 1089, 1111, 1133, 1155, 1177, 1199, 1221, 1243, 1265, 1287, 1309, 1400]]
2000/01/01 00:00:00.000000
[0, 66, 88, 110, 132, 154, 176, 198, 220, 242, 264, 286, 308, 330, 352, 374, 396, 418, 440, 462, 484, 506, 1400]
gid0
gid1400
[0, 912, 913, 935, 957, 979, 1001, 1023, 1045, 1067, 1089, 1111, 1133, 1155, 1177, 1199, 1221, 1243, 1265, 1287, 1309, 1400]
gid0
gid1400
[0, 88, 110, 132, 154, 176, 198, 220, 242, 264, 286, 308, 330, 352, 374, 396, 418, 440, 462, 484, 506, 1400]
gid0
gid1400
[0, 891, 913, 935, 957, 979, 1001, 1023, 1045, 1067, 1089, 1111, 1133, 1155, 1177, 1199, 1221, 1243, 1265, 1287, 1309, 1400]
gid0
gid1400
