[[0, 1397, 1396, 1374, 1352, 1330, 1308, 1286, 1264, 1242, 1220, 1198, 1176, 1154, 1132, 1110, 1088, 1066, 1044, 1022, 1000, 978, 956, 934, 1406], [0, 1397, 1375, 1374, 1352, 1330, 1308, 1286, 1264, 1242, 1220, 1198, 1176, 1154, 1132, 1110, 1088, 1066, 1044, 1022, 1000, 978, 956, 934, 1406], [0, 1397, 1375, 1353, 1352, 1330, 1308, 1286, 1264, 1242, 1220, 1198, 1176, 1154, 1132, 1110, 1088, 1066, 1044, 1022, 1000, 978, 956, 934, 1406], [0, 1397, 1375, 1353, 1331, 1330, 1308, 1286, 1264, 1242, 1220, 1198, 1176, 1154, 1132, 1110, 1088, 1066, 1044, 1022, 1000, 978, 956, 934, 1406], [0, 1397, 1375, 1353, 1331, 1309, 1308, 1286, 1264, 1242, 1220, 1198, 1176, 1154, 1132, 1110, 1088, 1066, 1044, 1022, 1000, 978, 956, 934, 1406], [0, 1397, 1375, 1353, 1331, 1309, 1287, 1286, 1264, 1242, 1220, 1198, 1176, 1154, 1132, 1110, 1088, 1066, 1044, 1022, 1000, 978, 956, 934, 1406], [0, 1397, 1375, 1353, 1331, 1309, 1287, 1265, 1264, 1242, 1220, 1198, 1176, 1154, 1132, 1110, 1088, 1066, 1044, 1022, 1000, 978, 956, 934, 1406], [0, 1397, 1375, 1353, 1331, 1309, 1287, 1265, 1243, 1242, 1220, 1198, 1176, 1154, 1132, 1110, 1088, 1066, 1044, 1022, 1000, 978, 956, 934, 1406]]
2000/01/01 00:00:00.000000
[0, 1397, 1396, 1374, 1352, 1330, 1308, 1286, 1264, 1242, 1220, 1198, 1176, 1154, 1132, 1110, 1088, 1066, 1044, 1022, 1000, 978, 956, 934, 1406]
gid0
gid1406
[0, 1397, 1375, 1374, 1352, 1330, 1308, 1286, 1264, 1242, 1220, 1198, 1176, 1154, 1132, 1110, 1088, 1066, 1044, 1022, 1000, 978, 956, 934, 1406]
gid0
gid1406
[0, 1397, 1375, 1353, 1352, 1330, 1308, 1286, 1264, 1242, 1220, 1198, 1176, 1154, 1132, 1110, 1088, 1066, 1044, 1022, 1000, 978, 956, 934, 1406]
gid0
gid1406
[0, 1397, 1375, 1353, 1331, 1330, 1308, 1286, 1264, 1242, 1220, 1198, 1176, 1154, 1132, 1110, 1088, 1066, 1044, 1022, 1000, 978, 956, 934, 1406]
gid0
gid1406
[0, 1397, 1375, 1353, 1331, 1309, 1308, 1286, 1264, 1242, 1220, 1198, 1176, 1154, 1132, 1110, 1088, 1066, 1044, 1022, 1000, 978, 956, 934, 1406]
gid0
gid1406
[0, 1397, 1375, 1353, 1331, 1309, 1287, 1286, 1264, 1242, 1220, 1198, 1176, 1154, 1132, 1110, 1088, 1066, 1044, 1022, 1000, 978, 956, 934, 1406]
gid0
gid1406
[0, 1397, 1375, 1353, 1331, 1309, 1287, 1265, 1264, 1242, 1220, 1198, 1176, 1154, 1132, 1110, 1088, 1066, 1044, 1022, 1000, 978, 956, 934, 1406]
gid0
gid1406
[0, 1397, 1375, 1353, 1331, 1309, 1287, 1265, 1243, 1242, 1220, 1198, 1176, 1154, 1132, 1110, 1088, 1066, 1044, 1022, 1000, 978, 956, 934, 1406]
gid0
gid1406
