[[0, 66, 67, 68, 69, 70, 71, 72, 73, 74, 75, 76, 98, 120, 1510], [0, 912, 890, 889, 888, 887, 886, 885, 884, 883, 882, 881, 880, 1510], [0, 88, 89, 90, 91, 92, 93, 94, 95, 96, 97, 98, 120, 1510], [0, 891, 890, 889, 888, 887, 886, 885, 884, 883, 882, 881, 880, 1510]]
2000/01/01 00:00:00.000000
[0, 66, 67, 68, 69, 70, 71, 72, 73, 74, 75, 76, 98, 120, 1510]
gid0
gid1510
[0, 912, 890, 889, 888, 887, 886, 885, 884, 883, 882, 881, 880, 1510]
gid0
gid1510
[0, 88, 89, 90, 91, 92, 93, 94, 95, 96, 97, 98, 120, 1510]
gid0
gid1510
[0, 891, 890, 889, 888, 887, 886, 885, 884, 883, 882, 881, 880, 1510]
gid0
gid1510
