[[0, 880, 881, 882, 883, 884, 885, 907, 908, 909, 910, 911, 912, 1510], [0, 880, 881, 882, 883, 884, 885, 886, 908, 909, 910, 911, 912, 1510], [0, 880, 881, 882, 883, 884, 906, 907, 908, 909, 910, 911, 912, 1510], [0, 880, 881, 882, 883, 884, 885, 886, 887, 909, 910, 911, 912, 1510], [0, 880, 881, 882, 883, 905, 906, 907, 908, 909, 910, 911, 912, 1510], [0, 880, 881, 882, 883, 884, 885, 886, 887, 888, 910, 911, 912, 1510], [0, 880, 881, 882, 904, 905, 906, 907, 908, 909, 910, 911, 912, 1510], [0, 880, 881, 882, 883, 884, 885, 886, 887, 888, 889, 911, 912, 1510]]
2000/01/01 00:00:00.000000
[0, 880, 881, 882, 883, 884, 885, 907, 908, 909, 910, 911, 912, 1510]
gid0
gid1510
[0, 880, 881, 882, 883, 884, 885, 886, 908, 909, 910, 911, 912, 1510]
gid0
gid1510
[0, 880, 881, 882, 883, 884, 906, 907, 908, 909, 910, 911, 912, 1510]
gid0
gid1510
[0, 880, 881, 882, 883, 884, 885, 886, 887, 909, 910, 911, 912, 1510]
gid0
gid1510
[0, 880, 881, 882, 883, 905, 906, 907, 908, 909, 910, 911, 912, 1510]
gid0
gid1510
[0, 880, 881, 882, 883, 884, 885, 886, 887, 888, 910, 911, 912, 1510]
gid0
gid1510
[0, 880, 881, 882, 904, 905, 906, 907, 908, 909, 910, 911, 912, 1510]
gid0
gid1510
[0, 880, 881, 882, 883, 884, 885, 886, 887, 888, 889, 911, 912, 1510]
gid0
gid1510
