[[0, 66, 44, 22, 23, 24, 25, 26, 27, 28, 29, 30, 31, 1683], [0, 912, 890, 868, 846, 824, 802, 780, 758, 757, 756, 755, 754, 753, 752, 751, 750, 749, 1683], [0, 88, 66, 44, 22, 23, 24, 25, 26, 27, 28, 29, 30, 31, 1683], [0, 891, 869, 847, 825, 803, 781, 759, 758, 757, 756, 755, 754, 753, 752, 751, 750, 749, 1683]]
2000/01/01 00:00:00.000000
[0, 66, 44, 22, 23, 24, 25, 26, 27, 28, 29, 30, 31, 1683]
gid0
gid1683
[0, 912, 890, 868, 846, 824, 802, 780, 758, 757, 756, 755, 754, 753, 752, 751, 750, 749, 1683]
gid0
gid1683
[0, 88, 66, 44, 22, 23, 24, 25, 26, 27, 28, 29, 30, 31, 1683]
gid0
gid1683
[0, 891, 869, 847, 825, 803, 781, 759, 758, 757, 756, 755, 754, 753, 752, 751, 750, 749, 1683]
gid0
gid1683
