[[0, 31, 30, 29, 28, 27, 49, 48, 47, 46, 45, 1683], [0, 31, 30, 29, 28, 50, 49, 48, 47, 46, 45, 1683], [0, 31, 30, 29, 28, 27, 26, 48, 47, 46, 45, 1683], [0, 31, 30, 29, 51, 50, 49, 48, 47, 46, 45, 1683], [0, 31, 30, 29, 28, 27, 26, 25, 47, 46, 45, 1683], [0, 31, 30, 52, 51, 50, 49, 48, 47, 46, 45, 1683], [0, 31, 30, 29, 28, 27, 26, 25, 24, 46, 45, 1683], [0, 31, 53, 52, 51, 50, 49, 48, 47, 46, 45, 1683]]
2000/01/01 00:00:00.000000
[0, 31, 30, 29, 28, 27, 49, 48, 47, 46, 45, 1683]
gid0
gid1683
[0, 31, 30, 29, 28, 50, 49, 48, 47, 46, 45, 1683]
gid0
gid1683
[0, 31, 30, 29, 28, 27, 26, 48, 47, 46, 45, 1683]
gid0
gid1683
[0, 31, 30, 29, 51, 50, 49, 48, 47, 46, 45, 1683]
gid0
gid1683
[0, 31, 30, 29, 28, 27, 26, 25, 47, 46, 45, 1683]
gid0
gid1683
[0, 31, 30, 52, 51, 50, 49, 48, 47, 46, 45, 1683]
gid0
gid1683
[0, 31, 30, 29, 28, 27, 26, 25, 24, 46, 45, 1683]
gid0
gid1683
[0, 31, 53, 52, 51, 50, 49, 48, 47, 46, 45, 1683]
gid0
gid1683
