[[0, 889, 911, 912, 1820], [0, 889, 890, 912, 1820], [0, 846, 868, 890, 912, 1820], [0, 867, 889, 911, 912, 1820], [0, 867, 889, 890, 912, 1820], [0, 867, 868, 890, 912, 1820], [0, 889, 890, 891, 1820], [0, 846, 868, 890, 891, 1820]]
2000/01/01 00:00:00.000000
[0, 889, 911, 912, 1820]
gid0
gid1820
[0, 889, 890, 912, 1820]
gid0
gid1820
[0, 846, 868, 890, 912, 1820]
gid0
gid1820
[0, 867, 889, 911, 912, 1820]
gid0
gid1820
[0, 867, 889, 890, 912, 1820]
gid0
gid1820
[0, 867, 868, 890, 912, 1820]
gid0
gid1820
[0, 889, 890, 891, 1820]
gid0
gid1820
[0, 846, 868, 890, 891, 1820]
gid0
gid1820
