[[0, 794, 795, 796, 797, 819, 841, 863, 885, 907, 908, 909, 910, 911, 912, 1960], [0, 794, 795, 796, 797, 819, 841, 863, 885, 886, 908, 909, 910, 911, 912, 1960], [0, 794, 795, 796, 818, 819, 841, 863, 885, 907, 908, 909, 910, 911, 912, 1960], [0, 794, 795, 796, 797, 819, 841, 863, 864, 886, 908, 909, 910, 911, 912, 1960], [0, 794, 795, 796, 818, 819, 841, 863, 885, 886, 908, 909, 910, 911, 912, 1960], [0, 794, 795, 796, 797, 819, 841, 842, 864, 886, 908, 909, 910, 911, 912, 1960], [0, 794, 795, 796, 797, 819, 841, 863, 885, 886, 887, 909, 910, 911, 912, 1960], [0, 794, 795, 796, 818, 819, 841, 863, 864, 886, 908, 909, 910, 911, 912, 1960]]
2000/01/01 00:00:00.000000
[0, 794, 795, 796, 797, 819, 841, 863, 885, 907, 908, 909, 910, 911, 912, 1960]
gid0
gid1960
[0, 794, 795, 796, 797, 819, 841, 863, 885, 886, 908, 909, 910, 911, 912, 1960]
gid0
gid1960
[0, 794, 795, 796, 818, 819, 841, 863, 885, 907, 908, 909, 910, 911, 912, 1960]
gid0
gid1960
[0, 794, 795, 796, 797, 819, 841, 863, 864, 886, 908, 909, 910, 911, 912, 1960]
gid0
gid1960
[0, 794, 795, 796, 818, 819, 841, 863, 885, 886, 908, 909, 910, 911, 912, 1960]
gid0
gid1960
[0, 794, 795, 796, 797, 819, 841, 842, 864, 886, 908, 909, 910, 911, 912, 1960]
gid0
gid1960
[0, 794, 795, 796, 797, 819, 841, 863, 885, 886, 887, 909, 910, 911, 912, 1960]
gid0
gid1960
[0, 794, 795, 796, 818, 819, 841, 863, 864, 886, 908, 909, 910, 911, 912, 1960]
gid0
gid1960
