[[0, 66, 67, 68, 69, 91, 113, 135, 157, 179, 201, 223, 245, 267, 289, 2208], [0, 912, 911, 910, 932, 954, 976, 998, 1020, 1042, 1064, 1086, 1108, 1130, 1152, 1174, 1196, 1218, 1240, 1262, 1284, 1306, 1328, 1350, 1372, 1394, 2208], [0, 88, 89, 90, 91, 113, 135, 157, 179, 201, 223, 245, 267, 289, 2208], [0, 891, 890, 889, 888, 910, 932, 954, 976, 998, 1020, 1042, 1064, 1086, 1108, 1130, 1152, 1174, 1196, 1218, 1240, 1262, 1284, 1306, 1328, 1350, 1372, 1394, 2208]]
2000/01/01 00:00:00.000000
[0, 66, 67, 68, 69, 91, 113, 135, 157, 179, 201, 223, 245, 267, 289, 2208]
gid0
gid2208
[0, 912, 911, 910, 932, 954, 976, 998, 1020, 1042, 1064, 1086, 1108, 1130, 1152, 1174, 1196, 1218, 1240, 1262, 1284, 1306, 1328, 1350, 1372, 1394, 2208]
gid0
gid2208
[0, 88, 89, 90, 91, 113, 135, 157, 179, 201, 223, 245, 267, 289, 2208]
gid0
gid2208
[0, 891, 890, 889, 888, 910, 932, 954, 976, 998, 1020, 1042, 1064, 1086, 1108, 1130, 1152, 1174, 1196, 1218, 1240, 1262, 1284, 1306, 1328, 1350, 1372, 1394, 2208]
gid0
gid2208
