[[0, 289, 267, 245, 223, 201, 179, 157, 135, 113, 91, 90, 89, 88, 2208], [0, 289, 267, 245, 223, 201, 179, 157, 135, 113, 112, 90, 89, 88, 2208], [0, 289, 267, 245, 223, 201, 179, 157, 135, 113, 112, 111, 89, 88, 2208], [0, 289, 267, 245, 223, 201, 179, 157, 135, 113, 112, 111, 110, 88, 2208], [0, 289, 267, 245, 223, 201, 179, 157, 135, 134, 112, 90, 89, 88, 2208], [0, 289, 267, 245, 223, 201, 179, 157, 135, 134, 112, 111, 89, 88, 2208], [0, 289, 267, 245, 223, 201, 179, 157, 156, 134, 112, 90, 89, 88, 2208], [0, 289, 267, 245, 223, 201, 179, 157, 135, 134, 112, 111, 110, 88, 2208]]
2000/01/01 00:00:00.000000
[0, 289, 267, 245, 223, 201, 179, 157, 135, 113, 91, 90, 89, 88, 2208]
gid0
gid2208
[0, 289, 267, 245, 223, 201, 179, 157, 135, 113, 112, 90, 89, 88, 2208]
gid0
gid2208
[0, 289, 267, 245, 223, 201, 179, 157, 135, 113, 112, 111, 89, 88, 2208]
gid0
gid2208
[0, 289, 267, 245, 223, 201, 179, 157, 135, 113, 112, 111, 110, 88, 2208]
gid0
gid2208
[0, 289, 267, 245, 223, 201, 179, 157, 135, 134, 112, 90, 89, 88, 2208]
gid0
gid2208
[0, 289, 267, 245, 223, 201, 179, 157, 135, 134, 112, 111, 89, 88, 2208]
gid0
gid2208
[0, 289, 267, 245, 223, 201, 179, 157, 156, 134, 112, 90, 89, 88, 2208]
gid0
gid2208
[0, 289, 267, 245, 223, 201, 179, 157, 135, 134, 112, 111, 110, 88, 2208]
gid0
gid2208
