[[0, 66, 67, 68, 69, 70, 71, 72, 73, 95, 117, 139, 161, 2404], [0, 912, 890, 868, 846, 824, 802, 780, 758, 736, 714, 692, 670, 648, 626, 604, 582, 581, 580, 579, 578, 577, 576, 2404], [0, 88, 89, 90, 91, 92, 93, 94, 95, 117, 139, 161, 2404], [0, 891, 869, 847, 825, 803, 781, 759, 737, 715, 693, 671, 649, 627, 605, 583, 582, 581, 580, 579, 578, 577, 576, 2404]]
2000/01/01 00:00:00.000000
[0, 66, 67, 68, 69, 70, 71, 72, 73, 95, 117, 139, 161, 2404]
gid0
gid2404
[0, 912, 890, 868, 846, 824, 802, 780, 758, 736, 714, 692, 670, 648, 626, 604, 582, 581, 580, 579, 578, 577, 576, 2404]
gid0
gid2404
[0, 88, 89, 90, 91, 92, 93, 94, 95, 117, 139, 161, 2404]
gid0
gid2404
[0, 891, 869, 847, 825, 803, 781, 759, 737, 715, 693, 671, 649, 627, 605, 583, 582, 581, 580, 579, 578, 577, 576, 2404]
gid0
gid2404
