[[0, 161, 160, 159, 137, 115, 93, 92, 91, 90, 89, 88, 2404], [0, 161, 160, 138, 137, 115, 93, 92, 91, 90, 89, 88, 2404], [0, 161, 160, 159, 137, 115, 114, 92, 91, 90, 89, 88, 2404], [0, 161, 160, 138, 116, 115, 93, 92, 91, 90, 89, 88, 2404], [0, 161, 160, 138, 137, 115, 114, 92, 91, 90, 89, 88, 2404], [0, 161, 160, 138, 116, 94, 93, 92, 91, 90, 89, 88, 2404], [0, 161, 139, 138, 137, 115, 93, 92, 91, 90, 89, 88, 2404], [0, 161, 160, 138, 116, 115, 114, 92, 91, 90, 89, 88, 2404]]
2000/01/01 00:00:00.000000
[0, 161, 160, 159, 137, 115, 93, 92, 91, 90, 89, 88, 2404]
gid0
gid2404
[0, 161, 160, 138, 137, 115, 93, 92, 91, 90, 89, 88, 2404]
gid0
gid2404
[0, 161, 160, 159, 137, 115, 114, 92, 91, 90, 89, 88, 2404]
gid0
gid2404
[0, 161, 160, 138, 116, 115, 93, 92, 91, 90, 89, 88, 2404]
gid0
gid2404
[0, 161, 160, 138, 137, 115, 114, 92, 91, 90, 89, 88, 2404]
gid0
gid2404
[0, 161, 160, 138, 116, 94, 93, 92, 91, 90, 89, 88, 2404]
gid0
gid2404
[0, 161, 139, 138, 137, 115, 93, 92, 91, 90, 89, 88, 2404]
gid0
gid2404
[0, 161, 160, 138, 116, 115, 114, 92, 91, 90, 89, 88, 2404]
gid0
gid2404
