[[0, 26, 48, 47, 46, 45, 2648], [0, 26, 25, 47, 46, 45, 2648], [0, 26, 25, 24, 46, 45, 2648], [0, 26, 25, 24, 23, 45, 2648], [0, 70, 48, 47, 46, 45, 2648], [0, 70, 69, 47, 46, 45, 2648], [0, 70, 69, 68, 46, 45, 2648], [0, 70, 69, 68, 67, 45, 2648]]
2000/01/01 00:00:00.000000
[0, 26, 48, 47, 46, 45, 2648]
[0, 26, 25, 47, 46, 45, 2648]
[0, 26, 25, 24, 46, 45, 2648]
[0, 26, 25, 24, 23, 45, 2648]
[0, 70, 48, 47, 46, 45, 2648]
[0, 70, 69, 47, 46, 45, 2648]
[0, 70, 69, 68, 46, 45, 2648]
[0, 70, 69, 68, 67, 45, 2648]
