[[0, 66, 44, 22, 0, 21, 20, 19, 18, 17, 16, 15, 14, 1576, 1554, 1532, 1510, 1488, 1466, 1444, 1422, 1400, 1378, 1356, 1334, 1312, 1290, 1268, 325], [0, 912, 913, 914, 915, 916, 917, 918, 919, 325], [0, 88, 66, 44, 22, 0, 21, 20, 19, 18, 17, 16, 15, 14, 1576, 1554, 1532, 1510, 1488, 1466, 1444, 1422, 1400, 1378, 1356, 1334, 1312, 1290, 1268, 325], [0, 891, 869, 870, 871, 872, 873, 874, 875, 325]]
2000/01/01 00:00:00.000000
[0, 66, 44, 22, 0, 21, 20, 19, 18, 17, 16, 15, 14, 1576, 1554, 1532, 1510, 1488, 1466, 1444, 1422, 1400, 1378, 1356, 1334, 1312, 1290, 1268, 325]
gid0
gid325
[0, 912, 913, 914, 915, 916, 917, 918, 919, 325]
gid0
gid325
[0, 88, 66, 44, 22, 0, 21, 20, 19, 18, 17, 16, 15, 14, 1576, 1554, 1532, 1510, 1488, 1466, 1444, 1422, 1400, 1378, 1356, 1334, 1312, 1290, 1268, 325]
gid0
gid325
[0, 891, 869, 870, 871, 872, 873, 874, 875, 325]
gid0
gid325
