[[0, 61, 83, 84, 85, 86, 87, 66, 3], [0, 61, 62, 84, 85, 86, 87, 66, 3], [0, 61, 62, 63, 85, 86, 87, 66, 3], [0, 61, 62, 63, 64, 86, 87, 66, 3], [0, 61, 62, 63, 64, 65, 87, 66, 3], [0, 61, 62, 63, 64, 65, 44, 66, 3], [0, 82, 83, 84, 85, 86, 87, 66, 3], [0, 61, 83, 105, 106, 107, 108, 109, 88, 3]]
2000/01/01 00:00:00.000000
[0, 61, 83, 84, 85, 86, 87, 66, 3]
gid0
gid3
[0, 61, 62, 84, 85, 86, 87, 66, 3]
gid0
gid3
[0, 61, 62, 63, 85, 86, 87, 66, 3]
gid0
gid3
[0, 61, 62, 63, 64, 86, 87, 66, 3]
gid0
gid3
[0, 61, 62, 63, 64, 65, 87, 66, 3]
gid0
gid3
[0, 61, 62, 63, 64, 65, 44, 66, 3]
gid0
gid3
[0, 82, 83, 84, 85, 86, 87, 66, 3]
gid0
gid3
[0, 61, 83, 105, 106, 107, 108, 109, 88, 3]
gid0
gid3
