[[0, 66, 44, 65, 64, 63, 62, 61, 3], [0, 912, 890, 868, 846, 824, 802, 780, 758, 736, 714, 692, 670, 648, 626, 604, 582, 560, 538, 516, 494, 472, 450, 428, 406, 384, 362, 340, 318, 296, 274, 252, 230, 208, 186, 187, 188, 189, 190, 191, 192, 3], [0, 88, 66, 44, 65, 64, 63, 62, 61, 3], [0, 891, 869, 847, 825, 803, 781, 759, 737, 715, 693, 671, 649, 627, 605, 583, 561, 539, 517, 495, 473, 451, 429, 407, 385, 363, 341, 319, 297, 275, 253, 231, 209, 187, 188, 189, 190, 191, 192, 3]]
2000/01/01 00:00:00.000000
[0, 66, 44, 65, 64, 63, 62, 61, 3]
gid0
gid3
[0, 912, 890, 868, 846, 824, 802, 780, 758, 736, 714, 692, 670, 648, 626, 604, 582, 560, 538, 516, 494, 472, 450, 428, 406, 384, 362, 340, 318, 296, 274, 252, 230, 208, 186, 187, 188, 189, 190, 191, 192, 3]
gid0
gid3
[0, 88, 66, 44, 65, 64, 63, 62, 61, 3]
gid0
gid3
[0, 891, 869, 847, 825, 803, 781, 759, 737, 715, 693, 671, 649, 627, 605, 583, 561, 539, 517, 495, 473, 451, 429, 407, 385, 363, 341, 319, 297, 275, 253, 231, 209, 187, 188, 189, 190, 191, 192, 3]
gid0
gid3
