[[0, 105, 106, 107, 108, 109, 88, 5], [0, 105, 83, 84, 85, 86, 87, 66, 5], [0, 105, 106, 84, 85, 86, 87, 66, 5], [0, 105, 106, 107, 85, 86, 87, 66, 5], [0, 105, 106, 107, 108, 86, 87, 66, 5], [0, 105, 106, 107, 108, 109, 87, 66, 5], [0, 105, 106, 107, 108, 109, 88, 66, 5], [0, 105, 83, 84, 106, 107, 108, 109, 88, 5]]
2000/01/01 00:00:00.000000
[0, 105, 106, 107, 108, 109, 88, 5]
gid0
gid5
[0, 105, 83, 84, 85, 86, 87, 66, 5]
gid0
gid5
[0, 105, 106, 84, 85, 86, 87, 66, 5]
gid0
gid5
[0, 105, 106, 107, 85, 86, 87, 66, 5]
gid0
gid5
[0, 105, 106, 107, 108, 86, 87, 66, 5]
gid0
gid5
[0, 105, 106, 107, 108, 109, 87, 66, 5]
gid0
gid5
[0, 105, 106, 107, 108, 109, 88, 66, 5]
gid0
gid5
[0, 105, 83, 84, 106, 107, 108, 109, 88, 5]
gid0
gid5
