[[0, 66, 44, 22, 0, 21, 20, 19, 18, 17, 16, 15, 14, 13, 1575, 1553, 1531, 1509, 1487, 1465, 1443, 691], [0, 912, 890, 891, 892, 893, 894, 895, 896, 897, 898, 899, 691], [0, 88, 66, 44, 22, 0, 21, 20, 19, 18, 17, 16, 15, 14, 13, 1575, 1553, 1531, 1509, 1487, 1465, 1443, 691], [0, 891, 892, 893, 894, 895, 896, 897, 898, 899, 691]]
2000/01/01 00:00:00.000000
[0, 66, 44, 22, 0, 21, 20, 19, 18, 17, 16, 15, 14, 13, 1575, 1553, 1531, 1509, 1487, 1465, 1443, 691]
gid0
gid691
[0, 912, 890, 891, 892, 893, 894, 895, 896, 897, 898, 899, 691]
gid0
gid691
[0, 88, 66, 44, 22, 0, 21, 20, 19, 18, 17, 16, 15, 14, 13, 1575, 1553, 1531, 1509, 1487, 1465, 1443, 691]
gid0
gid691
[0, 891, 892, 893, 894, 895, 896, 897, 898, 899, 691]
gid0
gid691
