[[0, 1003, 981, 959, 937, 915, 893, 892, 891, 759], [0, 1003, 981, 959, 937, 915, 914, 892, 891, 759], [0, 1003, 981, 959, 937, 915, 914, 913, 891, 759], [0, 1003, 981, 959, 937, 936, 914, 892, 891, 759], [0, 1003, 981, 959, 937, 936, 914, 913, 891, 759], [0, 1003, 981, 959, 958, 936, 914, 892, 891, 759], [0, 1003, 981, 959, 937, 936, 935, 913, 891, 759], [0, 1003, 981, 959, 958, 936, 914, 913, 891, 759]]
2000/01/01 00:00:00.000000
[0, 1003, 981, 959, 937, 915, 893, 892, 891, 759]
gid0
gid759
[0, 1003, 981, 959, 937, 915, 914, 892, 891, 759]
gid0
gid759
[0, 1003, 981, 959, 937, 915, 914, 913, 891, 759]
gid0
gid759
[0, 1003, 981, 959, 937, 936, 914, 892, 891, 759]
gid0
gid759
[0, 1003, 981, 959, 937, 936, 914, 913, 891, 759]
gid0
gid759
[0, 1003, 981, 959, 958, 936, 914, 892, 891, 759]
gid0
gid759
[0, 1003, 981, 959, 937, 936, 935, 913, 891, 759]
gid0
gid759
[0, 1003, 981, 959, 958, 936, 914, 913, 891, 759]
gid0
gid759
