[[0, 877, 876, 875, 874, 896, 895, 894, 893, 892, 891, 780], [0, 877, 876, 875, 897, 896, 895, 894, 893, 892, 891, 780], [0, 877, 876, 875, 874, 873, 895, 894, 893, 892, 891, 780], [0, 877, 876, 898, 897, 896, 895, 894, 893, 892, 891, 780], [0, 877, 876, 875, 874, 873, 872, 894, 893, 892, 891, 780], [0, 877, 899, 898, 897, 896, 895, 894, 893, 892, 891, 780], [0, 877, 876, 875, 874, 873, 872, 871, 893, 892, 891, 780], [0, 877, 876, 875, 874, 873, 872, 871, 870, 892, 891, 780]]
2000/01/01 00:00:00.000000
[0, 877, 876, 875, 874, 896, 895, 894, 893, 892, 891, 780]
gid0
gid780
[0, 877, 876, 875, 897, 896, 895, 894, 893, 892, 891, 780]
gid0
gid780
[0, 877, 876, 875, 874, 873, 895, 894, 893, 892, 891, 780]
gid0
gid780
[0, 877, 876, 898, 897, 896, 895, 894, 893, 892, 891, 780]
gid0
gid780
[0, 877, 876, 875, 874, 873, 872, 894, 893, 892, 891, 780]
gid0
gid780
[0, 877, 899, 898, 897, 896, 895, 894, 893, 892, 891, 780]
gid0
gid780
[0, 877, 876, 875, 874, 873, 872, 871, 893, 892, 891, 780]
gid0
gid780
[0, 877, 876, 875, 874, 873, 872, 871, 870, 892, 891, 780]
gid0
gid780
