[[1, 65, 44, 45, 1102], [1, 65, 44, 45, 23, 1102], [1, 65, 43, 22, 23, 1102], [1, 65, 44, 22, 23, 1102], [1, 87, 66, 67, 45, 1102], [1, 87, 65, 44, 45, 1102], [1, 87, 66, 44, 45, 1102], [1, 87, 66, 67, 45, 23, 1102]]
2000/01/01 00:00:00.000000
[1, 65, 44, 45, 1102]
gid1
gid1102
[1, 65, 44, 45, 23, 1102]
gid1
gid1102
[1, 65, 43, 22, 23, 1102]
gid1
gid1102
[1, 65, 44, 22, 23, 1102]
gid1
gid1102
[1, 87, 66, 67, 45, 1102]
gid1
gid1102
[1, 87, 65, 44, 45, 1102]
gid1
gid1102
[1, 87, 66, 44, 45, 1102]
gid1
gid1102
[1, 87, 66, 67, 45, 23, 1102]
gid1
gid1102
