[[1, 955, 977, 999, 1021, 1043, 1065, 1087, 1109, 1131, 1153, 1175, 1197, 1219, 1241, 1263, 1285, 1307, 1329, 1351, 1373, 1395, 1850], [1, 23, 45, 67, 89, 111, 133, 155, 177, 199, 221, 243, 265, 287, 309, 331, 353, 375, 397, 419, 441, 463, 1850], [1, 977, 999, 1021, 1043, 1065, 1087, 1109, 1131, 1153, 1175, 1197, 1219, 1241, 1263, 1285, 1307, 1329, 1351, 1373, 1395, 1850], [1, 2, 24, 46, 68, 90, 112, 134, 156, 178, 200, 222, 244, 266, 288, 310, 332, 354, 376, 398, 420, 442, 1850]]
2000/01/01 00:00:00.000000
[1, 955, 977, 999, 1021, 1043, 1065, 1087, 1109, 1131, 1153, 1175, 1197, 1219, 1241, 1263, 1285, 1307, 1329, 1351, 1373, 1395, 1850]
gid1
gid1850
[1, 23, 45, 67, 89, 111, 133, 155, 177, 199, 221, 243, 265, 287, 309, 331, 353, 375, 397, 419, 441, 463, 1850]
gid1
gid1850
[1, 977, 999, 1021, 1043, 1065, 1087, 1109, 1131, 1153, 1175, 1197, 1219, 1241, 1263, 1285, 1307, 1329, 1351, 1373, 1395, 1850]
gid1
gid1850
[1, 2, 24, 46, 68, 90, 112, 134, 156, 178, 200, 222, 244, 266, 288, 310, 332, 354, 376, 398, 420, 442, 1850]
gid1
gid1850
