[[1, 955, 977, 999, 1021, 1043, 1065, 1087, 1109, 1131, 1153, 1175, 1928], [1, 23, 24, 46, 68, 90, 112, 134, 156, 178, 200, 1928], [1, 977, 999, 1021, 1043, 1065, 1087, 1109, 1131, 1153, 1175, 1928], [1, 2, 24, 46, 68, 90, 112, 134, 156, 178, 200, 1928]]
2000/01/01 00:00:00.000000
[1, 955, 977, 999, 1021, 1043, 1065, 1087, 1109, 1131, 1153, 1175, 1928]
gid1
gid1928
[1, 23, 24, 46, 68, 90, 112, 134, 156, 178, 200, 1928]
gid1
gid1928
[1, 977, 999, 1021, 1043, 1065, 1087, 1109, 1131, 1153, 1175, 1928]
gid1
gid1928
[1, 2, 24, 46, 68, 90, 112, 134, 156, 178, 200, 1928]
gid1
gid1928
