[[1, 1087, 1065, 1043, 1021, 999, 977, 1923], [1, 112, 90, 68, 46, 45, 1923], [1, 112, 90, 68, 67, 45, 1923], [1, 155, 133, 111, 89, 67, 45, 1923], [1, 112, 90, 68, 46, 24, 2, 1923], [1, 112, 90, 89, 67, 45, 1923], [1, 112, 111, 89, 67, 45, 1923], [1, 134, 112, 90, 68, 46, 45, 1923]]
2000/01/01 00:00:00.000000
[1, 1087, 1065, 1043, 1021, 999, 977, 1923]
gid1
gid1923
[1, 112, 90, 68, 46, 45, 1923]
gid1
gid1923
[1, 112, 90, 68, 67, 45, 1923]
gid1
gid1923
[1, 155, 133, 111, 89, 67, 45, 1923]
gid1
gid1923
[1, 112, 90, 68, 46, 24, 2, 1923]
gid1
gid1923
[1, 112, 90, 89, 67, 45, 1923]
gid1
gid1923
[1, 112, 111, 89, 67, 45, 1923]
gid1
gid1923
[1, 134, 112, 90, 68, 46, 45, 1923]
gid1
gid1923
