[[1, 955, 954, 953, 952, 974, 996, 1018, 1040, 1062, 1084, 1106, 1128, 1150, 1172, 1194, 1216, 1238, 1260, 1282, 1304, 1326, 1348, 1370, 1392, 1414, 1436, 1458, 1480, 1502, 1524, 2656], [1, 23, 24, 25, 26, 27, 2656], [1, 977, 976, 975, 974, 996, 1018, 1040, 1062, 1084, 1106, 1128, 1150, 1172, 1194, 1216, 1238, 1260, 1282, 1304, 1326, 1348, 1370, 1392, 1414, 1436, 1458, 1480, 1502, 1524, 2656], [1, 2, 3, 4, 5, 27, 2656]]
2000/01/01 00:00:00.000000
[1, 955, 954, 953, 952, 974, 996, 1018, 1040, 1062, 1084, 1106, 1128, 1150, 1172, 1194, 1216, 1238, 1260, 1282, 1304, 1326, 1348, 1370, 1392, 1414, 1436, 1458, 1480, 1502, 1524, 2656]
gid1
gid2656
[1, 23, 24, 25, 26, 27, 2656]
gid1
gid2656
[1, 977, 976, 975, 974, 996, 1018, 1040, 1062, 1084, 1106, 1128, 1150, 1172, 1194, 1216, 1238, 1260, 1282, 1304, 1326, 1348, 1370, 1392, 1414, 1436, 1458, 1480, 1502, 1524, 2656]
gid1
gid2656
[1, 2, 3, 4, 5, 27, 2656]
gid1
gid2656
