[[1, 960, 938, 937, 936, 935, 934, 311], [1, 960, 959, 937, 936, 935, 934, 311], [1, 960, 959, 958, 936, 935, 934, 311], [1, 960, 959, 958, 957, 956, 934, 311], [1, 960, 959, 958, 957, 935, 934, 311], [1, 960, 959, 958, 957, 956, 955, 311], [1, 939, 938, 937, 936, 935, 934, 311], [1, 917, 939, 938, 937, 936, 935, 934, 311]]
2000/01/01 00:00:00.000000
[1, 960, 938, 937, 936, 935, 934, 311]
gid1
gid311
[1, 960, 959, 937, 936, 935, 934, 311]
gid1
gid311
[1, 960, 959, 958, 936, 935, 934, 311]
gid1
gid311
[1, 960, 959, 958, 957, 956, 934, 311]
gid1
gid311
[1, 960, 959, 958, 957, 935, 934, 311]
gid1
gid311
[1, 960, 959, 958, 957, 956, 955, 311]
gid1
gid311
[1, 939, 938, 937, 936, 935, 934, 311]
gid1
gid311
[1, 917, 939, 938, 937, 936, 935, 934, 311]
gid1
gid311
