[[1, 955, 956, 957, 958, 959, 960, 961, 962, 963, 329], [1, 23, 1, 0, 21, 20, 19, 18, 17, 16, 15, 1577, 1555, 1533, 1511, 1489, 1467, 1445, 1423, 1401, 1379, 1357, 1335, 1313, 1291, 329], [1, 977, 955, 956, 957, 958, 959, 960, 961, 962, 963, 329], [1, 2, 1, 0, 21, 20, 19, 18, 17, 16, 15, 1577, 1555, 1533, 1511, 1489, 1467, 1445, 1423, 1401, 1379, 1357, 1335, 1313, 1291, 329]]
2000/01/01 00:00:00.000000
[1, 955, 956, 957, 958, 959, 960, 961, 962, 963, 329]
gid1
gid329
[1, 23, 1, 0, 21, 20, 19, 18, 17, 16, 15, 1577, 1555, 1533, 1511, 1489, 1467, 1445, 1423, 1401, 1379, 1357, 1335, 1313, 1291, 329]
gid1
gid329
[1, 977, 955, 956, 957, 958, 959, 960, 961, 962, 963, 329]
gid1
gid329
[1, 2, 1, 0, 21, 20, 19, 18, 17, 16, 15, 1577, 1555, 1533, 1511, 1489, 1467, 1445, 1423, 1401, 1379, 1357, 1335, 1313, 1291, 329]
gid1
gid329
