[[1, 955, 956, 957, 958, 959, 960, 961, 962, 963, 964, 986, 1008, 426], [1, 23, 1, 0, 21, 20, 19, 18, 17, 16, 15, 14, 1576, 1554, 1532, 1510, 1488, 1466, 426], [1, 977, 978, 979, 980, 981, 982, 983, 984, 985, 986, 1008, 426], [1, 2, 1, 0, 21, 20, 19, 18, 17, 16, 15, 14, 1576, 1554, 1532, 1510, 1488, 1466, 426]]
2000/01/01 00:00:00.000000
[1, 955, 956, 957, 958, 959, 960, 961, 962, 963, 964, 986, 1008, 426]
gid1
gid426
[1, 23, 1, 0, 21, 20, 19, 18, 17, 16, 15, 14, 1576, 1554, 1532, 1510, 1488, 1466, 426]
gid1
gid426
[1, 977, 978, 979, 980, 981, 982, 983, 984, 985, 986, 1008, 426]
gid1
gid426
[1, 2, 1, 0, 21, 20, 19, 18, 17, 16, 15, 14, 1576, 1554, 1532, 1510, 1488, 1466, 426]
gid1
gid426
