[[1, 955, 933, 911, 889, 867, 845, 846, 847, 848, 849, 850, 481], [1, 23, 22, 44, 66, 88, 110, 132, 154, 176, 198, 220, 242, 264, 286, 308, 329, 328, 327, 481], [1, 977, 955, 933, 911, 889, 867, 845, 846, 847, 848, 849, 850, 481], [1, 2, 1, 0, 22, 44, 66, 88, 110, 132, 154, 176, 198, 220, 242, 264, 286, 308, 329, 328, 327, 481]]
2000/01/01 00:00:00.000000
[1, 955, 933, 911, 889, 867, 845, 846, 847, 848, 849, 850, 481]
gid1
gid481
[1, 23, 22, 44, 66, 88, 110, 132, 154, 176, 198, 220, 242, 264, 286, 308, 329, 328, 327, 481]
gid1
gid481
[1, 977, 955, 933, 911, 889, 867, 845, 846, 847, 848, 849, 850, 481]
gid1
gid481
[1, 2, 1, 0, 22, 44, 66, 88, 110, 132, 154, 176, 198, 220, 242, 264, 286, 308, 329, 328, 327, 481]
gid1
gid481
