[[1, 955, 956, 957, 958, 959, 960, 961, 962, 984, 1006, 1028, 1050, 1072, 1094, 1116, 1138, 1160, 1182, 1204, 1226, 1248, 1270, 70], [1, 23, 1, 0, 21, 20, 19, 18, 17, 16, 1578, 1556, 1534, 1512, 1490, 1468, 1446, 1424, 1402, 1380, 1358, 1336, 70], [1, 977, 978, 979, 980, 981, 982, 983, 984, 1006, 1028, 1050, 1072, 1094, 1116, 1138, 1160, 1182, 1204, 1226, 1248, 1270, 70], [1, 2, 1, 0, 21, 20, 19, 18, 17, 16, 1578, 1556, 1534, 1512, 1490, 1468, 1446, 1424, 1402, 1380, 1358, 1336, 70]]
2000/01/01 00:00:00.000000
[1, 955, 956, 957, 958, 959, 960, 961, 962, 984, 1006, 1028, 1050, 1072, 1094, 1116, 1138, 1160, 1182, 1204, 1226, 1248, 1270, 70]
gid1
gid70
[1, 23, 1, 0, 21, 20, 19, 18, 17, 16, 1578, 1556, 1534, 1512, 1490, 1468, 1446, 1424, 1402, 1380, 1358, 1336, 70]
gid1
gid70
[1, 977, 978, 979, 980, 981, 982, 983, 984, 1006, 1028, 1050, 1072, 1094, 1116, 1138, 1160, 1182, 1204, 1226, 1248, 1270, 70]
gid1
gid70
[1, 2, 1, 0, 21, 20, 19, 18, 17, 16, 1578, 1556, 1534, 1512, 1490, 1468, 1446, 1424, 1402, 1380, 1358, 1336, 70]
gid1
gid70
