[[1, 1336, 1358, 1380, 1402, 1424, 1446, 1468, 1490, 1512, 1534, 1556, 1578, 16, 38, 39, 40, 41, 42, 43, 22, 23, 70], [1, 1336, 1358, 1380, 1402, 1424, 1446, 1468, 1490, 1512, 1534, 1556, 1578, 16, 17, 39, 40, 41, 42, 43, 22, 23, 70], [1, 1336, 1358, 1380, 1402, 1424, 1446, 1468, 1490, 1512, 1534, 1556, 1578, 1579, 17, 39, 40, 41, 42, 43, 22, 23, 70], [1, 1336, 1358, 1380, 1402, 1424, 1446, 1468, 1490, 1512, 1534, 1556, 1557, 1579, 17, 39, 40, 41, 42, 43, 22, 23, 70], [1, 1336, 1358, 1380, 1402, 1424, 1446, 1468, 1490, 1512, 1534, 1556, 1578, 16, 17, 18, 40, 41, 42, 43, 22, 23, 70], [1, 1336, 1358, 1380, 1402, 1424, 1446, 1468, 1490, 1512, 1534, 1535, 1557, 1579, 17, 39, 40, 41, 42, 43, 22, 23, 70], [1, 1336, 1358, 1380, 1402, 1424, 1446, 1468, 1490, 1512, 1513, 1535, 1557, 1579, 17, 39, 40, 41, 42, 43, 22, 23, 70], [1, 1336, 1358, 1380, 1402, 1424, 1446, 1468, 1490, 1512, 1534, 1556, 1578, 1579, 17, 18, 40, 41, 42, 43, 22, 23, 70]]
2000/01/01 00:00:00.000000
[1, 1336, 1358, 1380, 1402, 1424, 1446, 1468, 1490, 1512, 1534, 1556, 1578, 16, 38, 39, 40, 41, 42, 43, 22, 23, 70]
gid1
gid70
[1, 1336, 1358, 1380, 1402, 1424, 1446, 1468, 1490, 1512, 1534, 1556, 1578, 16, 17, 39, 40, 41, 42, 43, 22, 23, 70]
gid1
gid70
[1, 1336, 1358, 1380, 1402, 1424, 1446, 1468, 1490, 1512, 1534, 1556, 1578, 1579, 17, 39, 40, 41, 42, 43, 22, 23, 70]
gid1
gid70
[1, 1336, 1358, 1380, 1402, 1424, 1446, 1468, 1490, 1512, 1534, 1556, 1557, 1579, 17, 39, 40, 41, 42, 43, 22, 23, 70]
gid1
gid70
[1, 1336, 1358, 1380, 1402, 1424, 1446, 1468, 1490, 1512, 1534, 1556, 1578, 16, 17, 18, 40, 41, 42, 43, 22, 23, 70]
gid1
gid70
[1, 1336, 1358, 1380, 1402, 1424, 1446, 1468, 1490, 1512, 1534, 1535, 1557, 1579, 17, 39, 40, 41, 42, 43, 22, 23, 70]
gid1
gid70
[1, 1336, 1358, 1380, 1402, 1424, 1446, 1468, 1490, 1512, 1513, 1535, 1557, 1579, 17, 39, 40, 41, 42, 43, 22, 23, 70]
gid1
gid70
[1, 1336, 1358, 1380, 1402, 1424, 1446, 1468, 1490, 1512, 1534, 1556, 1578, 1579, 17, 18, 40, 41, 42, 43, 22, 23, 70]
gid1
gid70
