[[1, 955, 956, 957, 958, 959, 960, 961, 962, 963, 964, 965, 987, 1009, 1031, 1053, 1075, 1097, 1119, 1141, 1163, 1185, 1207, 1229, 1251, 1273, 715], [1, 23, 1, 0, 21, 20, 19, 1581, 1559, 1537, 1515, 1493, 1471, 1449, 1427, 1405, 1383, 1361, 1339, 715], [1, 977, 978, 979, 980, 981, 982, 983, 984, 985, 986, 987, 1009, 1031, 1053, 1075, 1097, 1119, 1141, 1163, 1185, 1207, 1229, 1251, 1273, 715], [1, 2, 1, 0, 21, 20, 19, 1581, 1559, 1537, 1515, 1493, 1471, 1449, 1427, 1405, 1383, 1361, 1339, 715]]
2000/01/01 00:00:00.000000
[1, 955, 956, 957, 958, 959, 960, 961, 962, 963, 964, 965, 987, 1009, 1031, 1053, 1075, 1097, 1119, 1141, 1163, 1185, 1207, 1229, 1251, 1273, 715]
gid1
gid715
[1, 23, 1, 0, 21, 20, 19, 1581, 1559, 1537, 1515, 1493, 1471, 1449, 1427, 1405, 1383, 1361, 1339, 715]
gid1
gid715
[1, 977, 978, 979, 980, 981, 982, 983, 984, 985, 986, 987, 1009, 1031, 1053, 1075, 1097, 1119, 1141, 1163, 1185, 1207, 1229, 1251, 1273, 715]
gid1
gid715
[1, 2, 1, 0, 21, 20, 19, 1581, 1559, 1537, 1515, 1493, 1471, 1449, 1427, 1405, 1383, 1361, 1339, 715]
gid1
gid715
