[[1, 38, 39, 40, 41, 42, 43, 22, 23, 89], [1, 38, 60, 61, 62, 63, 64, 65, 44, 45, 89], [1, 38, 39, 61, 62, 63, 64, 65, 44, 45, 89], [1, 38, 39, 40, 62, 63, 64, 65, 44, 45, 89], [1, 38, 39, 40, 41, 63, 64, 65, 44, 45, 89], [1, 38, 39, 40, 41, 42, 64, 65, 44, 45, 89], [1, 38, 39, 40, 41, 42, 43, 22, 23, 45, 89], [1, 38, 39, 40, 41, 42, 43, 65, 44, 45, 89]]
2000/01/01 00:00:00.000000
[1, 38, 39, 40, 41, 42, 43, 22, 23, 89]
gid1
gid89
[1, 38, 60, 61, 62, 63, 64, 65, 44, 45, 89]
gid1
gid89
[1, 38, 39, 61, 62, 63, 64, 65, 44, 45, 89]
gid1
gid89
[1, 38, 39, 40, 62, 63, 64, 65, 44, 45, 89]
gid1
gid89
[1, 38, 39, 40, 41, 63, 64, 65, 44, 45, 89]
gid1
gid89
[1, 38, 39, 40, 41, 42, 64, 65, 44, 45, 89]
gid1
gid89
[1, 38, 39, 40, 41, 42, 43, 22, 23, 45, 89]
gid1
gid89
[1, 38, 39, 40, 41, 42, 43, 65, 44, 45, 89]
gid1
gid89
