[[1, 955, 956, 957, 958, 959, 960, 961, 962, 963, 985, 1007, 1029, 1051, 1073, 1095, 1117, 1139, 1161, 1183, 1205, 1227, 1249, 1271, 1293, 1315, 1337, 1359, 1381, 1403, 1425, 1447, 1469, 1491, 1513, 1535, 1557, 89], [1, 23, 22, 43, 42, 41, 40, 39, 38, 89], [1, 977, 978, 979, 980, 981, 982, 983, 984, 985, 1007, 1029, 1051, 1073, 1095, 1117, 1139, 1161, 1183, 1205, 1227, 1249, 1271, 1293, 1315, 1337, 1359, 1381, 1403, 1425, 1447, 1469, 1491, 1513, 1535, 1557, 89], [1, 2, 1, 0, 21, 20, 19, 18, 17, 1579, 1557, 89]]
2000/01/01 00:00:00.000000
[1, 955, 956, 957, 958, 959, 960, 961, 962, 963, 985, 1007, 1029, 1051, 1073, 1095, 1117, 1139, 1161, 1183, 1205, 1227, 1249, 1271, 1293, 1315, 1337, 1359, 1381, 1403, 1425, 1447, 1469, 1491, 1513, 1535, 1557, 89]
gid1
gid89
[1, 23, 22, 43, 42, 41, 40, 39, 38, 89]
gid1
gid89
[1, 977, 978, 979, 980, 981, 982, 983, 984, 985, 1007, 1029, 1051, 1073, 1095, 1117, 1139, 1161, 1183, 1205, 1227, 1249, 1271, 1293, 1315, 1337, 1359, 1381, 1403, 1425, 1447, 1469, 1491, 1513, 1535, 1557, 89]
gid1
gid89
[1, 2, 1, 0, 21, 20, 19, 18, 17, 1579, 1557, 89]
gid1
gid89
