[[2, 998, 976, 954, 955, 956, 957, 1199], [2, 1564, 1563, 1562, 0, 22, 44, 66, 88, 110, 132, 154, 175, 1199], [2, 1020, 998, 976, 954, 955, 956, 957, 1199], [2, 1543, 1542, 1541, 1540, 1562, 0, 22, 44, 66, 88, 110, 132, 154, 175, 1199]]
2000/01/01 00:00:00.000000
[2, 998, 976, 954, 955, 956, 957, 1199]
gid2
gid1199
[2, 1564, 1563, 1562, 0, 22, 44, 66, 88, 110, 132, 154, 175, 1199]
gid2
gid1199
[2, 1020, 998, 976, 954, 955, 956, 957, 1199]
gid2
gid1199
[2, 1543, 1542, 1541, 1540, 1562, 0, 22, 44, 66, 88, 110, 132, 154, 175, 1199]
gid2
gid1199
