[[2, 1043, 1042, 1649], [2, 1043, 1042, 1064, 1649], [2, 1043, 1065, 1064, 1649], [2, 1043, 1042, 1020, 1649], [2, 1043, 1021, 1020, 1649], [2, 1022, 1021, 1020, 1649], [2, 1043, 1065, 1064, 1042, 1649], [2, 1000, 999, 998, 1649]]
2000/01/01 00:00:00.000000
[2, 1043, 1042, 1649]
gid2
gid1649
[2, 1043, 1042, 1064, 1649]
gid2
gid1649
[2, 1043, 1065, 1064, 1649]
gid2
gid1649
[2, 1043, 1042, 1020, 1649]
gid2
gid1649
[2, 1043, 1021, 1020, 1649]
gid2
gid1649
[2, 1022, 1021, 1020, 1649]
gid2
gid1649
[2, 1043, 1065, 1064, 1042, 1649]
gid2
gid1649
[2, 1000, 999, 998, 1649]
gid2
gid1649
