[[2, 998, 976, 975, 974, 973, 972, 971, 970, 969, 1787], [2, 1564, 1565, 1566, 1567, 1568, 1569, 1570, 1571, 1572, 10, 32, 54, 76, 98, 120, 142, 164, 186, 208, 230, 1787], [2, 1020, 998, 976, 975, 974, 973, 972, 971, 970, 969, 1787], [2, 1543, 1544, 1545, 1546, 1547, 1548, 1549, 1550, 1572, 10, 32, 54, 76, 98, 120, 142, 164, 186, 208, 230, 1787]]
2000/01/01 00:00:00.000000
[2, 998, 976, 975, 974, 973, 972, 971, 970, 969, 1787]
gid2
gid1787
[2, 1564, 1565, 1566, 1567, 1568, 1569, 1570, 1571, 1572, 10, 32, 54, 76, 98, 120, 142, 164, 186, 208, 230, 1787]
gid2
gid1787
[2, 1020, 998, 976, 975, 974, 973, 972, 971, 970, 969, 1787]
gid2
gid1787
[2, 1543, 1544, 1545, 1546, 1547, 1548, 1549, 1550, 1572, 10, 32, 54, 76, 98, 120, 142, 164, 186, 208, 230, 1787]
gid2
gid1787
