[[2, 969, 970, 971, 972, 973, 995, 996, 997, 998, 1787], [2, 969, 970, 971, 972, 973, 974, 996, 997, 998, 1787], [2, 969, 970, 971, 972, 994, 995, 996, 997, 998, 1787], [2, 969, 970, 971, 972, 973, 974, 975, 997, 998, 1787], [2, 969, 970, 971, 993, 994, 995, 996, 997, 998, 1787], [2, 969, 970, 971, 972, 973, 974, 975, 976, 998, 1787], [2, 969, 970, 992, 993, 994, 995, 996, 997, 998, 1787], [2, 969, 991, 992, 993, 994, 995, 996, 997, 998, 1787]]
2000/01/01 00:00:00.000000
[2, 969, 970, 971, 972, 973, 995, 996, 997, 998, 1787]
gid2
gid1787
[2, 969, 970, 971, 972, 973, 974, 996, 997, 998, 1787]
gid2
gid1787
[2, 969, 970, 971, 972, 994, 995, 996, 997, 998, 1787]
gid2
gid1787
[2, 969, 970, 971, 972, 973, 974, 975, 997, 998, 1787]
gid2
gid1787
[2, 969, 970, 971, 993, 994, 995, 996, 997, 998, 1787]
gid2
gid1787
[2, 969, 970, 971, 972, 973, 974, 975, 976, 998, 1787]
gid2
gid1787
[2, 969, 970, 992, 993, 994, 995, 996, 997, 998, 1787]
gid2
gid1787
[2, 969, 991, 992, 993, 994, 995, 996, 997, 998, 1787]
gid2
gid1787
