[[2, 998, 997, 996, 995, 994, 993, 992, 1014, 1036, 1058, 1080, 1102, 1124, 1146, 1892], [2, 1564, 1542, 1520, 1498, 1476, 1454, 1432, 1410, 1388, 1366, 1344, 1322, 1300, 1278, 1256, 1234, 1212, 1190, 1892], [2, 1020, 1019, 1018, 1017, 1016, 1015, 1014, 1036, 1058, 1080, 1102, 1124, 1146, 1892], [2, 1543, 1521, 1499, 1477, 1455, 1433, 1411, 1389, 1367, 1345, 1323, 1301, 1279, 1257, 1235, 1213, 1191, 1190, 1892]]
2000/01/01 00:00:00.000000
[2, 998, 997, 996, 995, 994, 993, 992, 1014, 1036, 1058, 1080, 1102, 1124, 1146, 1892]
gid2
gid1892
[2, 1564, 1542, 1520, 1498, 1476, 1454, 1432, 1410, 1388, 1366, 1344, 1322, 1300, 1278, 1256, 1234, 1212, 1190, 1892]
gid2
gid1892
[2, 1020, 1019, 1018, 1017, 1016, 1015, 1014, 1036, 1058, 1080, 1102, 1124, 1146, 1892]
gid2
gid1892
[2, 1543, 1521, 1499, 1477, 1455, 1433, 1411, 1389, 1367, 1345, 1323, 1301, 1279, 1257, 1235, 1213, 1191, 1190, 1892]
gid2
gid1892
