[[2, 1042, 2099], [2, 1042, 1064, 2099], [2, 1086, 1064, 2099], [2, 1042, 1020, 2099], [2, 24, 2, 1564, 2099], [2, 1086, 1085, 2099], [2, 3, 1565, 1543, 2099], [2, 1086, 1064, 1042, 2099]]
2000/01/01 00:00:00.000000
[2, 1042, 2099]
gid2
gid2099
[2, 1042, 1064, 2099]
gid2
gid2099
[2, 1086, 1064, 2099]
gid2
gid2099
[2, 1042, 1020, 2099]
gid2
gid2099
[2, 24, 2, 1564, 2099]
gid2
gid2099
[2, 1086, 1085, 2099]
gid2
gid2099
[2, 3, 1565, 1543, 2099]
gid2
gid2099
[2, 1086, 1064, 1042, 2099]
gid2
gid2099
