[[2, 998, 1020, 1042, 1064, 1086, 1108, 1130, 1152, 1174, 1196, 1218, 2109], [2, 1564, 2, 24, 46, 68, 90, 112, 134, 156, 178, 200, 2109], [2, 1020, 1042, 1064, 1086, 1108, 1130, 1152, 1174, 1196, 1218, 2109], [2, 1543, 1565, 3, 25, 47, 69, 91, 113, 135, 157, 179, 2109]]
2000/01/01 00:00:00.000000
[2, 998, 1020, 1042, 1064, 1086, 1108, 1130, 1152, 1174, 1196, 1218, 2109]
gid2
gid2109
[2, 1564, 2, 24, 46, 68, 90, 112, 134, 156, 178, 200, 2109]
gid2
gid2109
[2, 1020, 1042, 1064, 1086, 1108, 1130, 1152, 1174, 1196, 1218, 2109]
gid2
gid2109
[2, 1543, 1565, 3, 25, 47, 69, 91, 113, 135, 157, 179, 2109]
gid2
gid2109
