[[2, 1565, 1543, 2370], [2, 1565, 1564, 2370], [2, 1544, 1543, 2370], [2, 1500, 1499, 2370], [2, 3, 1565, 1543, 2370], [2, 1478, 1477, 2370], [2, 1108, 1086, 1064, 2370], [2, 1129, 1107, 1085, 2370]]
2000/01/01 00:00:00.000000
[2, 1565, 1543, 2370]
gid2
gid2370
[2, 1565, 1564, 2370]
gid2
gid2370
[2, 1544, 1543, 2370]
gid2
gid2370
[2, 1500, 1499, 2370]
gid2
gid2370
[2, 3, 1565, 1543, 2370]
gid2
gid2370
[2, 1478, 1477, 2370]
gid2
gid2370
[2, 1108, 1086, 1064, 2370]
gid2
gid2370
[2, 1129, 1107, 1085, 2370]
gid2
gid2370
