[[2, 117, 116, 115, 93, 71, 49, 27, 5, 1567, 1545, 1544, 1543, 2491], [2, 117, 116, 94, 93, 71, 49, 27, 5, 1567, 1545, 1544, 1543, 2491], [2, 117, 116, 115, 93, 71, 49, 27, 5, 1567, 1566, 1544, 1543, 2491], [2, 117, 116, 94, 72, 71, 49, 27, 5, 1567, 1545, 1544, 1543, 2491], [2, 117, 116, 94, 93, 71, 49, 27, 5, 1567, 1566, 1544, 1543, 2491], [2, 117, 116, 94, 72, 50, 49, 27, 5, 1567, 1545, 1544, 1543, 2491], [2, 117, 95, 94, 93, 71, 49, 27, 5, 1567, 1545, 1544, 1543, 2491], [2, 117, 116, 94, 72, 71, 49, 27, 5, 1567, 1566, 1544, 1543, 2491]]
2000/01/01 00:00:00.000000
[2, 117, 116, 115, 93, 71, 49, 27, 5, 1567, 1545, 1544, 1543, 2491]
gid2
gid2491
[2, 117, 116, 94, 93, 71, 49, 27, 5, 1567, 1545, 1544, 1543, 2491]
gid2
gid2491
[2, 117, 116, 115, 93, 71, 49, 27, 5, 1567, 1566, 1544, 1543, 2491]
gid2
gid2491
[2, 117, 116, 94, 72, 71, 49, 27, 5, 1567, 1545, 1544, 1543, 2491]
gid2
gid2491
[2, 117, 116, 94, 93, 71, 49, 27, 5, 1567, 1566, 1544, 1543, 2491]
gid2
gid2491
[2, 117, 116, 94, 72, 50, 49, 27, 5, 1567, 1545, 1544, 1543, 2491]
gid2
gid2491
[2, 117, 95, 94, 93, 71, 49, 27, 5, 1567, 1545, 1544, 1543, 2491]
gid2
gid2491
[2, 117, 116, 94, 72, 71, 49, 27, 5, 1567, 1566, 1544, 1543, 2491]
gid2
gid2491
