[[2, 1139, 1138, 1116, 1094, 1072, 1071, 1070, 1069, 1068, 1067, 1066, 1065, 1064, 250], [2, 1139, 1117, 1116, 1094, 1072, 1071, 1070, 1069, 1068, 1067, 1066, 1065, 1064, 250], [2, 1139, 1138, 1116, 1094, 1093, 1071, 1070, 1069, 1068, 1067, 1066, 1065, 1064, 250], [2, 1139, 1117, 1095, 1094, 1072, 1071, 1070, 1069, 1068, 1067, 1066, 1065, 1064, 250], [2, 1139, 1117, 1116, 1094, 1093, 1071, 1070, 1069, 1068, 1067, 1066, 1065, 1064, 250], [2, 1139, 1117, 1095, 1073, 1072, 1071, 1070, 1069, 1068, 1067, 1066, 1065, 1064, 250], [2, 1139, 1117, 1095, 1094, 1093, 1071, 1070, 1069, 1068, 1067, 1066, 1065, 1064, 250], [2, 1139, 1138, 1116, 1094, 1093, 1092, 1070, 1069, 1068, 1067, 1066, 1065, 1064, 250]]
2000/01/01 00:00:00.000000
[2, 1139, 1138, 1116, 1094, 1072, 1071, 1070, 1069, 1068, 1067, 1066, 1065, 1064, 250]
gid2
gid250
[2, 1139, 1117, 1116, 1094, 1072, 1071, 1070, 1069, 1068, 1067, 1066, 1065, 1064, 250]
gid2
gid250
[2, 1139, 1138, 1116, 1094, 1093, 1071, 1070, 1069, 1068, 1067, 1066, 1065, 1064, 250]
gid2
gid250
[2, 1139, 1117, 1095, 1094, 1072, 1071, 1070, 1069, 1068, 1067, 1066, 1065, 1064, 250]
gid2
gid250
[2, 1139, 1117, 1116, 1094, 1093, 1071, 1070, 1069, 1068, 1067, 1066, 1065, 1064, 250]
gid2
gid250
[2, 1139, 1117, 1095, 1073, 1072, 1071, 1070, 1069, 1068, 1067, 1066, 1065, 1064, 250]
gid2
gid250
[2, 1139, 1117, 1095, 1094, 1093, 1071, 1070, 1069, 1068, 1067, 1066, 1065, 1064, 250]
gid2
gid250
[2, 1139, 1138, 1116, 1094, 1093, 1092, 1070, 1069, 1068, 1067, 1066, 1065, 1064, 250]
gid2
gid250
