[[2, 998, 999, 1000, 1001, 1002, 1003, 1004, 1005, 1006, 1007, 1029, 1051, 1073, 1095, 1117, 1139, 250], [2, 1564, 1542, 1520, 1498, 1476, 1454, 1453, 1452, 1473, 1472, 1471, 1470, 1469, 1468, 1467, 250], [2, 1020, 1021, 1022, 1023, 1024, 1025, 1026, 1027, 1028, 1029, 1051, 1073, 1095, 1117, 1139, 250], [2, 1543, 1521, 1499, 1477, 1455, 1454, 1453, 1452, 1473, 1472, 1471, 1470, 1469, 1468, 1467, 250]]
2000/01/01 00:00:00.000000
[2, 998, 999, 1000, 1001, 1002, 1003, 1004, 1005, 1006, 1007, 1029, 1051, 1073, 1095, 1117, 1139, 250]
gid2
gid250
[2, 1564, 1542, 1520, 1498, 1476, 1454, 1453, 1452, 1473, 1472, 1471, 1470, 1469, 1468, 1467, 250]
gid2
gid250
[2, 1020, 1021, 1022, 1023, 1024, 1025, 1026, 1027, 1028, 1029, 1051, 1073, 1095, 1117, 1139, 250]
gid2
gid250
[2, 1543, 1521, 1499, 1477, 1455, 1454, 1453, 1452, 1473, 1472, 1471, 1470, 1469, 1468, 1467, 250]
gid2
gid250
