[[2, 998, 997, 996, 1018, 1040, 1062, 1084, 1106, 1128, 1150, 1172, 1194, 1216, 1238, 1260, 1282, 1304, 1326, 1348, 1370, 1392, 1414, 1436, 2651], [2, 1564, 1565, 1566, 1567, 2651], [2, 1020, 1019, 1018, 1040, 1062, 1084, 1106, 1128, 1150, 1172, 1194, 1216, 1238, 1260, 1282, 1304, 1326, 1348, 1370, 1392, 1414, 1436, 2651], [2, 1543, 1521, 1522, 1523, 2651]]
2000/01/01 00:00:00.000000
[2, 998, 997, 996, 1018, 1040, 1062, 1084, 1106, 1128, 1150, 1172, 1194, 1216, 1238, 1260, 1282, 1304, 1326, 1348, 1370, 1392, 1414, 1436, 2651]
gid2
gid2651
[2, 1564, 1565, 1566, 1567, 2651]
gid2
gid2651
[2, 1020, 1019, 1018, 1040, 1062, 1084, 1106, 1128, 1150, 1172, 1194, 1216, 1238, 1260, 1282, 1304, 1326, 1348, 1370, 1392, 1414, 1436, 2651]
gid2
gid2651
[2, 1543, 1521, 1522, 1523, 2651]
gid2
gid2651
