[[2, 998, 999, 1000, 1001, 1002, 1003, 1004, 313], [2, 1564, 1563, 1562, 0, 22, 44, 66, 88, 110, 132, 154, 176, 198, 220, 242, 264, 286, 308, 330, 352, 374, 396, 418, 440, 462, 484, 506, 528, 550, 572, 594, 615, 614, 613, 612, 313], [2, 1020, 998, 999, 1000, 1001, 1002, 1003, 1004, 313], [2, 1543, 1521, 1499, 1477, 1455, 1433, 1411, 1389, 1367, 1345, 1323, 1301, 1279, 1257, 1235, 1213, 1191, 1169, 1147, 1125, 1103, 1081, 1059, 1037, 1015, 1014, 1013, 1012, 1033, 1032, 1031, 1030, 1029, 1028, 1027, 313]]
2000/01/01 00:00:00.000000
[2, 998, 999, 1000, 1001, 1002, 1003, 1004, 313]
gid2
gid313
[2, 1564, 1563, 1562, 0, 22, 44, 66, 88, 110, 132, 154, 176, 198, 220, 242, 264, 286, 308, 330, 352, 374, 396, 418, 440, 462, 484, 506, 528, 550, 572, 594, 615, 614, 613, 612, 313]
gid2
gid313
[2, 1020, 998, 999, 1000, 1001, 1002, 1003, 1004, 313]
gid2
gid313
[2, 1543, 1521, 1499, 1477, 1455, 1433, 1411, 1389, 1367, 1345, 1323, 1301, 1279, 1257, 1235, 1213, 1191, 1169, 1147, 1125, 1103, 1081, 1059, 1037, 1015, 1014, 1013, 1012, 1033, 1032, 1031, 1030, 1029, 1028, 1027, 313]
gid2
gid313
