[[2, 1004, 1003, 1002, 1001, 1000, 999, 998, 313], [2, 1048, 1047, 1046, 1045, 1044, 1043, 1042, 313], [2, 1004, 1026, 1025, 1024, 1023, 1022, 1021, 1020, 313], [2, 1004, 1003, 1002, 1001, 1000, 999, 998, 1020, 313], [2, 1004, 1003, 1025, 1024, 1023, 1022, 1021, 1020, 313], [2, 1004, 1003, 1002, 1001, 1000, 999, 1021, 1020, 313], [2, 1004, 1003, 1002, 1024, 1023, 1022, 1021, 1020, 313], [2, 1004, 1003, 1002, 1001, 1000, 1022, 1021, 1020, 313]]
2000/01/01 00:00:00.000000
[2, 1004, 1003, 1002, 1001, 1000, 999, 998, 313]
gid2
gid313
[2, 1048, 1047, 1046, 1045, 1044, 1043, 1042, 313]
gid2
gid313
[2, 1004, 1026, 1025, 1024, 1023, 1022, 1021, 1020, 313]
gid2
gid313
[2, 1004, 1003, 1002, 1001, 1000, 999, 998, 1020, 313]
gid2
gid313
[2, 1004, 1003, 1025, 1024, 1023, 1022, 1021, 1020, 313]
gid2
gid313
[2, 1004, 1003, 1002, 1001, 1000, 999, 1021, 1020, 313]
gid2
gid313
[2, 1004, 1003, 1002, 1024, 1023, 1022, 1021, 1020, 313]
gid2
gid313
[2, 1004, 1003, 1002, 1001, 1000, 1022, 1021, 1020, 313]
gid2
gid313
