[[2, 998, 976, 954, 932, 910, 888, 866, 844, 822, 800, 778, 756, 734, 712, 690, 668, 646, 624, 625, 626, 627, 628, 629, 630, 378], [2, 1564, 1563, 1562, 0, 22, 44, 66, 88, 110, 132, 153, 152, 151, 378], [2, 1020, 998, 976, 954, 932, 910, 888, 866, 844, 822, 800, 778, 756, 734, 712, 690, 668, 646, 624, 625, 626, 627, 628, 629, 630, 378], [2, 1543, 1542, 1541, 1540, 1562, 0, 22, 44, 66, 88, 110, 132, 153, 152, 151, 378]]
2000/01/01 00:00:00.000000
[2, 998, 976, 954, 932, 910, 888, 866, 844, 822, 800, 778, 756, 734, 712, 690, 668, 646, 624, 625, 626, 627, 628, 629, 630, 378]
gid2
gid378
[2, 1564, 1563, 1562, 0, 22, 44, 66, 88, 110, 132, 153, 152, 151, 378]
gid2
gid378
[2, 1020, 998, 976, 954, 932, 910, 888, 866, 844, 822, 800, 778, 756, 734, 712, 690, 668, 646, 624, 625, 626, 627, 628, 629, 630, 378]
gid2
gid378
[2, 1543, 1542, 1541, 1540, 1562, 0, 22, 44, 66, 88, 110, 132, 153, 152, 151, 378]
gid2
gid378
