[[2, 998, 976, 954, 932, 931, 930, 929, 928, 927, 926, 925, 924, 945, 944, 943, 694], [2, 1564, 1542, 1520, 1498, 1497, 1496, 1517, 1516, 1515, 1514, 1513, 1512, 1511, 1510, 1509, 694], [2, 1020, 998, 976, 954, 932, 931, 930, 929, 928, 927, 926, 925, 924, 945, 944, 943, 694], [2, 1543, 1521, 1499, 1500, 1501, 1502, 1503, 1504, 1505, 1506, 1507, 1508, 1509, 694]]
2000/01/01 00:00:00.000000
[2, 998, 976, 954, 932, 931, 930, 929, 928, 927, 926, 925, 924, 945, 944, 943, 694]
gid2
gid694
[2, 1564, 1542, 1520, 1498, 1497, 1496, 1517, 1516, 1515, 1514, 1513, 1512, 1511, 1510, 1509, 694]
gid2
gid694
[2, 1020, 998, 976, 954, 932, 931, 930, 929, 928, 927, 926, 925, 924, 945, 944, 943, 694]
gid2
gid694
[2, 1543, 1521, 1499, 1500, 1501, 1502, 1503, 1504, 1505, 1506, 1507, 1508, 1509, 694]
gid2
gid694
