[[2, 1509, 1508, 1507, 1506, 1505, 1504, 1503, 1502, 1501, 1500, 1499, 694], [2, 1487, 1486, 1485, 1484, 1483, 1482, 1481, 1480, 1479, 1478, 1477, 694], [2, 1487, 1486, 1485, 1484, 1483, 1482, 1481, 1480, 1479, 1501, 1500, 1499, 694], [2, 1487, 1486, 1485, 1484, 1483, 1482, 1481, 1480, 1502, 1501, 1500, 1499, 694], [2, 1487, 1486, 1485, 1484, 1483, 1482, 1481, 1480, 1479, 1478, 1500, 1499, 694], [2, 1487, 1486, 1485, 1484, 1483, 1482, 1481, 1503, 1502, 1501, 1500, 1499, 694], [2, 1487, 1486, 1485, 1484, 1483, 1482, 1481, 1480, 1479, 1478, 1477, 1499, 694], [2, 1487, 1486, 1485, 1484, 1483, 1482, 1504, 1503, 1502, 1501, 1500, 1499, 694]]
2000/01/01 00:00:00.000000
[2, 1509, 1508, 1507, 1506, 1505, 1504, 1503, 1502, 1501, 1500, 1499, 694]
gid2
gid694
[2, 1487, 1486, 1485, 1484, 1483, 1482, 1481, 1480, 1479, 1478, 1477, 694]
gid2
gid694
[2, 1487, 1486, 1485, 1484, 1483, 1482, 1481, 1480, 1479, 1501, 1500, 1499, 694]
gid2
gid694
[2, 1487, 1486, 1485, 1484, 1483, 1482, 1481, 1480, 1502, 1501, 1500, 1499, 694]
gid2
gid694
[2, 1487, 1486, 1485, 1484, 1483, 1482, 1481, 1480, 1479, 1478, 1500, 1499, 694]
gid2
gid694
[2, 1487, 1486, 1485, 1484, 1483, 1482, 1481, 1503, 1502, 1501, 1500, 1499, 694]
gid2
gid694
[2, 1487, 1486, 1485, 1484, 1483, 1482, 1481, 1480, 1479, 1478, 1477, 1499, 694]
gid2
gid694
[2, 1487, 1486, 1485, 1484, 1483, 1482, 1504, 1503, 1502, 1501, 1500, 1499, 694]
gid2
gid694
