[[2, 1164, 1165, 1144, 1145, 1146, 1147, 1148, 1149, 1127, 1105, 1083, 1084, 1085, 711], [2, 1164, 1165, 1144, 1145, 1146, 1147, 1148, 1149, 1127, 1105, 1106, 1084, 1085, 711], [2, 1164, 1165, 1144, 1145, 1146, 1147, 1148, 1149, 1127, 1128, 1106, 1084, 1085, 711], [2, 1164, 1165, 1144, 1145, 1146, 1147, 1148, 1149, 1150, 1128, 1106, 1084, 1085, 711], [2, 1164, 1165, 1144, 1145, 1146, 1147, 1148, 1126, 1127, 1105, 1083, 1084, 1085, 711], [2, 1164, 1165, 1144, 1145, 1146, 1147, 1148, 1126, 1127, 1105, 1106, 1084, 1085, 711], [2, 1164, 1165, 1144, 1145, 1146, 1147, 1148, 1126, 1104, 1105, 1083, 1084, 1085, 711], [2, 1164, 1165, 1144, 1145, 1146, 1147, 1148, 1126, 1127, 1128, 1106, 1084, 1085, 711]]
2000/01/01 00:00:00.000000
[2, 1164, 1165, 1144, 1145, 1146, 1147, 1148, 1149, 1127, 1105, 1083, 1084, 1085, 711]
gid2
gid711
[2, 1164, 1165, 1144, 1145, 1146, 1147, 1148, 1149, 1127, 1105, 1106, 1084, 1085, 711]
gid2
gid711
[2, 1164, 1165, 1144, 1145, 1146, 1147, 1148, 1149, 1127, 1128, 1106, 1084, 1085, 711]
gid2
gid711
[2, 1164, 1165, 1144, 1145, 1146, 1147, 1148, 1149, 1150, 1128, 1106, 1084, 1085, 711]
gid2
gid711
[2, 1164, 1165, 1144, 1145, 1146, 1147, 1148, 1126, 1127, 1105, 1083, 1084, 1085, 711]
gid2
gid711
[2, 1164, 1165, 1144, 1145, 1146, 1147, 1148, 1126, 1127, 1105, 1106, 1084, 1085, 711]
gid2
gid711
[2, 1164, 1165, 1144, 1145, 1146, 1147, 1148, 1126, 1104, 1105, 1083, 1084, 1085, 711]
gid2
gid711
[2, 1164, 1165, 1144, 1145, 1146, 1147, 1148, 1126, 1127, 1128, 1106, 1084, 1085, 711]
gid2
gid711
