[[2, 998, 997, 996, 995, 994, 993, 992, 991, 990, 1012, 1034, 1056, 1078, 1100, 1122, 1144, 1165, 1164, 711], [2, 1564, 1542, 1520, 1498, 1476, 1454, 1432, 1410, 1388, 1366, 1344, 1322, 1300, 1278, 1256, 1234, 1233, 1232, 1253, 1252, 1251, 711], [2, 1020, 1019, 1018, 1017, 1016, 1015, 1014, 1013, 1012, 1034, 1056, 1078, 1100, 1122, 1144, 1165, 1164, 711], [2, 1543, 1521, 1499, 1477, 1455, 1433, 1411, 1389, 1367, 1345, 1323, 1301, 1279, 1257, 1235, 1234, 1233, 1232, 1253, 1252, 1251, 711]]
2000/01/01 00:00:00.000000
[2, 998, 997, 996, 995, 994, 993, 992, 991, 990, 1012, 1034, 1056, 1078, 1100, 1122, 1144, 1165, 1164, 711]
gid2
gid711
[2, 1564, 1542, 1520, 1498, 1476, 1454, 1432, 1410, 1388, 1366, 1344, 1322, 1300, 1278, 1256, 1234, 1233, 1232, 1253, 1252, 1251, 711]
gid2
gid711
[2, 1020, 1019, 1018, 1017, 1016, 1015, 1014, 1013, 1012, 1034, 1056, 1078, 1100, 1122, 1144, 1165, 1164, 711]
gid2
gid711
[2, 1543, 1521, 1499, 1477, 1455, 1433, 1411, 1389, 1367, 1345, 1323, 1301, 1279, 1257, 1235, 1234, 1233, 1232, 1253, 1252, 1251, 711]
gid2
gid711
