[[2, 998, 999, 1000, 1001, 1002, 1003, 1004, 1005, 1006, 1007, 1029, 1051, 1073, 1095, 1117, 1139, 1161, 1183, 1205, 1227, 1249, 1271, 1293, 1315, 1337, 1359, 1381, 1403, 1425, 1447, 1469, 84], [2, 1564, 1563, 1562, 0, 21, 20, 19, 18, 17, 16, 84], [2, 1020, 1021, 1022, 1023, 1024, 1025, 1026, 1027, 1028, 1029, 1051, 1073, 1095, 1117, 1139, 1161, 1183, 1205, 1227, 1249, 1271, 1293, 1315, 1337, 1359, 1381, 1403, 1425, 1447, 1469, 84], [2, 1543, 1521, 1520, 1519, 1518, 1539, 1538, 1537, 1536, 1535, 1534, 84]]
2000/01/01 00:00:00.000000
[2, 998, 999, 1000, 1001, 1002, 1003, 1004, 1005, 1006, 1007, 1029, 1051, 1073, 1095, 1117, 1139, 1161, 1183, 1205, 1227, 1249, 1271, 1293, 1315, 1337, 1359, 1381, 1403, 1425, 1447, 1469, 84]
gid2
gid84
[2, 1564, 1563, 1562, 0, 21, 20, 19, 18, 17, 16, 84]
gid2
gid84
[2, 1020, 1021, 1022, 1023, 1024, 1025, 1026, 1027, 1028, 1029, 1051, 1073, 1095, 1117, 1139, 1161, 1183, 1205, 1227, 1249, 1271, 1293, 1315, 1337, 1359, 1381, 1403, 1425, 1447, 1469, 84]
gid2
gid84
[2, 1543, 1521, 1520, 1519, 1518, 1539, 1538, 1537, 1536, 1535, 1534, 84]
gid2
gid84
