[[3, 1265, 1264, 1263, 1262, 1261, 1260, 1238, 1309], [3, 1265, 1264, 1263, 1262, 1261, 1239, 1238, 1309], [3, 1265, 1264, 1263, 1262, 1240, 1239, 1238, 1309], [3, 1265, 1264, 1263, 1241, 1240, 1239, 1238, 1309], [3, 1265, 1264, 1242, 1241, 1240, 1239, 1238, 1309], [3, 1265, 1243, 1242, 1241, 1240, 1239, 1238, 1309], [3, 1309, 1308, 1307, 1306, 1305, 1304, 1303, 1309], [3, 1331, 1330, 1329, 1328, 1327, 1326, 1325, 1309]]
2000/01/01 00:00:00.000000
[3, 1265, 1264, 1263, 1262, 1261, 1260, 1238, 1309]
gid3
gid1309
[3, 1265, 1264, 1263, 1262, 1261, 1239, 1238, 1309]
gid3
gid1309
[3, 1265, 1264, 1263, 1262, 1240, 1239, 1238, 1309]
gid3
gid1309
[3, 1265, 1264, 1263, 1241, 1240, 1239, 1238, 1309]
gid3
gid1309
[3, 1265, 1264, 1242, 1241, 1240, 1239, 1238, 1309]
gid3
gid1309
[3, 1265, 1243, 1242, 1241, 1240, 1239, 1238, 1309]
gid3
gid1309
[3, 1309, 1308, 1307, 1306, 1305, 1304, 1303, 1309]
gid3
gid1309
[3, 1331, 1330, 1329, 1328, 1327, 1326, 1325, 1309]
gid3
gid1309
