[[3, 1325, 1324, 1323, 1322, 1321, 1537], [3, 1238, 1237, 1236, 1235, 1234, 1233, 1255, 1277, 1299, 1321, 1537], [3, 1259, 1258, 1257, 1256, 1255, 1277, 1299, 1321, 1537], [3, 1303, 1302, 1301, 1300, 1299, 1321, 1537]]
2000/01/01 00:00:00.000000
[3, 1325, 1324, 1323, 1322, 1321, 1537]
gid3
gid1537
[3, 1238, 1237, 1236, 1235, 1234, 1233, 1255, 1277, 1299, 1321, 1537]
gid3
gid1537
[3, 1259, 1258, 1257, 1256, 1255, 1277, 1299, 1321, 1537]
gid3
gid1537
[3, 1303, 1302, 1301, 1300, 1299, 1321, 1537]
gid3
gid1537
