[[3, 1410, 1411, 1412, 1390, 1816], [3, 1410, 1411, 1389, 1390, 1816], [3, 1410, 1388, 1389, 1390, 1816], [3, 1410, 1411, 1412, 1434, 1816], [3, 1410, 1411, 1433, 1434, 1816], [3, 1410, 1432, 1433, 1434, 1816], [3, 1431, 1432, 1433, 1434, 1816], [3, 1410, 1388, 1389, 1411, 1412, 1390, 1816]]
2000/01/01 00:00:00.000000
[3, 1410, 1411, 1412, 1390, 1816]
gid3
gid1816
[3, 1410, 1411, 1389, 1390, 1816]
gid3
gid1816
[3, 1410, 1388, 1389, 1390, 1816]
gid3
gid1816
[3, 1410, 1411, 1412, 1434, 1816]
gid3
gid1816
[3, 1410, 1411, 1433, 1434, 1816]
gid3
gid1816
[3, 1410, 1432, 1433, 1434, 1816]
gid3
gid1816
[3, 1431, 1432, 1433, 1434, 1816]
gid3
gid1816
[3, 1410, 1388, 1389, 1411, 1412, 1390, 1816]
gid3
gid1816
