[[3, 1470, 1471, 1472, 1473, 1452, 1453, 1454, 1455, 1456, 1434, 180], [3, 1470, 1448, 1449, 1450, 1451, 1430, 1431, 1432, 1433, 1434, 180], [3, 1470, 1471, 1472, 1473, 1452, 1453, 1454, 1455, 1433, 1434, 180], [3, 1470, 1471, 1449, 1450, 1451, 1430, 1431, 1432, 1433, 1434, 180], [3, 1470, 1471, 1472, 1473, 1452, 1453, 1454, 1432, 1433, 1434, 180], [3, 1470, 1471, 1472, 1450, 1451, 1430, 1431, 1432, 1433, 1434, 180], [3, 1470, 1471, 1472, 1473, 1452, 1453, 1431, 1432, 1433, 1434, 180], [3, 1470, 1471, 1472, 1473, 1451, 1430, 1431, 1432, 1433, 1434, 180]]
2000/01/01 00:00:00.000000
[3, 1470, 1471, 1472, 1473, 1452, 1453, 1454, 1455, 1456, 1434, 180]
gid3
gid180
[3, 1470, 1448, 1449, 1450, 1451, 1430, 1431, 1432, 1433, 1434, 180]
gid3
gid180
[3, 1470, 1471, 1472, 1473, 1452, 1453, 1454, 1455, 1433, 1434, 180]
gid3
gid180
[3, 1470, 1471, 1449, 1450, 1451, 1430, 1431, 1432, 1433, 1434, 180]
gid3
gid180
[3, 1470, 1471, 1472, 1473, 1452, 1453, 1454, 1432, 1433, 1434, 180]
gid3
gid180
[3, 1470, 1471, 1472, 1450, 1451, 1430, 1431, 1432, 1433, 1434, 180]
gid3
gid180
[3, 1470, 1471, 1472, 1473, 1452, 1453, 1431, 1432, 1433, 1434, 180]
gid3
gid180
[3, 1470, 1471, 1472, 1473, 1451, 1430, 1431, 1432, 1433, 1434, 180]
gid3
gid180
