[[3, 1439, 1438, 1437, 1436, 1435, 1434, 1942], [3, 1482, 1481, 1480, 1479, 1457, 1435, 1434, 1942], [3, 1482, 1481, 1480, 1458, 1457, 1435, 1434, 1942], [3, 1482, 1481, 1480, 1458, 1436, 1435, 1434, 1942], [3, 1482, 1481, 1459, 1458, 1457, 1435, 1434, 1942], [3, 1482, 1481, 1480, 1479, 1457, 1456, 1434, 1942], [3, 1482, 1481, 1480, 1458, 1457, 1456, 1434, 1942], [3, 1482, 1481, 1459, 1458, 1436, 1435, 1434, 1942]]
2000/01/01 00:00:00.000000
[3, 1439, 1438, 1437, 1436, 1435, 1434, 1942]
gid3
gid1942
[3, 1482, 1481, 1480, 1479, 1457, 1435, 1434, 1942]
gid3
gid1942
[3, 1482, 1481, 1480, 1458, 1457, 1435, 1434, 1942]
gid3
gid1942
[3, 1482, 1481, 1480, 1458, 1436, 1435, 1434, 1942]
gid3
gid1942
[3, 1482, 1481, 1459, 1458, 1457, 1435, 1434, 1942]
gid3
gid1942
[3, 1482, 1481, 1480, 1479, 1457, 1456, 1434, 1942]
gid3
gid1942
[3, 1482, 1481, 1480, 1458, 1457, 1456, 1434, 1942]
gid3
gid1942
[3, 1482, 1481, 1459, 1458, 1436, 1435, 1434, 1942]
gid3
gid1942
