[[3, 150, 151, 152, 153, 132, 133, 134, 135, 136, 114, 92, 70, 48, 26, 4, 1566, 1544, 1522, 1500, 1478, 1456, 1434, 195], [3, 150, 128, 129, 130, 131, 110, 111, 112, 113, 114, 92, 70, 48, 26, 4, 1566, 1544, 1522, 1500, 1478, 1456, 1434, 195], [3, 150, 128, 106, 107, 108, 109, 88, 89, 90, 91, 92, 70, 48, 26, 4, 1566, 1544, 1522, 1500, 1478, 1456, 1434, 195], [3, 150, 128, 129, 130, 131, 110, 111, 112, 113, 91, 92, 70, 48, 26, 4, 1566, 1544, 1522, 1500, 1478, 1456, 1434, 195], [3, 150, 151, 152, 153, 132, 133, 134, 135, 113, 114, 92, 70, 48, 26, 4, 1566, 1544, 1522, 1500, 1478, 1456, 1434, 195], [3, 150, 128, 106, 84, 85, 86, 87, 66, 67, 68, 69, 70, 48, 26, 4, 1566, 1544, 1522, 1500, 1478, 1456, 1434, 195], [3, 150, 128, 129, 107, 108, 109, 88, 89, 90, 91, 92, 70, 48, 26, 4, 1566, 1544, 1522, 1500, 1478, 1456, 1434, 195], [3, 150, 128, 106, 84, 62, 63, 64, 65, 44, 45, 46, 47, 48, 26, 4, 1566, 1544, 1522, 1500, 1478, 1456, 1434, 195]]
2000/01/01 00:00:00.000000
[3, 150, 151, 152, 153, 132, 133, 134, 135, 136, 114, 92, 70, 48, 26, 4, 1566, 1544, 1522, 1500, 1478, 1456, 1434, 195]
gid3
gid195
[3, 150, 128, 129, 130, 131, 110, 111, 112, 113, 114, 92, 70, 48, 26, 4, 1566, 1544, 1522, 1500, 1478, 1456, 1434, 195]
gid3
gid195
[3, 150, 128, 106, 107, 108, 109, 88, 89, 90, 91, 92, 70, 48, 26, 4, 1566, 1544, 1522, 1500, 1478, 1456, 1434, 195]
gid3
gid195
[3, 150, 128, 129, 130, 131, 110, 111, 112, 113, 91, 92, 70, 48, 26, 4, 1566, 1544, 1522, 1500, 1478, 1456, 1434, 195]
gid3
gid195
[3, 150, 151, 152, 153, 132, 133, 134, 135, 113, 114, 92, 70, 48, 26, 4, 1566, 1544, 1522, 1500, 1478, 1456, 1434, 195]
gid3
gid195
[3, 150, 128, 106, 84, 85, 86, 87, 66, 67, 68, 69, 70, 48, 26, 4, 1566, 1544, 1522, 1500, 1478, 1456, 1434, 195]
gid3
gid195
[3, 150, 128, 129, 107, 108, 109, 88, 89, 90, 91, 92, 70, 48, 26, 4, 1566, 1544, 1522, 1500, 1478, 1456, 1434, 195]
gid3
gid195
[3, 150, 128, 106, 84, 62, 63, 64, 65, 44, 45, 46, 47, 48, 26, 4, 1566, 1544, 1522, 1500, 1478, 1456, 1434, 195]
gid3
gid195
