[[3, 1325, 1326, 1327, 1328, 1329, 1351, 1373, 1395, 1417, 1439, 1942], [3, 1238, 1239, 1240, 1241, 1263, 1285, 1307, 1329, 1351, 1373, 1395, 1417, 1439, 1942], [3, 1259, 1260, 1261, 1262, 1263, 1285, 1307, 1329, 1351, 1373, 1395, 1417, 1439, 1942], [3, 1303, 1304, 1305, 1306, 1307, 1329, 1351, 1373, 1395, 1417, 1439, 1942]]
2000/01/01 00:00:00.000000
[3, 1325, 1326, 1327, 1328, 1329, 1351, 1373, 1395, 1417, 1439, 1942]
gid3
gid1942
[3, 1238, 1239, 1240, 1241, 1263, 1285, 1307, 1329, 1351, 1373, 1395, 1417, 1439, 1942]
gid3
gid1942
[3, 1259, 1260, 1261, 1262, 1263, 1285, 1307, 1329, 1351, 1373, 1395, 1417, 1439, 1942]
gid3
gid1942
[3, 1303, 1304, 1305, 1306, 1307, 1329, 1351, 1373, 1395, 1417, 1439, 1942]
gid3
gid1942
