[[3, 1325, 1324, 1323, 1322, 1321, 1320, 1342, 1364, 1386, 1408, 1430, 1452, 1474, 1496, 1518, 1540, 1562, 0, 22, 44, 66, 88, 110, 132, 153, 152, 151, 150, 195], [3, 1238, 1237, 1236, 1235, 1234, 1233, 1232, 1254, 1276, 1298, 1320, 1342, 1364, 1386, 1408, 1430, 1452, 1474, 1496, 1518, 1540, 1562, 0, 22, 44, 66, 88, 110, 132, 153, 152, 151, 150, 195], [3, 1259, 1258, 1257, 1256, 1255, 1254, 1276, 1298, 1320, 1342, 1364, 1386, 1408, 1430, 1452, 1474, 1496, 1518, 1540, 1562, 0, 22, 44, 66, 88, 110, 132, 153, 152, 151, 150, 195], [3, 1303, 1302, 1301, 1300, 1299, 1298, 1320, 1342, 1364, 1386, 1408, 1430, 1452, 1474, 1496, 1518, 1540, 1562, 0, 22, 44, 66, 88, 110, 132, 153, 152, 151, 150, 195]]
2000/01/01 00:00:00.000000
[3, 1325, 1324, 1323, 1322, 1321, 1320, 1342, 1364, 1386, 1408, 1430, 1452, 1474, 1496, 1518, 1540, 1562, 0, 22, 44, 66, 88, 110, 132, 153, 152, 151, 150, 195]
gid3
gid195
[3, 1238, 1237, 1236, 1235, 1234, 1233, 1232, 1254, 1276, 1298, 1320, 1342, 1364, 1386, 1408, 1430, 1452, 1474, 1496, 1518, 1540, 1562, 0, 22, 44, 66, 88, 110, 132, 153, 152, 151, 150, 195]
gid3
gid195
[3, 1259, 1258, 1257, 1256, 1255, 1254, 1276, 1298, 1320, 1342, 1364, 1386, 1408, 1430, 1452, 1474, 1496, 1518, 1540, 1562, 0, 22, 44, 66, 88, 110, 132, 153, 152, 151, 150, 195]
gid3
gid195
[3, 1303, 1302, 1301, 1300, 1299, 1298, 1320, 1342, 1364, 1386, 1408, 1430, 1452, 1474, 1496, 1518, 1540, 1562, 0, 22, 44, 66, 88, 110, 132, 153, 152, 151, 150, 195]
gid3
gid195
