[[3, 1412, 1390, 2273], [3, 1412, 1434, 2273], [3, 1433, 1434, 2273], [3, 1455, 1456, 1434, 2273], [3, 1455, 1433, 1434, 2273], [3, 1412, 1390, 1368, 1346, 2273], [3, 1433, 1455, 1456, 1434, 2273], [3, 1107, 1106, 1128, 2273]]
2000/01/01 00:00:00.000000
[3, 1412, 1390, 2273]
gid3
gid2273
[3, 1412, 1434, 2273]
gid3
gid2273
[3, 1433, 1434, 2273]
gid3
gid2273
[3, 1455, 1456, 1434, 2273]
gid3
gid2273
[3, 1455, 1433, 1434, 2273]
gid3
gid2273
[3, 1412, 1390, 1368, 1346, 2273]
gid3
gid2273
[3, 1433, 1455, 1456, 1434, 2273]
gid3
gid2273
[3, 1107, 1106, 1128, 2273]
gid3
gid2273
