[[3, 1325, 1326, 1348, 1370, 1392, 1414, 1436, 1458, 1480, 1502, 1524, 1546, 1568, 6, 28, 50, 72, 94, 116, 2578], [3, 1238, 1260, 1282, 1304, 1326, 1348, 1370, 1392, 1414, 1436, 1458, 1480, 1502, 1524, 1546, 1568, 6, 28, 50, 72, 94, 116, 2578], [3, 1259, 1260, 1282, 1304, 1326, 1348, 1370, 1392, 1414, 1436, 1458, 1480, 1502, 1524, 1546, 1568, 6, 28, 50, 72, 94, 116, 2578], [3, 1303, 1304, 1326, 1348, 1370, 1392, 1414, 1436, 1458, 1480, 1502, 1524, 1546, 1568, 6, 28, 50, 72, 94, 116, 2578]]
2000/01/01 00:00:00.000000
[3, 1325, 1326, 1348, 1370, 1392, 1414, 1436, 1458, 1480, 1502, 1524, 1546, 1568, 6, 28, 50, 72, 94, 116, 2578]
gid3
gid2578
[3, 1238, 1260, 1282, 1304, 1326, 1348, 1370, 1392, 1414, 1436, 1458, 1480, 1502, 1524, 1546, 1568, 6, 28, 50, 72, 94, 116, 2578]
gid3
gid2578
[3, 1259, 1260, 1282, 1304, 1326, 1348, 1370, 1392, 1414, 1436, 1458, 1480, 1502, 1524, 1546, 1568, 6, 28, 50, 72, 94, 116, 2578]
gid3
gid2578
[3, 1303, 1304, 1326, 1348, 1370, 1392, 1414, 1436, 1458, 1480, 1502, 1524, 1546, 1568, 6, 28, 50, 72, 94, 116, 2578]
gid3
gid2578
