[[3, 1325, 1324, 1323, 1322, 1321, 1320, 1341, 1340, 1339, 1338, 1337, 256], [3, 1238, 1237, 1236, 1235, 1234, 1233, 1232, 1253, 1252, 1251, 1250, 256], [3, 1259, 1237, 1236, 1235, 1234, 1233, 1232, 1253, 1252, 1251, 1250, 256], [3, 1303, 1302, 1301, 1300, 1299, 1298, 1319, 1318, 1317, 1316, 1315, 256]]
2000/01/01 00:00:00.000000
[3, 1325, 1324, 1323, 1322, 1321, 1320, 1341, 1340, 1339, 1338, 1337, 256]
gid3
gid256
[3, 1238, 1237, 1236, 1235, 1234, 1233, 1232, 1253, 1252, 1251, 1250, 256]
gid3
gid256
[3, 1259, 1237, 1236, 1235, 1234, 1233, 1232, 1253, 1252, 1251, 1250, 256]
gid3
gid256
[3, 1303, 1302, 1301, 1300, 1299, 1298, 1319, 1318, 1317, 1316, 1315, 256]
gid3
gid256
