[[3, 1325, 1324, 1323, 1322, 1321, 1320, 1342, 1364, 1386, 1408, 1430, 1452, 1474, 1496, 1518, 1540, 1562, 0, 22, 44, 66, 88, 110, 132, 154, 176, 198, 219, 218, 217, 565], [3, 1238, 1216, 1194, 1172, 1150, 1128, 1106, 1084, 1062, 1040, 1018, 996, 974, 952, 930, 908, 886, 864, 842, 820, 798, 776, 777, 778, 779, 780, 781, 782, 783, 565], [3, 1259, 1237, 1215, 1193, 1171, 1149, 1127, 1105, 1083, 1061, 1039, 1017, 995, 973, 951, 929, 907, 885, 863, 841, 819, 797, 775, 776, 777, 778, 779, 780, 781, 782, 783, 565], [3, 1303, 1302, 1301, 1300, 1299, 1298, 1320, 1342, 1364, 1386, 1408, 1430, 1452, 1474, 1496, 1518, 1540, 1562, 0, 22, 44, 66, 88, 110, 132, 154, 176, 198, 219, 218, 217, 565]]
2000/01/01 00:00:00.000000
[3, 1325, 1324, 1323, 1322, 1321, 1320, 1342, 1364, 1386, 1408, 1430, 1452, 1474, 1496, 1518, 1540, 1562, 0, 22, 44, 66, 88, 110, 132, 154, 176, 198, 219, 218, 217, 565]
gid3
gid565
[3, 1238, 1216, 1194, 1172, 1150, 1128, 1106, 1084, 1062, 1040, 1018, 996, 974, 952, 930, 908, 886, 864, 842, 820, 798, 776, 777, 778, 779, 780, 781, 782, 783, 565]
gid3
gid565
[3, 1259, 1237, 1215, 1193, 1171, 1149, 1127, 1105, 1083, 1061, 1039, 1017, 995, 973, 951, 929, 907, 885, 863, 841, 819, 797, 775, 776, 777, 778, 779, 780, 781, 782, 783, 565]
gid3
gid565
[3, 1303, 1302, 1301, 1300, 1299, 1298, 1320, 1342, 1364, 1386, 1408, 1430, 1452, 1474, 1496, 1518, 1540, 1562, 0, 22, 44, 66, 88, 110, 132, 154, 176, 198, 219, 218, 217, 565]
gid3
gid565
