[[3, 783, 782, 781, 780, 779, 778, 777, 776, 798, 820, 842, 864, 886, 908, 930, 952, 974, 996, 1018, 1040, 1062, 1084, 1106, 1128, 565], [3, 783, 782, 781, 780, 779, 778, 777, 799, 798, 820, 842, 864, 886, 908, 930, 952, 974, 996, 1018, 1040, 1062, 1084, 1106, 1128, 565], [3, 783, 782, 781, 780, 779, 778, 777, 799, 821, 820, 842, 864, 886, 908, 930, 952, 974, 996, 1018, 1040, 1062, 1084, 1106, 1128, 565], [3, 783, 782, 781, 780, 779, 778, 800, 799, 798, 820, 842, 864, 886, 908, 930, 952, 974, 996, 1018, 1040, 1062, 1084, 1106, 1128, 565], [3, 783, 782, 781, 780, 779, 778, 777, 799, 821, 843, 842, 864, 886, 908, 930, 952, 974, 996, 1018, 1040, 1062, 1084, 1106, 1128, 565], [3, 783, 782, 781, 780, 779, 778, 800, 799, 821, 820, 842, 864, 886, 908, 930, 952, 974, 996, 1018, 1040, 1062, 1084, 1106, 1128, 565], [3, 783, 782, 781, 780, 779, 778, 777, 799, 821, 843, 865, 864, 886, 908, 930, 952, 974, 996, 1018, 1040, 1062, 1084, 1106, 1128, 565], [3, 783, 805, 804, 803, 802, 801, 800, 799, 798, 820, 842, 864, 886, 908, 930, 952, 974, 996, 1018, 1040, 1062, 1084, 1106, 1128, 565]]
2000/01/01 00:00:00.000000
[3, 783, 782, 781, 780, 779, 778, 777, 776, 798, 820, 842, 864, 886, 908, 930, 952, 974, 996, 1018, 1040, 1062, 1084, 1106, 1128, 565]
gid3
gid565
[3, 783, 782, 781, 780, 779, 778, 777, 799, 798, 820, 842, 864, 886, 908, 930, 952, 974, 996, 1018, 1040, 1062, 1084, 1106, 1128, 565]
gid3
gid565
[3, 783, 782, 781, 780, 779, 778, 777, 799, 821, 820, 842, 864, 886, 908, 930, 952, 974, 996, 1018, 1040, 1062, 1084, 1106, 1128, 565]
gid3
gid565
[3, 783, 782, 781, 780, 779, 778, 800, 799, 798, 820, 842, 864, 886, 908, 930, 952, 974, 996, 1018, 1040, 1062, 1084, 1106, 1128, 565]
gid3
gid565
[3, 783, 782, 781, 780, 779, 778, 777, 799, 821, 843, 842, 864, 886, 908, 930, 952, 974, 996, 1018, 1040, 1062, 1084, 1106, 1128, 565]
gid3
gid565
[3, 783, 782, 781, 780, 779, 778, 800, 799, 821, 820, 842, 864, 886, 908, 930, 952, 974, 996, 1018, 1040, 1062, 1084, 1106, 1128, 565]
gid3
gid565
[3, 783, 782, 781, 780, 779, 778, 777, 799, 821, 843, 865, 864, 886, 908, 930, 952, 974, 996, 1018, 1040, 1062, 1084, 1106, 1128, 565]
gid3
gid565
[3, 783, 805, 804, 803, 802, 801, 800, 799, 798, 820, 842, 864, 886, 908, 930, 952, 974, 996, 1018, 1040, 1062, 1084, 1106, 1128, 565]
gid3
gid565
