[[3, 64, 65, 44, 45, 46, 47, 48, 26, 4, 1566, 1544, 1522, 1500, 1478, 1456, 1434, 738], [3, 64, 65, 44, 45, 46, 47, 25, 26, 4, 1566, 1544, 1522, 1500, 1478, 1456, 1434, 738], [3, 64, 65, 44, 45, 46, 47, 25, 3, 4, 1566, 1544, 1522, 1500, 1478, 1456, 1434, 738], [3, 64, 65, 44, 45, 46, 24, 25, 26, 4, 1566, 1544, 1522, 1500, 1478, 1456, 1434, 738], [3, 64, 65, 44, 45, 46, 47, 25, 3, 1565, 1566, 1544, 1522, 1500, 1478, 1456, 1434, 738], [3, 64, 42, 43, 22, 23, 24, 25, 26, 4, 1566, 1544, 1522, 1500, 1478, 1456, 1434, 738], [3, 64, 65, 44, 45, 46, 24, 25, 3, 4, 1566, 1544, 1522, 1500, 1478, 1456, 1434, 738], [3, 64, 65, 44, 45, 46, 47, 25, 3, 1565, 1543, 1544, 1522, 1500, 1478, 1456, 1434, 738]]
2000/01/01 00:00:00.000000
[3, 64, 65, 44, 45, 46, 47, 48, 26, 4, 1566, 1544, 1522, 1500, 1478, 1456, 1434, 738]
gid3
gid738
[3, 64, 65, 44, 45, 46, 47, 25, 26, 4, 1566, 1544, 1522, 1500, 1478, 1456, 1434, 738]
gid3
gid738
[3, 64, 65, 44, 45, 46, 47, 25, 3, 4, 1566, 1544, 1522, 1500, 1478, 1456, 1434, 738]
gid3
gid738
[3, 64, 65, 44, 45, 46, 24, 25, 26, 4, 1566, 1544, 1522, 1500, 1478, 1456, 1434, 738]
gid3
gid738
[3, 64, 65, 44, 45, 46, 47, 25, 3, 1565, 1566, 1544, 1522, 1500, 1478, 1456, 1434, 738]
gid3
gid738
[3, 64, 42, 43, 22, 23, 24, 25, 26, 4, 1566, 1544, 1522, 1500, 1478, 1456, 1434, 738]
gid3
gid738
[3, 64, 65, 44, 45, 46, 24, 25, 3, 4, 1566, 1544, 1522, 1500, 1478, 1456, 1434, 738]
gid3
gid738
[3, 64, 65, 44, 45, 46, 47, 25, 3, 1565, 1543, 1544, 1522, 1500, 1478, 1456, 1434, 738]
gid3
gid738
