[[3, 1381, 1359, 1360, 1361, 1362, 1363, 1342, 1343, 1344, 1345, 1346, 77], [3, 1381, 1382, 1383, 1384, 1385, 1364, 1365, 1366, 1367, 1368, 1346, 77], [3, 1381, 1382, 1360, 1361, 1362, 1363, 1342, 1343, 1344, 1345, 1346, 77], [3, 1381, 1382, 1383, 1384, 1385, 1364, 1365, 1366, 1367, 1345, 1346, 77], [3, 1381, 1382, 1383, 1361, 1362, 1363, 1342, 1343, 1344, 1345, 1346, 77], [3, 1381, 1382, 1383, 1384, 1385, 1364, 1365, 1366, 1344, 1345, 1346, 77], [3, 1381, 1382, 1383, 1384, 1362, 1363, 1342, 1343, 1344, 1345, 1346, 77], [3, 1381, 1382, 1383, 1384, 1385, 1364, 1365, 1343, 1344, 1345, 1346, 77]]
2000/01/01 00:00:00.000000
[3, 1381, 1359, 1360, 1361, 1362, 1363, 1342, 1343, 1344, 1345, 1346, 77]
gid3
gid77
[3, 1381, 1382, 1383, 1384, 1385, 1364, 1365, 1366, 1367, 1368, 1346, 77]
gid3
gid77
[3, 1381, 1382, 1360, 1361, 1362, 1363, 1342, 1343, 1344, 1345, 1346, 77]
gid3
gid77
[3, 1381, 1382, 1383, 1384, 1385, 1364, 1365, 1366, 1367, 1345, 1346, 77]
gid3
gid77
[3, 1381, 1382, 1383, 1361, 1362, 1363, 1342, 1343, 1344, 1345, 1346, 77]
gid3
gid77
[3, 1381, 1382, 1383, 1384, 1385, 1364, 1365, 1366, 1344, 1345, 1346, 77]
gid3
gid77
[3, 1381, 1382, 1383, 1384, 1362, 1363, 1342, 1343, 1344, 1345, 1346, 77]
gid3
gid77
[3, 1381, 1382, 1383, 1384, 1385, 1364, 1365, 1343, 1344, 1345, 1346, 77]
gid3
gid77
