[[3, 1325, 1303, 1281, 1280, 1279, 1278, 1277, 1276, 1297, 1296, 807], [3, 1238, 1237, 1236, 1235, 1234, 1233, 1232, 1254, 1276, 1297, 1296, 807], [3, 1259, 1258, 1257, 1256, 1255, 1254, 1276, 1297, 1296, 807], [3, 1303, 1281, 1280, 1279, 1278, 1277, 1276, 1297, 1296, 807]]
2000/01/01 00:00:00.000000
[3, 1325, 1303, 1281, 1280, 1279, 1278, 1277, 1276, 1297, 1296, 807]
gid3
gid807
[3, 1238, 1237, 1236, 1235, 1234, 1233, 1232, 1254, 1276, 1297, 1296, 807]
gid3
gid807
[3, 1259, 1258, 1257, 1256, 1255, 1254, 1276, 1297, 1296, 807]
gid3
gid807
[3, 1303, 1281, 1280, 1279, 1278, 1277, 1276, 1297, 1296, 807]
gid3
gid807
