[[3, 1296, 1297, 1276, 1277, 1278, 1279, 1280, 1281, 1259, 807], [3, 1296, 1297, 1276, 1277, 1278, 1279, 1280, 1258, 1259, 807], [3, 1296, 1297, 1276, 1277, 1278, 1279, 1257, 1258, 1259, 807], [3, 1296, 1297, 1276, 1277, 1278, 1256, 1257, 1258, 1259, 807], [3, 1296, 1274, 1275, 1254, 1255, 1256, 1257, 1258, 1259, 807], [3, 1296, 1297, 1276, 1277, 1255, 1256, 1257, 1258, 1259, 807], [3, 1296, 1297, 1275, 1254, 1255, 1256, 1257, 1258, 1259, 807], [3, 1296, 1297, 1276, 1254, 1255, 1256, 1257, 1258, 1259, 807]]
2000/01/01 00:00:00.000000
[3, 1296, 1297, 1276, 1277, 1278, 1279, 1280, 1281, 1259, 807]
gid3
gid807
[3, 1296, 1297, 1276, 1277, 1278, 1279, 1280, 1258, 1259, 807]
gid3
gid807
[3, 1296, 1297, 1276, 1277, 1278, 1279, 1257, 1258, 1259, 807]
gid3
gid807
[3, 1296, 1297, 1276, 1277, 1278, 1256, 1257, 1258, 1259, 807]
gid3
gid807
[3, 1296, 1274, 1275, 1254, 1255, 1256, 1257, 1258, 1259, 807]
gid3
gid807
[3, 1296, 1297, 1276, 1277, 1255, 1256, 1257, 1258, 1259, 807]
gid3
gid807
[3, 1296, 1297, 1275, 1254, 1255, 1256, 1257, 1258, 1259, 807]
gid3
gid807
[3, 1296, 1297, 1276, 1254, 1255, 1256, 1257, 1258, 1259, 807]
gid3
gid807
