[[3, 1266, 1265, 1264, 1263, 1262, 1261, 1260, 1238, 952], [3, 1266, 1265, 1264, 1263, 1262, 1261, 1239, 1238, 952], [3, 1266, 1265, 1264, 1263, 1262, 1240, 1239, 1238, 952], [3, 1266, 1265, 1264, 1263, 1241, 1240, 1239, 1238, 952], [3, 1266, 1244, 1243, 1242, 1241, 1240, 1239, 1238, 952], [3, 1266, 1265, 1264, 1242, 1241, 1240, 1239, 1238, 952], [3, 1266, 1265, 1243, 1242, 1241, 1240, 1239, 1238, 952], [3, 1310, 1309, 1308, 1307, 1306, 1305, 1304, 1303, 952]]
2000/01/01 00:00:00.000000
[3, 1266, 1265, 1264, 1263, 1262, 1261, 1260, 1238, 952]
gid3
gid952
[3, 1266, 1265, 1264, 1263, 1262, 1261, 1239, 1238, 952]
gid3
gid952
[3, 1266, 1265, 1264, 1263, 1262, 1240, 1239, 1238, 952]
gid3
gid952
[3, 1266, 1265, 1264, 1263, 1241, 1240, 1239, 1238, 952]
gid3
gid952
[3, 1266, 1244, 1243, 1242, 1241, 1240, 1239, 1238, 952]
gid3
gid952
[3, 1266, 1265, 1264, 1242, 1241, 1240, 1239, 1238, 952]
gid3
gid952
[3, 1266, 1265, 1243, 1242, 1241, 1240, 1239, 1238, 952]
gid3
gid952
[3, 1310, 1309, 1308, 1307, 1306, 1305, 1304, 1303, 952]
gid3
gid952
