[[3, 1325, 1326, 1327, 1328, 1329, 1330, 1331, 1332, 952], [3, 1238, 1239, 1240, 1241, 1242, 1243, 1244, 1266, 952], [3, 1259, 1260, 1261, 1262, 1263, 1264, 1265, 1266, 952], [3, 1303, 1304, 1305, 1306, 1307, 1308, 1309, 1310, 952]]
2000/01/01 00:00:00.000000
[3, 1325, 1326, 1327, 1328, 1329, 1330, 1331, 1332, 952]
gid3
gid952
[3, 1238, 1239, 1240, 1241, 1242, 1243, 1244, 1266, 952]
gid3
gid952
[3, 1259, 1260, 1261, 1262, 1263, 1264, 1265, 1266, 952]
gid3
gid952
[3, 1303, 1304, 1305, 1306, 1307, 1308, 1309, 1310, 952]
gid3
gid952
