0,1201,1,0,0
12,1184,46,2,0
27,1241,28,1,0
43,1194,44,2,1
44,1194,45,2,1
45,1194,1194,4,0
46,1184,1184,4,0
61,1241,62,2,1
64,1184,65,2,1
78,1184,44,0,3
79,1184,45,0,3
80,1184,46,0,3
95,1241,96,2,1
98,1184,99,2,1
103,1184,104,2,1
129,1241,130,2,1
163,1241,164,2,1
175,1177,1177,4,0
181,1201,1201,4,0
193,1177,194,2,1
194,1177,195,2,1
197,1241,198,2,1
199,1201,200,2,1
208,1184,209,2,1
213,1201,179,0,3
214,1201,180,0,3
215,1201,181,0,3
219,1252,185,0,3
231,1241,232,2,1
233,1201,234,2,1
235,1185,234,1,2
240,1201,241,2,1
242,1171,243,2,1
244,1241,278,3,0
245,1241,279,3,0
246,1241,280,3,0
247,1193,281,3,0
247,1241,281,3,0
265,1241,266,2,1
276,1171,277,2,1
281,1241,1241,4,0
283,1230,282,1,2
289,1222,290,2,1
299,1241,300,2,1
305,1185,304,1,2
312,1171,278,0,3
313,1184,279,0,3
345,1201,346,2,1
346,1171,312,0,3
347,1184,313,0,3
362,1217,328,0,3
380,1220,414,3,0
381,1171,347,0,3
383,1184,349,0,3
402,1168,401,1,2
410,1241,444,3,0
415,1180,414,1,2
449,1180,448,1,2
451,1171,417,0,3
468,1185,467,1,2
484,1201,450,0,3
485,1171,451,0,3
488,1184,454,0,3
498,1196,499,2,1
521,1171,487,0,3
529,1171,495,0,3
547,1171,546,1,2
547,1217,513,0,3
563,1171,564,2,1
619,1172,618,1,2
723,1193,757,3,0
725,1184,759,3,0
725,1194,759,3,0
732,1194,731,1,2
754,1193,755,2,1
755,1193,756,2,1
756,1193,757,2,1
757,1193,1193,4,0
790,1184,824,3,0
791,1183,790,1,2
801,1191,835,3,0
824,1184,858,3,0
860,1201,894,3,0
862,1194,861,1,2
896,1194,895,1,2
930,1194,929,1,2
958,1172,924,0,3
959,1201,993,3,0
988,1184,989,2,1
1025,1177,1059,3,0
1047,1244,1081,3,0
1059,1177,1093,3,0
1087,1184,1054,2,3
1091,1201,1092,2,1
1092,1241,1093,2,1
1093,1177,1127,3,0
1113,1177,1114,2,1
1123,1201,1124,2,1
1127,1177,5,3,3
1147,1177,1148,2,1
1149,1241,1150,2,1
1156,1176,683,0,4
1157,1201,113,0,4
1157,1211,511,0,4
1158,1166,215,0,4
1159,1201,234,0,4
1160,1173,80,0,4
1162,1201,215,0,4
1164,1201,1132,0,4
1166,1158,147,0,4
1167,1184,46,0,4
1167,1201,79,0,4
1168,1178,299,0,4
1168,1208,299,0,4
1168,1222,299,0,4
1168,1227,299,0,4
1168,1241,266,0,4
1168,1247,299,0,4
1170,1177,42,0,4
1170,1210,241,0,4
1172,1184,373,0,4
1173,1160,182,0,4
1176,1156,955,0,4
1177,1161,175,0,4
1177,1165,175,0,4
1177,1170,42,0,4
1177,1176,175,0,4
1177,1180,175,0,4
1177,1183,175,0,4
1177,1185,175,0,4
1177,1188,175,0,4
1177,1193,175,0,4
1177,1210,175,0,4
1177,1212,175,0,4
1177,1213,175,0,4
1177,1216,175,0,4
1177,1218,175,0,4
1177,1220,175,0,4
1177,1225,175,0,4
1177,1226,175,0,4
1177,1230,175,0,4
1177,1232,175,0,4
1177,1239,175,0,4
1177,1244,175,0,4
1177,1248,175,0,4
1177,1253,175,0,4
1181,1242,646,0,4
1184,1161,46,0,4
1184,1164,46,0,4
1184,1165,46,0,4
1184,1167,46,0,4
1184,1170,46,0,4
1184,1172,577,0,4
1184,1177,46,0,4
1184,1180,46,0,4
1184,1183,46,0,4
1184,1188,46,0,4
1184,1193,46,0,4
1184,1194,46,0,4
1184,1195,46,0,4
1184,1205,46,0,4
1184,1208,46,0,4
1184,1210,46,0,4
1184,1212,46,0,4
1184,1213,46,0,4
1184,1216,46,0,4
1184,1218,46,0,4
1184,1220,46,0,4
1184,1225,46,0,4
1184,1226,46,0,4
1184,1230,46,0,4
1184,1234,46,0,4
1184,1235,46,0,4
1184,1236,46,0,4
1184,1239,46,0,4
1184,1244,46,0,4
1184,1250,46,0,4
1184,1253,46,0,4
1185,1231,166,0,4
1186,1236,47,0,4
1193,1156,757,0,4
1193,1158,757,0,4
1193,1162,757,0,4
1193,1163,757,0,4
1193,1171,757,0,4
1193,1173,757,0,4
1193,1175,757,0,4
1193,1177,1091,0,4
1193,1179,757,0,4
1193,1181,757,0,4
1193,1182,757,0,4
1193,1187,757,0,4
1193,1189,757,0,4
1193,1191,757,0,4
1193,1196,757,0,4
1193,1197,757,0,4
1193,1198,757,0,4
1193,1199,757,0,4
1193,1201,757,0,4
1193,1202,757,0,4
1193,1203,757,0,4
1193,1204,757,0,4
1193,1207,757,0,4
1193,1209,757,0,4
1193,1211,757,0,4
1193,1219,757,0,4
1193,1221,757,0,4
1193,1223,757,0,4
1193,1224,757,0,4
1193,1233,757,0,4
1193,1237,757,0,4
1193,1241,757,0,4
1193,1242,757,0,4
1193,1243,757,0,4
1193,1249,757,0,4
1193,1251,757,0,4
1193,1255,757,0,4
1194,1170,45,0,4
1194,1184,80,0,4
1194,1205,45,0,4
1194,1208,45,0,4
1194,1210,45,0,4
1194,1235,45,0,4
1194,1247,45,0,4
1198,1199,215,0,4
1199,1198,215,0,4
1201,1157,181,0,4
1201,1159,181,0,4
1201,1162,181,0,4
1201,1164,181,0,4
1201,1167,181,0,4
1201,1170,181,0,4
1201,1177,181,0,4
1201,1180,181,0,4
1201,1183,181,0,4
1201,1195,181,0,4
1201,1205,181,0,4
1201,1208,181,0,4
1201,1210,181,0,4
1201,1211,181,0,4
1201,1215,181,0,4
1201,1225,181,0,4
1201,1234,181,0,4
1201,1235,181,0,4
1201,1236,181,0,4
1201,1243,181,0,4
1201,1246,181,0,4
1201,1254,181,0,4
1205,1194,11,0,4
1208,1184,1134,0,4
1208,1201,11,0,4
1210,1170,207,0,4
1210,1177,173,0,4
1211,1157,579,0,4
1211,1201,181,0,4
1215,1201,234,0,4
1217,1162,510,0,4
1217,1163,510,0,4
1217,1179,510,0,4
1217,1189,510,0,4
1218,1252,724,0,4
1225,1177,174,0,4
1231,1241,305,0,4
1234,1201,1132,0,4
1235,1194,10,0,4
1235,1241,276,0,4
1236,1186,45,0,4
1239,1184,1090,0,4
1241,1159,281,0,4
1241,1168,281,0,4
1241,1170,281,0,4
1241,1174,281,0,4
1241,1177,281,0,4
1241,1180,281,0,4
1241,1183,281,0,4
1241,1205,580,0,4
1241,1208,580,0,4
1241,1210,281,0,4
1241,1215,281,0,4
1241,1222,580,0,4
1241,1225,281,0,4
1241,1227,580,0,4
1241,1231,281,0,4
1241,1235,281,0,4
1241,1246,281,0,4
1241,1247,580,0,4
1241,1254,281,0,4
1242,1181,646,0,4
1242,1251,646,0,4
1243,1201,181,0,4
1247,1194,1133,0,4
1251,1242,646,0,4
1252,1218,1001,0,4
