1,1226,1123,3,3
2,1226,1124,3,3
5,1208,1127,3,3
11,1188,1133,3,3
12,1188,1134,3,3
13,1188,12,0,1
16,1253,17,1,0
30,1253,64,2,0
31,1253,65,2,0
60,1253,94,3,0
61,1253,95,3,0
62,1253,96,3,0
63,1253,97,3,0
64,1253,98,3,0
65,1253,99,3,0
86,1205,52,0,3
90,1200,56,0,3
93,1210,94,2,1
99,1253,1253,4,0
118,1217,117,1,2
120,1176,154,3,0
127,1180,161,3,0
140,1208,141,2,1
215,1185,249,3,0
266,1214,267,2,1
272,1226,238,0,2
274,1201,275,2,1
296,1166,295,1,2
306,1226,272,0,2
310,1201,311,2,1
336,1185,335,1,2
340,1226,306,0,2
342,1189,376,3,0
344,1201,345,2,1
367,1255,368,2,1
374,1226,340,0,2
378,1193,379,2,1
397,1241,431,3,0
400,1236,401,2,1
402,1160,403,2,1
403,1227,437,3,0
430,1255,464,3,0
434,1241,468,3,0
449,1201,415,0,3
468,1241,502,3,0
477,1226,478,2,1
477,1241,511,3,0
496,1255,497,2,1
502,1241,536,3,0
511,1241,545,3,0
519,1201,485,0,3
536,1241,570,3,0
579,1241,1241,4,0
581,1209,580,1,2
582,1209,548,0,3
583,1209,549,0,3
595,1201,596,2,1
600,1241,601,2,1
600,1255,634,3,0
601,1241,602,2,1
601,1255,635,3,0
602,1241,603,2,1
602,1255,636,3,0
603,1241,604,2,1
603,1255,637,3,0
604,1241,605,2,1
604,1255,638,3,0
613,1201,612,1,1
615,1209,614,1,2
629,1201,630,2,1
634,1255,635,2,1
645,1255,1255,4,0
647,1201,646,1,1
648,1201,647,1,2
649,1201,648,1,2
650,1201,649,1,2
651,1201,650,1,2
654,1253,688,3,0
662,1201,663,2,1
674,1255,640,0,3
677,1178,676,1,2
679,1255,645,0,3
680,1202,646,0,2
681,1202,647,0,3
682,1202,648,0,3
696,1201,697,2,1
708,1255,674,0,3
712,1202,678,0,3
713,1202,679,0,3
713,1255,679,0,3
719,1170,753,3,0
719,1188,720,2,1
720,1188,721,2,1
721,1188,722,2,1
722,1188,723,2,1
723,1188,724,2,1
724,1188,725,2,1
725,1188,726,2,1
726,1188,1188,4,0
727,1188,726,1,2
730,1201,731,2,1
742,1255,708,0,3
744,1188,745,2,1
745,1188,746,2,1
746,1188,747,2,1
747,1255,713,0,3
759,1194,758,1,2
761,1188,760,1,2
764,1201,765,2,1
776,1255,742,0,3
778,1253,812,3,0
780,1188,781,2,1
781,1255,747,0,3
782,1188,783,1,1
787,1193,788,2,1
788,1193,789,2,1
789,1193,1193,4,0
792,1190,793,2,1
795,1188,794,1,2
798,1201,799,2,1
810,1255,776,0,3
812,1253,846,3,0
815,1255,781,0,3
817,1188,818,2,1
829,1188,828,1,2
833,1216,832,1,2
843,1253,877,3,0
844,1255,810,0,3
846,1253,880,3,0
849,1255,815,0,3
853,1188,854,2,1
861,1207,860,1,2
863,1188,862,1,2
871,1255,872,2,1
875,1253,909,3,0
878,1255,844,0,3
880,1253,914,3,0
881,1253,915,3,0
883,1255,849,0,3
887,1188,888,2,1
888,1188,889,2,1
893,1201,927,3,0
894,1249,893,1,2
897,1188,896,1,2
905,1255,906,2,1
908,1230,942,3,0
912,1255,878,0,3
914,1253,948,3,0
915,1253,949,3,0
917,1255,883,0,3
923,1188,889,0,3
931,1188,930,1,2
941,1250,975,3,0
941,1253,975,3,0
946,1255,912,0,3
948,1253,982,3,0
949,1253,983,3,0
951,1255,917,0,3
957,1188,923,0,3
960,1209,994,3,0
960,1250,959,1,2
965,1188,964,1,2
980,1255,946,0,3
982,1253,1016,3,0
983,1253,1017,3,0
985,1255,951,0,3
991,1201,1025,3,0
992,1188,958,0,3
993,1188,959,0,3
999,1188,998,1,2
1014,1255,980,0,3
1016,1253,1050,3,0
1017,1253,1051,3,0
1019,1255,985,0,3
1025,1201,1059,3,0
1026,1188,992,0,3
1027,1188,993,0,3
1033,1188,1032,1,2
1045,1255,1011,0,3
1048,1255,1014,0,3
1050,1253,1084,3,0
1051,1253,1085,3,0
1053,1255,1019,0,3
1057,1201,1058,2,1
1062,1188,1028,0,3
1063,1188,1029,0,3
1067,1188,1066,1,2
1081,1255,1047,0,3
1082,1255,1048,0,3
1084,1253,1118,3,0
1085,1253,1119,3,0
1087,1255,1053,0,3
1097,1188,1063,0,3
1101,1188,1100,1,2
1107,1253,1108,2,1
1116,1255,1082,0,3
1118,1253,1152,3,0
1119,1253,1153,3,0
1133,1188,1099,0,3
1135,1188,1134,1,2
1149,1221,1150,2,1
1152,1253,30,3,3
1153,1253,31,3,3
1157,1205,78,0,4
1160,1238,577,0,4
1164,1242,374,0,4
1165,1188,758,0,4
1168,1255,631,0,4
1169,1181,611,0,4
1171,1241,579,0,4
1176,1201,655,0,4
1178,1202,438,0,4
1181,1169,612,0,4
1185,1172,165,0,4
1188,1165,726,0,4
1188,1193,726,0,4
1188,1212,726,0,4
1188,1213,726,0,4
1188,1220,726,0,4
1188,1226,726,0,4
1188,1230,726,0,4
1188,1244,726,0,4
1188,1250,726,0,4
1189,1164,614,0,4
1189,1234,614,0,4
1191,1255,645,0,4
1193,1156,789,0,4
1193,1158,789,0,4
1193,1162,789,0,4
1193,1163,789,0,4
1193,1171,789,0,4
1193,1173,789,0,4
1193,1175,789,0,4
1193,1179,789,0,4
1193,1181,789,0,4
1193,1182,789,0,4
1193,1187,789,0,4
1193,1189,789,0,4
1193,1191,789,0,4
1193,1196,789,0,4
1193,1197,789,0,4
1193,1198,789,0,4
1193,1199,789,0,4
1193,1201,789,0,4
1193,1202,789,0,4
1193,1203,789,0,4
1193,1204,789,0,4
1193,1207,789,0,4
1193,1209,789,0,4
1193,1211,789,0,4
1193,1219,789,0,4
1193,1221,789,0,4
1193,1223,789,0,4
1193,1224,789,0,4
1193,1233,789,0,4
1193,1237,789,0,4
1193,1241,789,0,4
1193,1242,789,0,4
1193,1243,789,0,4
1193,1249,789,0,4
1193,1251,789,0,4
1193,1255,789,0,4
1194,1241,477,0,4
1198,1217,612,0,4
1199,1201,215,0,4
1201,1156,679,0,4
1201,1161,679,0,4
1201,1162,612,0,4
1201,1163,679,0,4
1201,1165,679,0,4
1201,1176,679,0,4
1201,1179,612,0,4
1201,1185,679,0,4
1201,1187,612,0,4
1201,1188,679,0,4
1201,1189,679,0,4
1201,1193,679,0,4
1201,1199,215,0,4
1201,1209,612,0,4
1201,1211,181,0,4
1201,1212,679,0,4
1201,1213,679,0,4
1201,1216,679,0,4
1201,1218,679,0,4
1201,1220,679,0,4
1201,1224,612,0,4
1201,1226,679,0,4
1201,1230,679,0,4
1201,1232,679,0,4
1201,1237,612,0,4
1201,1239,679,0,4
1201,1241,612,0,4
1201,1243,215,0,4
1201,1244,679,0,4
1201,1248,679,0,4
1201,1249,612,0,4
1201,1250,679,0,4
1201,1253,679,0,4
1202,1173,678,0,4
1204,1255,644,0,4
1205,1157,43,0,4
1205,1223,409,0,4
1209,1161,548,0,4
1209,1165,548,0,4
1209,1168,548,0,4
1209,1176,548,0,4
1209,1185,548,0,4
1209,1188,548,0,4
1209,1193,548,0,4
1209,1206,548,0,4
1209,1212,548,0,4
1209,1213,548,0,4
1209,1214,513,0,4
1209,1216,548,0,4
1209,1218,548,0,4
1209,1220,548,0,4
1209,1226,548,0,4
1209,1230,548,0,4
1209,1232,548,0,4
1209,1239,548,0,4
1209,1244,548,0,4
1209,1248,548,0,4
1209,1250,548,0,4
1209,1253,548,0,4
1211,1201,180,0,4
1212,1188,757,0,4
1213,1188,725,0,4
1214,1209,543,0,4
1217,1198,577,0,4
1217,1241,577,0,4
1220,1188,758,0,4
1223,1205,579,0,4
1225,1226,1096,0,4
1226,1225,1090,0,4
1230,1188,758,0,4
1233,1241,611,0,4
1238,1160,544,0,4
1240,1253,978,0,4
1241,1157,579,0,4
1241,1160,579,0,4
1241,1166,579,0,4
1241,1167,579,0,4
1241,1169,579,0,4
1241,1171,579,0,4
1241,1184,579,0,4
1241,1186,579,0,4
1241,1190,579,0,4
1241,1192,579,0,4
1241,1194,579,0,4
1241,1197,579,0,4
1241,1200,579,0,4
1241,1214,579,0,4
1241,1217,579,0,4
1241,1228,579,0,4
1241,1233,579,0,4
1241,1238,579,0,4
1241,1252,579,0,4
1241,1255,579,0,4
1242,1164,612,0,4
1243,1201,214,0,4
1244,1188,791,0,4
1250,1188,791,0,4
1253,1240,99,0,4
1253,1245,99,0,4
1255,1168,645,0,4
1255,1191,645,0,4
1255,1204,645,0,4
1255,1206,645,0,4
1255,1241,578,0,4
