52,1245,18,0,2
82,1245,81,1,2
83,1195,49,0,3
86,1245,52,0,3
98,1245,64,0,3
104,1202,105,2,1
105,1202,106,2,1
106,1202,107,2,1
107,1202,108,2,1
108,1202,1202,4,0
171,1176,205,3,0
198,1205,232,3,0
238,1249,239,1,1
239,1249,240,2,1
240,1249,1249,4,0
271,1176,305,3,0
271,1249,238,2,3
276,1223,242,0,3
282,1190,248,0,3
283,1223,249,0,3
284,1223,250,0,3
285,1223,251,0,3
286,1223,252,0,3
293,1168,292,1,2
300,1251,334,3,0
301,1168,267,0,3
302,1168,268,0,3
303,1168,269,0,3
304,1168,270,0,3
305,1168,271,0,3
309,1187,308,1,2
310,1187,276,0,3
310,1215,344,3,0
311,1215,345,3,0
315,1215,349,3,0
317,1187,283,0,3
318,1187,284,0,3
319,1187,285,0,3
320,1187,286,0,3
321,1187,287,0,3
322,1187,288,0,3
327,1168,326,1,2
333,1251,334,2,1
334,1168,333,1,2
336,1251,370,3,0
337,1176,338,2,1
343,1187,342,1,2
345,1215,379,3,0
349,1215,383,3,0
359,1162,360,2,1
361,1168,360,1,2
367,1251,368,2,1
368,1168,367,1,2
370,1179,404,3,0
370,1251,404,3,0
377,1187,376,1,2
379,1215,413,3,0
383,1215,417,3,0
395,1168,394,1,2
401,1251,402,2,1
402,1168,401,1,2
402,1176,403,2,1
403,1168,402,1,2
403,1179,404,2,1
404,1179,438,3,0
406,1251,440,3,0
409,1215,443,3,0
411,1187,410,1,2
413,1215,447,3,0
417,1215,451,3,0
420,1187,419,1,2
429,1168,428,1,2
429,1198,430,2,1
435,1251,436,2,1
436,1168,435,1,2
437,1168,436,1,2
437,1179,438,2,1
438,1179,472,3,0
440,1251,474,3,0
445,1187,444,1,2
446,1223,445,1,2
447,1215,481,3,0
451,1215,485,3,0
454,1187,453,1,2
462,1245,461,1,2
469,1251,470,2,1
471,1168,470,1,2
471,1179,472,2,1
472,1179,506,3,0
475,1251,509,3,0
480,1223,479,1,2
481,1215,515,3,0
485,1215,519,3,0
487,1223,486,1,2
503,1251,504,2,1
505,1168,504,1,2
505,1179,506,2,1
506,1179,540,3,0
511,1251,510,1,1
514,1223,513,1,2
515,1215,549,3,0
519,1215,553,3,0
521,1223,520,1,2
537,1251,538,2,1
539,1168,538,1,2
539,1179,540,2,1
540,1179,574,3,0
545,1251,544,1,1
548,1223,547,1,2
549,1215,583,3,0
553,1215,587,3,0
555,1223,554,1,2
558,1223,559,2,1
571,1251,572,2,1
573,1168,572,1,2
574,1179,1179,4,0
575,1168,576,2,1
581,1251,580,1,2
583,1215,617,3,0
587,1215,621,3,0
616,1251,615,1,2
617,1164,616,1,2
617,1215,651,3,0
621,1215,655,3,0
633,1203,634,2,1
640,1251,1251,4,0
641,1251,640,1,2
642,1251,641,1,2
643,1251,642,1,2
644,1251,643,1,2
645,1251,644,1,2
648,1176,1176,4,0
651,1215,685,3,0
655,1215,689,3,0
666,1176,667,2,1
681,1176,647,0,3
682,1176,648,0,3
685,1215,719,3,0
689,1215,723,3,0
700,1176,701,2,1
714,1215,715,1,1
715,1215,716,2,1
716,1215,717,2,1
717,1215,718,2,1
723,1215,1215,4,0
747,1215,714,2,3
814,1176,815,2,1
876,1246,910,3,0
912,1187,878,0,3
916,1239,950,3,0
919,1176,885,0,3
930,1209,964,3,0
953,1249,987,3,0
971,1220,972,2,1
1069,1245,1070,2,1
1103,1245,1104,2,1
1156,1223,675,0,4
1157,1251,572,0,4
1159,1168,259,0,4
1159,1251,294,0,4
1163,1215,709,0,4
1164,1179,402,0,4
1164,1251,402,0,4
1168,1159,259,0,4
1168,1162,259,0,4
1168,1164,325,0,4
1168,1170,259,0,4
1168,1172,325,0,4
1168,1174,657,0,4
1168,1178,325,0,4
1168,1179,259,0,4
1168,1194,325,0,4
1168,1195,259,0,4
1168,1205,325,0,4
1168,1208,325,0,4
1168,1209,259,0,4
1168,1222,325,0,4
1168,1227,325,0,4
1168,1231,292,0,4
1168,1234,325,0,4
1168,1235,259,0,4
1168,1236,325,0,4
1168,1241,259,0,4
1168,1247,325,0,4
1168,1249,259,0,4
1170,1202,3,0,4
1174,1168,691,0,4
1174,1251,294,0,4
1176,1156,648,0,4
1176,1157,648,0,4
1176,1158,648,0,4
1176,1160,648,0,4
1176,1162,648,0,4
1176,1163,648,0,4
1176,1166,648,0,4
1176,1167,648,0,4
1176,1169,648,0,4
1176,1171,648,0,4
1176,1173,648,0,4
1176,1175,648,0,4
1176,1179,648,0,4
1176,1181,648,0,4
1176,1182,648,0,4
1176,1184,648,0,4
1176,1186,648,0,4
1176,1187,648,0,4
1176,1189,648,0,4
1176,1191,648,0,4
1176,1192,648,0,4
1176,1194,648,0,4
1176,1196,648,0,4
1176,1197,648,0,4
1176,1198,648,0,4
1176,1199,648,0,4
1176,1200,648,0,4
1176,1201,648,0,4
1176,1202,648,0,4
1176,1203,648,0,4
1176,1204,648,0,4
1176,1207,648,0,4
1176,1209,648,0,4
1176,1211,648,0,4
1176,1214,648,0,4
1176,1217,648,0,4
1176,1219,648,0,4
1176,1221,648,0,4
1176,1223,648,0,4
1176,1224,648,0,4
1176,1233,648,0,4
1176,1236,648,0,4
1176,1237,648,0,4
1176,1238,648,0,4
1176,1241,648,0,4
1176,1242,648,0,4
1176,1243,648,0,4
1176,1249,648,0,4
1176,1251,648,0,4
1176,1255,648,0,4
1179,1164,574,0,4
1179,1167,574,0,4
1179,1172,574,0,4
1179,1178,574,0,4
1179,1194,574,0,4
1179,1195,574,0,4
1179,1205,574,0,4
1179,1207,641,0,4
1179,1208,574,0,4
1179,1222,574,0,4
1179,1227,574,0,4
1179,1228,574,0,4
1179,1234,574,0,4
1179,1236,574,0,4
1179,1247,574,0,4
1179,1252,574,0,4
1180,1183,101,0,4
1183,1180,101,0,4
1189,1202,675,0,4
1189,1223,675,0,4
1194,1168,537,0,4
1194,1251,538,0,4
1196,1241,641,0,4
1199,1249,641,0,4
1202,1157,108,0,4
1202,1160,108,0,4
1202,1164,108,0,4
1202,1167,108,0,4
1202,1170,108,0,4
1202,1184,108,0,4
1202,1186,108,0,4
1202,1189,672,0,4
1202,1192,108,0,4
1202,1194,108,0,4
1202,1195,108,0,4
1202,1200,108,0,4
1202,1205,108,0,4
1202,1208,108,0,4
1202,1210,108,0,4
1202,1214,108,0,4
1202,1217,108,0,4
1202,1227,108,0,4
1202,1234,108,0,4
1202,1235,108,0,4
1202,1247,108,0,4
1207,1179,641,0,4
1208,1251,469,0,4
1213,1215,719,0,4
1213,1245,28,0,4
1215,1156,723,0,4
1215,1161,723,0,4
1215,1163,723,0,4
1215,1176,723,0,4
1215,1185,723,0,4
1215,1188,723,0,4
1215,1189,723,0,4
1215,1213,723,0,4
1215,1216,723,0,4
1215,1218,723,0,4
1215,1232,723,0,4
1215,1239,723,0,4
1215,1248,723,0,4
1215,1251,294,0,4
1215,1253,723,0,4
1216,1215,717,0,4
1219,1220,705,0,4
1220,1219,818,0,4
1223,1156,674,0,4
1223,1163,242,0,4
1223,1189,674,0,4
1225,1230,200,0,4
1230,1225,1152,0,4
1234,1179,402,0,4
1234,1251,402,0,4
1236,1168,504,0,4
1241,1196,641,0,4
1245,1213,1004,0,4
1247,1251,436,0,4
1248,1215,650,0,4
1249,1168,240,0,4
1249,1177,240,0,4
1249,1180,240,0,4
1249,1183,240,0,4
1249,1199,641,0,4
1249,1210,240,0,4
1249,1225,240,0,4
1249,1229,240,0,4
1249,1246,240,0,4
1249,1254,240,0,4
1251,1157,640,0,4
1251,1159,640,0,4
1251,1160,640,0,4
1251,1164,640,0,4
1251,1172,640,0,4
1251,1174,640,0,4
1251,1178,640,0,4
1251,1194,640,0,4
1251,1200,640,0,4
1251,1208,640,0,4
1251,1214,640,0,4
1251,1215,640,0,4
1251,1217,640,0,4
1251,1222,640,0,4
1251,1227,640,0,4
1251,1228,640,0,4
1251,1231,640,0,4
1251,1234,640,0,4
1251,1247,640,0,4
1251,1252,640,0,4
1251,1255,640,0,4
1255,1251,640,0,4
