0,1163,1,0,0
25,1227,59,2,0
27,1227,61,2,0
30,1227,64,2,0
57,1227,91,3,0
59,1163,60,2,1
60,1181,61,2,1
61,1227,95,3,0
64,1227,98,3,0
71,1195,72,2,1
72,1195,73,2,1
73,1195,74,2,1
74,1195,1195,4,0
93,1163,94,2,1
94,1181,95,2,1
95,1227,129,3,0
98,1227,132,3,0
127,1163,128,2,1
128,1181,129,2,1
129,1227,163,3,0
132,1227,166,3,0
134,1184,135,2,1
139,1238,140,2,1
140,1238,141,2,1
141,1238,142,2,1
142,1238,143,2,1
143,1238,144,2,1
144,1238,1238,4,0
145,1169,111,0,3
146,1160,145,1,2
151,1169,117,0,3
152,1169,118,0,3
153,1169,119,0,3
161,1163,162,2,1
162,1181,163,2,1
163,1227,197,3,0
166,1227,200,3,0
173,1181,207,3,0
174,1181,208,3,0
175,1181,209,3,0
176,1181,210,3,0
177,1181,211,3,0
195,1163,196,2,1
196,1181,197,2,1
200,1227,234,3,0
202,1164,236,3,0
203,1210,237,3,0
205,1170,206,2,1
207,1181,208,2,1
212,1181,1181,4,0
229,1163,230,2,1
230,1181,231,2,1
234,1227,268,3,0
263,1163,264,2,1
271,1181,238,2,3
275,1163,309,3,0
276,1163,310,3,0
277,1163,311,3,0
278,1163,312,3,0
280,1158,246,0,3
288,1158,254,0,3
289,1158,255,0,3
290,1158,256,0,3
297,1163,298,2,1
312,1163,1163,4,0
312,1195,278,0,3
315,1215,349,3,0
330,1163,331,2,1
340,1163,341,1,1
342,1181,343,2,1
346,1163,312,0,3
349,1215,383,3,0
366,1157,400,3,0
380,1215,414,3,0
383,1215,417,3,0
396,1227,397,2,1
397,1227,398,2,1
398,1227,399,2,1
399,1227,400,2,1
400,1227,401,2,1
401,1227,402,2,1
404,1227,1227,4,0
405,1157,439,3,0
417,1215,451,3,0
440,1178,439,1,2
441,1212,407,0,3
445,1163,411,0,3
451,1215,485,3,0
470,1246,469,1,2
481,1181,447,0,3
483,1238,449,0,3
485,1215,519,3,0
486,1215,520,3,0
510,1184,544,2,0
518,1223,517,1,2
519,1215,553,3,0
520,1215,554,3,0
523,1215,557,3,0
524,1200,525,2,1
541,1184,575,3,0
542,1184,576,3,0
542,1200,541,1,2
543,1184,577,3,0
544,1200,577,3,2
551,1181,517,0,3
552,1158,551,1,2
553,1215,587,3,0
554,1215,588,3,0
557,1215,591,3,0
558,1200,559,2,1
576,1200,575,1,2
577,1200,576,1,2
587,1215,621,3,0
588,1215,622,3,0
591,1215,625,3,0
592,1200,593,2,1
608,1233,642,3,0
612,1215,613,1,1
621,1164,620,1,2
621,1215,655,3,0
622,1215,656,3,0
625,1215,659,3,0
626,1200,627,2,1
636,1201,637,2,1
655,1215,689,3,0
656,1215,690,3,0
659,1215,693,3,0
660,1200,661,2,1
678,1215,679,2,1
690,1215,724,3,0
693,1215,727,3,0
694,1200,695,2,1
722,1200,756,3,0
727,1215,1215,4,0
745,1215,746,2,1
754,1215,720,0,3
755,1200,789,3,0
755,1215,721,0,3
756,1215,722,0,3
757,1215,723,0,3
758,1215,724,0,3
761,1215,727,0,3
779,1215,780,2,1
792,1215,758,0,3
795,1215,761,0,3
813,1215,814,2,1
826,1215,792,0,3
829,1215,795,0,3
847,1215,848,2,1
853,1200,887,3,0
860,1215,826,0,3
865,1251,899,3,0
881,1215,882,2,1
915,1215,916,2,1
919,1200,920,2,1
949,1157,915,0,3
974,1217,973,1,2
985,1215,952,2,3
989,1181,1023,3,0
1018,1200,1019,2,1
1055,1181,1056,2,1
1057,1163,1091,3,0
1123,1163,1124,2,1
1127,1215,1093,0,3
1149,1227,27,3,3
1152,1227,30,3,3
1154,1181,1155,2,1
1158,1156,246,0,4
1158,1163,246,0,4
1158,1189,246,0,4
1159,1163,264,0,4
1162,1181,212,0,4
1163,1159,312,0,4
1163,1164,312,0,4
1163,1170,312,0,4
1163,1172,312,0,4
1163,1174,312,0,4
1163,1176,713,0,4
1163,1177,312,0,4
1163,1180,312,0,4
1163,1183,312,0,4
1163,1210,312,0,4
1163,1215,312,0,4
1163,1224,312,0,4
1163,1225,312,0,4
1163,1231,312,0,4
1163,1234,312,0,4
1163,1235,312,0,4
1163,1246,312,0,4
1163,1254,312,0,4
1166,1234,110,0,4
1169,1171,111,0,4
1169,1175,609,0,4
1169,1181,609,0,4
1169,1197,111,0,4
1169,1198,609,0,4
1169,1200,78,0,4
1169,1201,609,0,4
1169,1203,609,0,4
1169,1242,609,0,4
1169,1251,609,0,4
1169,1255,609,0,4
1170,1163,306,0,4
1170,1234,339,0,4
1171,1200,145,0,4
1172,1163,336,0,4
1174,1163,298,0,4
1175,1169,644,0,4
1175,1200,179,0,4
1176,1163,952,0,4
1177,1181,207,0,4
1177,1238,140,0,4
1178,1166,436,0,4
1178,1167,436,0,4
1178,1169,436,0,4
1178,1171,436,0,4
1178,1175,436,0,4
1178,1181,436,0,4
1178,1198,436,0,4
1178,1200,436,0,4
1178,1201,436,0,4
1178,1203,436,0,4
1178,1217,436,0,4
1178,1227,403,0,4
1178,1238,436,0,4
1178,1242,436,0,4
1178,1251,436,0,4
1179,1181,212,0,4
1181,1162,212,0,4
1181,1169,644,0,4
1181,1170,212,0,4
1181,1177,212,0,4
1181,1179,212,0,4
1181,1180,212,0,4
1181,1183,212,0,4
1181,1195,212,0,4
1181,1196,212,0,4
1181,1200,179,0,4
1181,1205,212,0,4
1181,1210,212,0,4
1181,1211,212,0,4
1181,1225,212,0,4
1181,1235,212,0,4
1181,1236,212,0,4
1181,1237,212,0,4
1181,1243,212,0,4
1181,1246,212,0,4
1181,1249,212,0,4
1181,1254,212,0,4
1184,1157,575,0,4
1184,1167,575,0,4
1184,1200,575,0,4
1184,1217,575,0,4
1184,1227,44,0,4
1185,1227,163,0,4
1193,1215,721,0,4
1195,1177,74,0,4
1195,1188,74,0,4
1195,1253,74,0,4
1196,1181,212,0,4
1197,1200,145,0,4
1198,1169,644,0,4
1198,1200,179,0,4
1198,1208,178,0,4
1200,1156,575,0,4
1200,1158,575,0,4
1200,1162,575,0,4
1200,1163,575,0,4
1200,1166,575,0,4
1200,1169,77,0,4
1200,1171,77,0,4
1200,1175,77,0,4
1200,1176,541,0,4
1200,1179,575,0,4
1200,1181,77,0,4
1200,1184,575,0,4
1200,1187,575,0,4
1200,1189,575,0,4
1200,1196,575,0,4
1200,1197,77,0,4
1200,1198,77,0,4
1200,1199,575,0,4
1200,1201,77,0,4
1200,1203,77,0,4
1200,1207,575,0,4
1200,1209,541,0,4
1200,1211,575,0,4
1200,1221,575,0,4
1200,1223,575,0,4
1200,1224,541,0,4
1200,1237,575,0,4
1200,1238,77,0,4
1200,1241,575,0,4
1200,1242,77,0,4
1200,1243,575,0,4
1200,1248,76,0,4
1200,1249,575,0,4
1200,1251,77,0,4
1201,1169,644,0,4
1201,1200,179,0,4
1203,1169,644,0,4
1203,1200,179,0,4
1208,1198,8,0,4
1210,1181,204,0,4
1211,1181,212,0,4
1215,1156,727,0,4
1215,1161,727,0,4
1215,1165,727,0,4
1215,1176,727,0,4
1215,1185,727,0,4
1215,1188,727,0,4
1215,1189,727,0,4
1215,1193,727,0,4
1215,1212,727,0,4
1215,1213,727,0,4
1215,1216,727,0,4
1215,1218,727,0,4
1215,1220,727,0,4
1215,1226,727,0,4
1215,1230,727,0,4
1215,1232,727,0,4
1215,1239,727,0,4
1215,1244,727,0,4
1215,1248,727,0,4
1215,1250,727,0,4
1215,1253,727,0,4
1217,1184,575,0,4
1224,1163,312,0,4
1225,1181,205,0,4
1227,1159,404,0,4
1227,1168,404,0,4
1227,1172,404,0,4
1227,1174,404,0,4
1227,1178,404,0,4
1227,1184,1064,0,4
1227,1185,404,0,4
1227,1188,404,0,4
1227,1206,404,0,4
1227,1215,404,0,4
1227,1231,404,0,4
1227,1246,404,0,4
1227,1253,404,0,4
1227,1254,404,0,4
1231,1227,369,0,4
1233,1184,642,0,4
1233,1186,642,0,4
1234,1166,1129,0,4
1234,1170,339,0,4
1237,1181,212,0,4
1238,1177,144,0,4
1238,1200,111,0,4
1242,1169,644,0,4
1242,1200,179,0,4
1243,1200,611,0,4
1246,1163,232,0,4
1246,1252,264,0,4
1248,1200,1020,0,4
1249,1181,212,0,4
1249,1200,611,0,4
1251,1169,644,0,4
1251,1200,179,0,4
1255,1169,609,0,4
