0,1174,1122,3,2
6,1184,5,0,1
6,1185,1128,3,3
6,1222,1128,3,3
7,1222,1129,3,3
8,1184,7,0,1
40,1184,39,1,2
40,1222,6,0,2
41,1222,7,0,2
71,1174,37,0,3
74,1222,40,0,3
75,1222,41,0,3
78,1184,77,1,2
79,1184,78,1,2
80,1184,79,1,2
81,1184,80,1,2
81,1210,80,1,2
82,1184,81,1,2
83,1184,82,1,2
83,1210,117,3,0
105,1241,104,1,2
106,1174,107,2,1
108,1222,74,0,3
109,1222,75,0,3
115,1210,114,1,2
135,1222,101,0,3
140,1174,141,2,1
142,1222,108,0,3
143,1222,109,0,3
149,1210,148,1,2
150,1225,151,2,1
162,1174,161,1,2
169,1222,135,0,3
171,1222,137,0,3
174,1174,175,2,1
175,1185,209,3,0
176,1222,142,0,3
177,1222,143,0,3
196,1174,195,1,2
208,1174,209,2,1
209,1185,243,3,0
210,1222,176,0,3
211,1222,177,0,3
214,1200,180,0,3
215,1171,214,1,2
222,1184,256,3,0
223,1254,224,2,1
226,1174,225,1,2
230,1174,229,1,2
242,1174,243,2,1
243,1185,277,3,0
244,1222,210,0,3
245,1222,211,0,3
260,1174,259,1,2
264,1174,263,1,2
265,1174,264,1,2
266,1174,265,1,2
267,1174,266,1,2
268,1174,267,1,2
274,1185,308,3,0
276,1174,277,2,1
277,1185,311,3,0
278,1185,312,3,0
278,1222,244,0,3
279,1222,245,0,3
288,1184,322,3,0
294,1174,293,1,2
306,1185,340,2,0
311,1185,345,3,0
312,1185,346,3,0
312,1222,278,0,3
313,1185,347,3,0
313,1222,279,0,3
328,1174,327,1,2
332,1174,331,1,2
343,1174,377,3,0
345,1185,379,3,0
346,1185,380,3,0
347,1185,381,3,0
362,1174,361,1,2
366,1174,365,1,2
375,1174,409,3,0
379,1185,413,3,0
380,1185,414,3,0
381,1185,415,3,0
387,1184,388,2,1
396,1174,395,1,2
400,1174,399,1,2
405,1234,371,0,3
413,1185,447,3,0
414,1185,448,3,0
415,1185,449,3,0
430,1174,429,1,2
434,1174,433,1,2
435,1174,434,1,2
436,1156,470,3,0
447,1185,481,3,0
448,1185,482,3,0
449,1185,483,3,0
464,1174,463,1,2
468,1174,467,1,2
469,1174,468,1,2
472,1213,473,2,1
475,1174,509,3,0
481,1185,515,3,0
482,1185,516,3,0
483,1185,517,3,0
493,1206,492,1,2
502,1174,501,1,2
503,1174,502,1,2
513,1156,512,1,2
515,1185,549,3,0
516,1185,550,3,0
517,1185,551,3,0
536,1174,535,1,2
537,1174,536,1,2
549,1185,583,3,0
550,1185,584,3,0
551,1185,585,3,0
555,1210,554,1,2
556,1210,557,2,1
571,1174,570,1,2
572,1185,573,2,1
583,1185,617,3,0
584,1185,618,3,0
585,1185,619,3,0
589,1210,588,1,2
604,1185,605,2,1
605,1174,604,1,2
608,1174,609,2,1
612,1222,646,2,0
617,1185,651,3,0
618,1185,652,3,0
619,1185,653,3,0
623,1210,622,1,2
639,1174,638,1,2
644,1162,610,0,3
653,1185,1185,4,0
657,1210,656,1,2
662,1210,628,0,3
663,1156,664,2,1
664,1156,665,2,1
665,1156,666,2,1
671,1185,672,2,1
673,1174,672,1,2
674,1156,1156,4,0
680,1227,714,2,0
682,1185,648,0,3
683,1185,649,0,3
684,1185,650,0,3
685,1185,651,0,3
686,1185,652,0,3
687,1185,653,0,3
691,1210,690,1,2
696,1210,662,0,3
705,1185,706,2,1
707,1174,708,2,1
707,1254,673,0,3
720,1184,719,1,2
720,1185,686,0,3
721,1185,687,0,3
722,1184,721,1,2
723,1184,724,2,1
725,1210,724,1,2
731,1178,697,0,3
739,1185,740,2,1
745,1222,746,2,1
751,1210,750,1,2
754,1184,753,1,2
754,1185,720,0,3
755,1185,721,0,3
756,1184,755,1,2
759,1210,758,1,2
767,1210,733,0,3
773,1185,774,2,1
777,1239,778,2,1
779,1222,780,2,1
785,1210,784,1,2
788,1184,787,1,2
788,1185,754,0,3
789,1185,755,0,3
790,1184,789,1,2
793,1210,792,1,2
811,1222,812,2,1
819,1210,818,1,2
822,1184,821,1,2
822,1185,788,0,3
823,1185,789,0,3
824,1184,823,1,2
827,1210,826,1,2
828,1184,829,2,1
843,1185,844,2,1
853,1210,852,1,2
856,1184,855,1,2
856,1185,822,0,3
857,1185,823,0,3
858,1184,857,1,2
861,1210,860,1,2
864,1184,865,2,1
879,1185,880,2,1
887,1210,886,1,2
890,1184,889,1,2
890,1185,856,0,3
891,1185,857,0,3
892,1184,891,1,2
895,1210,894,1,2
898,1184,899,2,1
918,1222,952,2,0
919,1222,953,3,0
920,1222,954,3,0
921,1210,920,1,2
921,1222,955,3,0
922,1222,956,3,0
924,1184,923,1,2
924,1185,890,0,3
925,1185,891,0,3
926,1184,925,1,2
929,1210,928,1,2
943,1222,944,2,1
945,1174,946,2,1
955,1210,954,1,2
958,1184,957,1,2
958,1185,924,0,3
959,1185,925,0,3
959,1222,1222,4,0
960,1184,959,1,2
963,1210,962,1,2
974,1227,975,2,1
977,1222,978,2,1
985,1211,984,1,2
989,1210,988,1,2
992,1184,991,1,2
992,1185,958,0,3
992,1222,958,0,3
993,1185,959,0,3
993,1222,959,0,3
994,1184,993,1,2
997,1210,996,1,2
1011,1222,1012,2,1
1016,1174,1017,2,1
1019,1185,985,0,3
1023,1210,1022,1,2
1026,1184,1025,1,2
1026,1185,992,0,3
1026,1222,992,0,3
1027,1185,993,0,3
1027,1222,993,0,3
1028,1184,1027,1,2
1038,1184,1004,0,3
1045,1222,1046,2,1
1053,1185,1019,0,3
1054,1227,1055,1,1
1055,1185,1021,0,3
1055,1227,1056,2,1
1056,1227,1057,2,1
1057,1210,1056,1,2
1057,1227,1058,2,1
1058,1227,1227,4,0
1060,1184,1059,1,2
1060,1185,1026,0,3
1060,1222,1026,0,3
1061,1222,1027,0,3
1062,1184,1061,1,2
1065,1210,1064,1,2
1066,1210,1065,1,2
1067,1210,1066,1,2
1068,1210,1067,1,2
1069,1210,1068,1,2
1071,1251,1037,0,3
1085,1244,1119,3,0
1086,1227,1087,2,1
1086,1244,1120,3,0
1087,1227,1054,2,3
1094,1184,1093,1,2
1094,1185,1060,0,3
1094,1222,1060,0,3
1095,1222,1061,0,3
1096,1184,1095,1,2
1100,1210,1099,1,2
1101,1210,1100,1,2
1102,1210,1101,1,2
1106,1210,1107,2,1
1109,1184,1075,0,3
1115,1222,1116,2,1
1128,1184,1127,1,2
1128,1185,1094,0,3
1128,1222,1094,0,3
1129,1222,1095,0,3
1130,1184,1129,1,2
1134,1210,1133,1,2
1151,1222,1152,2,1
1156,1157,674,0,4
1156,1158,674,0,4
1156,1160,674,0,4
1156,1166,674,0,4
1156,1167,674,0,4
1156,1169,674,0,4
1156,1171,674,0,4
1156,1175,674,0,4
1156,1178,674,0,4
1156,1179,674,0,4
1156,1181,674,0,4
1156,1184,674,0,4
1156,1186,674,0,4
1156,1190,674,0,4
1156,1191,674,0,4
1156,1192,674,0,4
1156,1196,674,0,4
1156,1197,674,0,4
1156,1198,674,0,4
1156,1199,674,0,4
1156,1200,674,0,4
1156,1201,674,0,4
1156,1203,674,0,4
1156,1207,674,0,4
1156,1208,674,0,4
1156,1209,674,0,4
1156,1214,674,0,4
1156,1217,674,0,4
1156,1222,674,0,4
1156,1223,674,0,4
1156,1227,674,0,4
1156,1228,674,0,4
1156,1233,674,0,4
1156,1237,674,0,4
1156,1238,674,0,4
1156,1241,674,0,4
1156,1247,674,0,4
1156,1249,674,0,4
1156,1252,674,0,4
1156,1255,674,0,4
1158,1223,673,0,4
1159,1199,259,0,4
1162,1161,607,0,4
1162,1165,607,0,4
1162,1176,607,0,4
1162,1185,607,0,4
1162,1188,607,0,4
1162,1193,607,0,4
1162,1197,606,0,4
1162,1212,607,0,4
1162,1213,607,0,4
1162,1216,607,0,4
1162,1218,607,0,4
1162,1220,607,0,4
1162,1226,607,0,4
1162,1230,607,0,4
1162,1232,607,0,4
1162,1239,607,0,4
1162,1244,607,0,4
1162,1248,607,0,4
1162,1250,607,0,4
1162,1253,607,0,4
1163,1174,709,0,4
1165,1227,885,0,4
1171,1156,640,0,4
1171,1243,207,0,4
1174,1157,293,0,4
1174,1158,293,0,4
1174,1160,326,0,4
1174,1162,293,0,4
1174,1163,723,0,4
1174,1164,293,0,4
1174,1166,326,0,4
1174,1167,326,0,4
1174,1169,326,0,4
1174,1170,293,0,4
1174,1171,326,0,4
1174,1172,326,0,4
1174,1175,326,0,4
1174,1177,293,0,4
1174,1178,326,0,4
1174,1179,293,0,4
1174,1180,259,0,4
1174,1181,326,0,4
1174,1183,259,0,4
1174,1187,293,0,4
1174,1194,293,0,4
1174,1195,293,0,4
1174,1196,293,0,4
1174,1197,293,0,4
1174,1198,326,0,4
1174,1199,293,0,4
1174,1200,326,0,4
1174,1201,326,0,4
1174,1203,326,0,4
1174,1205,293,0,4
1174,1207,293,0,4
1174,1208,326,0,4
1174,1209,293,0,4
1174,1210,259,0,4
1174,1211,293,0,4
1174,1214,326,0,4
1174,1217,326,0,4
1174,1221,293,0,4
1174,1222,326,0,4
1174,1223,293,0,4
1174,1224,293,0,4
1174,1225,259,0,4
1174,1227,326,0,4
1174,1229,293,0,4
1174,1231,293,0,4
1174,1234,293,0,4
1174,1235,293,0,4
1174,1236,293,0,4
1174,1237,293,0,4
1174,1238,326,0,4
1174,1241,293,0,4
1174,1242,326,0,4
1174,1243,293,0,4
1174,1247,326,0,4
1174,1249,293,0,4
1174,1251,326,0,4
1174,1254,259,0,4
1174,1255,326,0,4
1175,1174,672,0,4
1181,1174,672,0,4
1184,1186,73,0,4
1184,1240,73,0,4
1184,1245,73,0,4
1185,1156,653,0,4
1185,1158,653,0,4
1185,1161,653,0,4
1185,1162,653,0,4
1185,1163,653,0,4
1185,1171,653,0,4
1185,1173,653,0,4
1185,1175,653,0,4
1185,1176,653,0,4
1185,1179,653,0,4
1185,1181,653,0,4
1185,1187,653,0,4
1185,1189,653,0,4
1185,1193,653,0,4
1185,1196,653,0,4
1185,1197,653,0,4
1185,1198,653,0,4
1185,1199,653,0,4
1185,1201,653,0,4
1185,1203,653,0,4
1185,1207,653,0,4
1185,1209,653,0,4
1185,1211,653,0,4
1185,1212,653,0,4
1185,1216,653,0,4
1185,1218,653,0,4
1185,1221,653,0,4
1185,1223,653,0,4
1185,1224,653,0,4
1185,1226,653,0,4
1185,1230,653,0,4
1185,1232,653,0,4
1185,1237,653,0,4
1185,1239,653,0,4
1185,1241,653,0,4
1185,1242,653,0,4
1185,1243,653,0,4
1185,1248,653,0,4
1185,1249,653,0,4
1185,1251,653,0,4
1186,1184,73,0,4
1193,1227,1084,0,4
1196,1156,673,0,4
1197,1156,640,0,4
1197,1162,606,0,4
1198,1174,672,0,4
1199,1159,240,0,4
1201,1174,672,0,4
1203,1174,672,0,4
1204,1221,670,0,4
1210,1172,1022,0,4
1210,1178,1022,0,4
1210,1190,1022,0,4
1210,1222,1022,0,4
1210,1227,1055,0,4
1210,1228,1022,0,4
1210,1244,166,0,4
1210,1252,1055,0,4
1211,1185,640,0,4
1212,1185,784,0,4
1212,1227,951,0,4
1220,1225,29,0,4
1220,1227,851,0,4
1221,1204,674,0,4
1222,1161,959,0,4
1222,1165,959,0,4
1222,1172,959,0,4
1222,1176,959,0,4
1222,1180,959,0,4
1222,1183,959,0,4
1222,1193,959,0,4
1222,1210,959,0,4
1222,1212,959,0,4
1222,1213,959,0,4
1222,1216,959,0,4
1222,1218,959,0,4
1222,1220,959,0,4
1222,1225,959,0,4
1222,1226,959,0,4
1222,1230,959,0,4
1222,1231,959,0,4
1222,1232,959,0,4
1222,1239,959,0,4
1222,1244,959,0,4
1222,1248,959,0,4
1222,1250,959,0,4
1223,1158,673,0,4
1225,1220,199,0,4
1225,1227,1056,0,4
1226,1227,784,0,4
1227,1165,1058,0,4
1227,1176,1058,0,4
1227,1193,1058,0,4
1227,1210,1058,0,4
1227,1212,1058,0,4
1227,1213,1058,0,4
1227,1220,1058,0,4
1227,1225,1058,0,4
1227,1226,1058,0,4
1227,1230,1058,0,4
1227,1248,1058,0,4
1227,1250,1058,0,4
1228,1235,1061,0,4
1230,1227,851,0,4
1231,1222,958,0,4
1235,1228,1124,0,4
1238,1174,604,0,4
1238,1247,571,0,4
1242,1174,672,0,4
1243,1171,207,0,4
1244,1210,29,0,4
1244,1252,885,0,4
1245,1184,113,0,4
1247,1238,468,0,4
1250,1227,1085,0,4
1251,1174,672,0,4
1252,1210,1060,0,4
1252,1244,1027,0,4
