16,1190,1138,3,3
26,1187,1148,3,3
45,1190,11,0,2
45,1196,44,1,2
50,1190,16,0,2
59,1210,60,2,1
79,1190,45,0,3
84,1190,50,0,3
105,1210,1210,4,0
113,1190,79,0,3
118,1190,84,0,3
137,1244,103,0,3
147,1190,113,0,3
152,1190,118,0,3
181,1190,147,0,3
186,1190,152,0,3
200,1185,199,1,2
211,1190,177,0,3
215,1190,181,0,3
220,1190,186,0,3
236,1185,235,1,2
249,1190,215,0,3
254,1190,220,0,3
266,1169,267,2,1
282,1190,248,0,3
283,1190,249,0,3
288,1190,254,0,3
314,1162,313,1,2
317,1167,316,1,2
332,1244,333,2,1
348,1162,347,1,2
349,1162,315,0,3
361,1217,327,0,3
379,1253,413,3,0
382,1162,381,1,2
383,1162,349,0,3
393,1162,359,0,3
408,1240,441,3,2
409,1241,443,3,0
416,1162,415,1,2
417,1162,383,0,3
427,1162,393,0,3
441,1178,440,1,2
442,1240,475,3,2
445,1240,446,2,1
450,1162,449,1,2
451,1162,417,0,3
461,1162,427,0,3
476,1240,509,3,2
484,1162,483,1,2
485,1162,451,0,3
495,1162,461,0,3
504,1240,503,1,2
510,1240,543,3,2
515,1240,481,0,3
518,1162,517,1,2
520,1255,519,1,2
538,1240,537,1,2
544,1240,577,3,2
572,1240,571,1,2
578,1240,611,3,2
585,1240,551,0,3
593,1184,594,2,1
600,1184,601,2,1
601,1184,602,2,1
602,1184,603,2,1
603,1184,604,2,1
604,1184,605,2,1
605,1184,606,2,1
606,1184,607,2,1
606,1240,605,1,2
607,1184,608,2,1
609,1184,1184,4,0
610,1184,609,1,2
612,1240,645,3,2
619,1240,585,0,3
627,1184,628,2,1
640,1240,639,1,2
642,1184,608,0,3
643,1184,609,0,3
646,1187,1187,4,0
646,1240,679,3,2
656,1240,622,0,3
661,1184,662,2,1
662,1184,663,2,1
664,1187,665,2,1
674,1240,673,1,2
676,1184,642,0,3
677,1184,643,0,3
680,1187,646,0,2
680,1240,713,3,2
688,1205,722,3,0
690,1240,691,2,1
696,1184,697,2,1
698,1187,699,2,1
707,1187,673,0,3
708,1240,707,1,2
710,1184,676,0,3
711,1184,677,0,3
714,1187,680,0,2
714,1240,747,3,2
724,1240,725,2,1
731,1234,765,3,0
732,1184,733,2,1
732,1187,733,2,1
733,1184,734,2,1
741,1187,707,0,3
742,1240,741,1,2
744,1184,710,0,3
745,1184,711,0,3
748,1187,714,0,2
748,1240,781,3,2
758,1240,759,2,1
766,1184,767,2,1
766,1187,767,2,1
767,1184,768,2,1
775,1187,741,0,3
776,1240,775,1,2
778,1184,744,0,3
779,1184,745,0,3
780,1228,746,0,3
782,1187,748,0,2
782,1240,815,3,2
792,1240,793,2,1
798,1175,832,3,0
800,1187,801,2,1
803,1184,804,2,1
809,1187,775,0,3
810,1240,809,1,2
812,1184,778,0,3
813,1184,779,0,3
816,1187,782,0,2
816,1240,849,3,2
826,1240,827,2,1
834,1187,835,2,1
837,1184,838,2,1
843,1187,809,0,3
843,1188,877,3,0
844,1240,843,1,2
846,1184,812,0,3
847,1184,813,0,3
850,1187,816,0,2
850,1240,883,3,2
855,1160,889,3,0
860,1240,861,2,1
868,1187,869,2,1
872,1184,838,0,3
873,1184,839,0,3
877,1187,843,0,3
878,1240,877,1,2
880,1184,846,0,3
881,1184,847,0,3
884,1187,850,0,2
894,1240,895,2,1
895,1199,894,1,2
902,1187,903,2,1
905,1212,871,0,3
907,1184,873,0,3
911,1187,877,0,3
912,1240,911,1,2
914,1184,880,0,3
915,1184,881,0,3
918,1187,884,0,2
918,1218,952,2,0
937,1187,938,2,1
942,1184,908,0,3
943,1184,909,0,3
945,1187,911,0,3
948,1184,914,0,3
949,1184,915,0,3
952,1187,918,0,2
957,1190,958,2,1
958,1190,959,2,1
959,1190,960,2,1
960,1190,961,2,1
961,1190,962,2,1
962,1190,963,2,1
963,1190,964,2,1
968,1190,1190,4,0
971,1187,972,2,1
976,1184,942,0,3
977,1184,943,0,3
979,1187,945,0,3
982,1184,948,0,3
983,1184,949,0,3
986,1187,952,0,2
1012,1184,978,0,3
1013,1184,979,0,3
1013,1187,979,0,3
1016,1184,982,0,3
1017,1184,983,0,3
1047,1184,1013,0,3
1047,1187,1013,0,3
1048,1184,1014,0,3
1050,1184,1016,0,3
1051,1184,1017,0,3
1056,1171,1022,0,3
1077,1187,1043,0,3
1081,1187,1047,0,3
1083,1184,1049,0,3
1084,1184,1050,0,3
1085,1184,1051,0,3
1089,1162,1055,0,3
1104,1190,1070,0,3
1111,1187,1077,0,3
1115,1187,1081,0,3
1118,1184,1084,0,3
1119,1184,1085,0,3
1129,1205,1130,2,1
1130,1205,1131,2,1
1131,1205,1205,4,0
1138,1190,1104,0,3
1149,1187,1115,0,3
1157,1214,543,0,4
1158,1173,215,0,4
1158,1237,247,0,4
1160,1184,543,0,4
1168,1184,597,0,4
1173,1158,181,0,4
1175,1176,612,0,4
1175,1199,214,0,4
1176,1175,622,0,4
1178,1173,438,0,4
1178,1190,967,0,4
1178,1192,438,0,4
1178,1255,438,0,4
1181,1187,679,0,4
1184,1160,543,0,4
1184,1168,609,0,4
1184,1185,609,0,4
1185,1184,628,0,4
1187,1173,646,0,4
1187,1181,646,0,4
1187,1182,646,0,4
1187,1198,646,0,4
1187,1201,646,0,4
1187,1202,646,0,4
1187,1204,646,0,4
1187,1219,646,0,4
1187,1242,646,0,4
1187,1251,646,0,4
1190,1170,968,0,4
1190,1178,968,0,4
1190,1180,968,0,4
1190,1183,968,0,4
1190,1210,968,0,4
1190,1225,968,0,4
1190,1227,968,0,4
1190,1235,968,0,4
1198,1187,679,0,4
1199,1175,214,0,4
1199,1203,214,0,4
1201,1187,679,0,4
1202,1187,678,0,4
1203,1199,214,0,4
1204,1187,677,0,4
1205,1210,1131,0,4
1205,1225,1131,0,4
1205,1234,1131,0,4
1210,1161,105,0,4
1210,1165,105,0,4
1210,1185,105,0,4
1210,1188,105,0,4
1210,1213,105,0,4
1210,1220,105,0,4
1210,1226,105,0,4
1210,1230,105,0,4
1210,1253,105,0,4
1212,1244,824,0,4
1214,1157,543,0,4
1219,1243,115,0,4
1220,1210,1124,0,4
1225,1205,1096,0,4
1227,1190,1033,0,4
1228,1252,1034,0,4
1230,1210,1124,0,4
1234,1205,1131,0,4
1235,1190,1098,0,4
1237,1158,247,0,4
1241,1205,579,0,4
1241,1208,579,0,4
1241,1222,579,0,4
1241,1227,579,0,4
1241,1247,579,0,4
1242,1187,646,0,4
1243,1219,180,0,4
1244,1212,824,0,4
1251,1187,646,0,4
1252,1228,1034,0,4
