14,1233,13,0,1
15,1253,14,0,1
16,1233,15,0,1
16,1253,15,0,1
18,1196,17,0,1
30,1233,31,1,0
41,1250,40,1,2
48,1233,47,1,2
50,1233,49,1,2
52,1196,51,1,2
64,1233,65,2,1
82,1233,81,1,2
86,1196,85,1,2
98,1233,99,2,1
120,1196,119,1,2
142,1238,108,0,3
148,1196,147,1,2
154,1196,153,1,2
176,1247,142,0,3
181,1231,180,1,2
182,1196,181,1,2
185,1253,184,1,2
187,1253,188,2,1
188,1196,187,1,2
189,1196,188,1,2
190,1196,189,1,2
191,1196,190,1,2
207,1180,1180,4,0
210,1173,211,2,1
211,1173,212,2,1
212,1173,213,2,1
213,1173,214,2,1
214,1173,215,2,1
215,1173,216,2,1
216,1173,1173,4,0
216,1196,215,1,2
219,1253,218,1,2
228,1180,229,2,1
229,1180,230,2,1
230,1180,231,2,1
250,1196,249,1,2
253,1253,252,1,2
256,1196,255,1,2
258,1253,259,2,1
276,1197,277,2,1
284,1196,283,1,2
287,1253,286,1,2
290,1196,289,1,2
291,1196,290,1,2
308,1211,342,3,0
318,1196,317,1,2
321,1253,320,1,2
324,1196,323,1,2
325,1196,324,1,2
331,1196,365,3,0
342,1211,376,3,0
344,1187,378,3,0
352,1196,351,1,2
355,1253,354,1,2
358,1196,357,1,2
359,1196,358,1,2
375,1194,409,3,0
376,1211,410,3,0
377,1187,378,2,1
379,1187,413,3,0
389,1253,388,1,2
392,1196,391,1,2
393,1196,392,1,2
393,1221,359,0,3
398,1253,364,0,3
409,1211,410,2,1
410,1211,444,3,0
411,1187,412,2,1
413,1187,447,3,0
415,1197,381,0,3
423,1253,422,1,2
427,1196,426,1,2
432,1253,398,0,3
435,1187,436,2,1
436,1211,437,2,1
443,1211,444,2,1
444,1211,478,3,0
445,1187,446,2,1
448,1187,482,3,0
454,1218,453,1,2
457,1253,456,1,2
461,1196,460,1,2
464,1196,465,2,1
468,1253,434,0,3
469,1187,470,2,1
470,1211,471,2,1
477,1211,478,2,1
478,1187,479,2,1
478,1211,512,3,0
479,1187,480,2,1
483,1187,482,1,2
485,1197,451,0,3
491,1253,490,1,2
495,1196,494,1,2
504,1211,505,2,1
511,1211,512,2,1
512,1211,546,3,0
513,1180,479,0,3
513,1187,514,2,1
518,1187,517,1,2
521,1197,487,0,3
525,1253,524,1,2
529,1196,528,1,2
529,1197,495,0,3
530,1196,531,2,1
538,1211,539,2,1
545,1211,546,2,1
546,1211,1211,4,0
547,1180,513,0,3
547,1197,546,1,2
548,1187,1187,4,0
549,1187,548,1,2
550,1187,549,1,2
552,1187,551,1,2
553,1173,519,0,3
559,1253,558,1,2
563,1196,562,1,2
563,1197,564,2,1
571,1211,572,2,1
572,1211,573,2,1
573,1253,539,0,3
581,1180,547,0,3
581,1197,580,1,2
582,1197,581,1,2
583,1197,582,1,2
584,1197,583,1,2
589,1173,555,0,3
593,1253,592,1,2
596,1197,597,2,1
615,1197,614,1,2
627,1253,626,1,2
630,1197,631,2,1
661,1253,660,1,2
662,1253,661,1,2
663,1253,662,1,2
664,1197,665,2,1
664,1223,663,1,2
664,1253,663,1,2
665,1253,664,1,2
666,1253,665,1,2
695,1253,694,1,2
698,1197,699,2,1
706,1180,672,0,3
728,1233,727,1,2
729,1253,728,1,2
730,1233,729,1,2
731,1233,732,2,1
732,1197,733,2,1
762,1233,761,1,2
763,1253,762,1,2
764,1233,763,1,2
766,1197,767,2,1
778,1253,812,3,0
796,1233,795,1,2
797,1253,796,1,2
798,1233,797,1,2
800,1197,834,3,0
802,1233,803,2,1
810,1253,844,3,0
828,1197,862,3,0
830,1233,829,1,2
831,1253,830,1,2
832,1233,831,1,2
836,1233,837,2,1
864,1233,863,1,2
865,1253,864,1,2
866,1233,865,1,2
872,1233,873,2,1
887,1206,888,2,1
892,1197,926,3,0
898,1233,897,1,2
899,1253,898,1,2
900,1233,899,1,2
904,1196,905,2,1
909,1253,943,3,0
932,1233,931,1,2
933,1253,932,1,2
934,1233,933,1,2
942,1233,908,0,3
966,1233,965,1,2
967,1253,966,1,2
968,1233,967,1,2
976,1233,942,0,3
996,1165,995,1,2
1000,1233,999,1,2
1001,1253,1000,1,2
1002,1233,1001,1,2
1002,1253,1001,1,2
1008,1253,1009,2,1
1010,1196,976,0,3
1012,1233,978,0,3
1034,1233,1033,1,2
1035,1253,1034,1,2
1036,1233,1035,1,2
1036,1253,1035,1,2
1044,1196,1010,0,3
1046,1233,1012,0,3
1068,1233,1067,1,2
1069,1253,1068,1,2
1070,1215,1036,0,3
1070,1233,1069,1,2
1070,1253,1069,1,2
1080,1196,1046,0,3
1082,1233,1048,0,3
1102,1233,1101,1,2
1103,1253,1102,1,2
1104,1233,1103,1,2
1104,1253,1103,1,2
1106,1196,1105,1,2
1107,1253,1108,2,1
1115,1196,1081,0,3
1117,1233,1083,0,3
1136,1233,1135,1,2
1137,1253,1136,1,2
1138,1233,1137,1,2
1138,1253,1137,1,2
1140,1196,1139,1,2
1152,1233,1153,2,1
1156,1234,615,0,4
1162,1197,215,0,4
1165,1250,825,0,4
1166,1211,545,0,4
1169,1211,545,0,4
1172,1187,373,0,4
1173,1158,216,0,4
1173,1162,216,0,4
1173,1179,216,0,4
1173,1196,216,0,4
1173,1199,216,0,4
1173,1207,216,0,4
1173,1209,216,0,4
1173,1211,216,0,4
1173,1223,216,0,4
1173,1224,216,0,4
1173,1241,216,0,4
1173,1243,216,0,4
1173,1246,216,0,4
1173,1249,216,0,4
1173,1254,216,0,4
1175,1198,613,0,4
1180,1159,207,0,4
1180,1168,207,0,4
1180,1172,207,0,4
1180,1174,207,0,4
1180,1215,207,0,4
1180,1231,207,0,4
1180,1246,207,0,4
1180,1254,207,0,4
1182,1233,117,0,4
1186,1211,544,0,4
1187,1164,548,0,4
1187,1167,548,0,4
1187,1172,548,0,4
1187,1178,548,0,4
1187,1205,548,0,4
1187,1208,548,0,4
1187,1222,548,0,4
1187,1227,548,0,4
1187,1228,548,0,4
1187,1234,548,0,4
1187,1247,548,0,4
1187,1252,548,0,4
1194,1211,478,0,4
1196,1173,215,0,4
1196,1206,215,0,4
1196,1240,181,0,4
1196,1245,181,0,4
1197,1161,579,0,4
1197,1162,215,0,4
1197,1176,579,0,4
1197,1185,579,0,4
1197,1193,579,0,4
1197,1209,214,0,4
1197,1212,180,0,4
1197,1213,579,0,4
1197,1216,579,0,4
1197,1218,579,0,4
1197,1224,579,0,4
1197,1226,579,0,4
1197,1232,579,0,4
1197,1239,579,0,4
1197,1248,579,0,4
1198,1175,613,0,4
1198,1203,613,0,4
1198,1223,215,0,4
1203,1198,613,0,4
1205,1211,376,0,4
1205,1247,375,0,4
1209,1197,248,0,4
1211,1157,546,0,4
1211,1160,546,0,4
1211,1166,546,0,4
1211,1167,546,0,4
1211,1169,546,0,4
1211,1172,546,0,4
1211,1173,215,0,4
1211,1178,546,0,4
1211,1184,546,0,4
1211,1186,546,0,4
1211,1190,546,0,4
1211,1192,546,0,4
1211,1194,546,0,4
1211,1200,546,0,4
1211,1205,546,0,4
1211,1208,546,0,4
1211,1214,546,0,4
1211,1217,546,0,4
1211,1222,546,0,4
1211,1227,546,0,4
1211,1228,546,0,4
1211,1231,546,0,4
1211,1247,546,0,4
1211,1252,546,0,4
1212,1197,1092,0,4
1223,1198,215,0,4
1223,1242,614,0,4
1224,1173,282,0,4
1224,1197,581,0,4
1225,1229,141,0,4
1229,1225,142,0,4
1230,1252,858,0,4
1233,1182,115,0,4
1234,1156,342,0,4
1234,1187,342,0,4
1241,1173,248,0,4
1242,1223,614,0,4
1243,1173,215,0,4
1247,1205,375,0,4
1250,1160,1092,0,4
1250,1165,825,0,4
1250,1167,1092,0,4
1250,1184,1092,0,4
1250,1186,1092,0,4
1250,1192,1092,0,4
1250,1195,1092,0,4
1250,1200,1092,0,4
1250,1214,1092,0,4
1250,1217,1092,0,4
1252,1230,1035,0,4
1253,1159,694,0,4
1253,1168,660,0,4
1253,1174,694,0,4
1253,1178,727,0,4
1253,1185,660,0,4
1253,1190,694,0,4
1253,1206,660,0,4
1253,1215,694,0,4
1253,1222,727,0,4
1253,1228,727,0,4
1253,1246,694,0,4
1253,1252,727,0,4
1253,1254,694,0,4
1254,1253,796,0,4
