2,1193,1124,3,3
19,1187,18,0,1
27,1193,1149,3,3
28,1196,1150,3,3
36,1193,2,0,2
46,1186,1186,4,0
53,1187,52,1,2
61,1193,27,0,2
64,1186,65,2,1
70,1193,36,0,3
77,1186,43,0,3
78,1186,44,0,3
79,1186,45,0,3
80,1186,46,0,3
87,1187,86,1,2
95,1193,61,0,3
98,1186,99,2,1
104,1193,70,0,3
121,1187,120,1,2
129,1193,95,0,3
138,1193,104,0,3
146,1176,180,3,0
148,1203,149,2,1
155,1187,154,1,2
163,1193,129,0,3
172,1193,138,0,3
181,1187,180,1,2
189,1187,188,1,2
197,1193,163,0,3
206,1193,172,0,3
208,1186,209,2,1
211,1176,245,3,0
215,1187,214,1,2
223,1187,222,1,2
224,1193,225,2,1
231,1193,197,0,3
240,1193,206,0,3
249,1187,248,1,2
257,1187,256,1,2
258,1187,257,1,2
258,1235,224,0,3
259,1187,258,1,2
259,1193,260,2,1
265,1193,231,0,3
283,1187,282,1,2
285,1227,284,1,2
297,1166,296,1,2
299,1193,265,0,3
306,1169,340,2,0
313,1186,279,0,3
317,1187,316,1,2
321,1254,355,3,0
325,1187,324,1,2
326,1187,325,1,2
327,1187,326,1,2
327,1188,328,2,1
328,1212,362,3,0
333,1193,299,0,3
342,1206,308,0,3
345,1224,379,3,0
347,1186,313,0,3
350,1244,349,1,2
351,1187,350,1,2
355,1254,389,3,0
359,1187,358,1,2
360,1187,359,1,2
361,1187,360,1,2
365,1162,399,3,0
366,1187,400,3,0
379,1224,413,3,0
383,1186,349,0,3
387,1233,386,1,2
389,1254,423,3,0
393,1187,392,1,2
394,1187,393,1,2
399,1193,365,0,3
412,1224,413,2,1
413,1224,447,3,0
423,1254,457,3,0
427,1221,393,0,3
428,1187,427,1,2
432,1187,466,3,0
433,1224,434,2,1
434,1193,400,0,3
446,1224,447,2,1
447,1224,481,3,0
457,1254,491,3,0
462,1187,461,1,2
467,1224,468,2,1
481,1224,1224,4,0
487,1207,486,1,2
488,1186,454,0,3
491,1254,525,3,0
493,1178,494,2,1
496,1187,495,1,2
525,1254,559,3,0
529,1178,530,2,1
530,1187,529,1,2
543,1201,577,3,0
559,1254,593,3,0
564,1187,563,1,2
565,1187,566,2,1
587,1189,586,1,2
588,1176,622,3,0
593,1254,627,3,0
613,1243,1243,4,0
618,1176,619,2,1
619,1176,620,2,1
620,1176,621,2,1
621,1176,622,2,1
622,1176,1176,4,0
627,1254,661,3,0
635,1243,636,2,1
636,1243,637,2,1
637,1243,638,2,1
638,1243,639,2,1
639,1243,640,2,1
640,1243,641,2,1
646,1196,1196,4,0
647,1196,646,1,1
661,1254,695,3,0
664,1196,665,2,1
669,1196,670,2,1
670,1196,671,2,1
671,1196,672,2,1
672,1196,673,2,1
673,1196,674,2,1
674,1196,675,2,1
680,1196,646,0,2
681,1174,680,1,1
681,1243,647,0,3
695,1254,729,3,0
698,1196,699,2,1
708,1243,674,0,3
709,1196,675,0,3
714,1196,680,0,2
715,1243,681,0,3
720,1235,754,3,0
729,1254,763,3,0
732,1196,733,2,1
742,1243,708,0,3
743,1196,709,0,3
748,1196,714,0,2
749,1243,715,0,3
758,1254,759,2,1
759,1254,760,2,1
760,1254,761,2,1
761,1254,762,2,1
762,1254,763,2,1
763,1254,1254,4,0
766,1196,767,2,1
776,1243,742,0,3
777,1196,743,0,3
782,1196,748,0,2
783,1243,749,0,3
800,1196,801,2,1
810,1243,776,0,3
811,1196,777,0,3
816,1196,782,0,2
817,1243,783,0,3
824,1186,858,3,0
834,1196,835,2,1
835,1219,869,3,0
844,1243,810,0,3
845,1196,811,0,3
850,1196,816,0,2
851,1218,885,3,0
851,1243,817,0,3
868,1196,869,2,1
869,1196,870,2,1
878,1243,844,0,3
879,1196,845,0,3
884,1196,850,0,2
885,1243,851,0,3
903,1196,904,2,1
904,1243,905,2,1
908,1193,942,3,0
912,1243,878,0,3
913,1196,879,0,3
918,1196,884,0,2
919,1243,885,0,3
923,1186,924,2,1
934,1178,968,3,0
935,1178,969,3,0
936,1178,970,3,0
937,1178,971,3,0
938,1178,972,3,0
939,1178,973,3,0
939,1196,940,2,1
940,1178,974,3,0
940,1196,941,2,1
941,1178,975,3,0
946,1243,912,0,3
947,1196,913,0,3
952,1196,918,0,2
953,1243,919,0,3
962,1224,961,1,2
971,1187,970,1,2
973,1196,974,2,1
974,1196,975,2,1
980,1243,946,0,3
981,1196,947,0,3
986,1196,952,0,2
998,1199,997,1,2
1005,1187,1004,1,2
1009,1196,975,0,3
1011,1193,1045,3,0
1014,1243,980,0,3
1015,1196,981,0,3
1020,1196,986,0,2
1039,1187,1038,1,2
1041,1193,1042,2,1
1042,1187,1043,2,1
1043,1196,1009,0,3
1044,1243,1010,0,3
1045,1193,1079,3,0
1046,1193,1080,3,0
1048,1243,1014,0,3
1049,1196,1015,0,3
1054,1196,1020,0,2
1057,1226,1091,3,0
1058,1226,1092,3,0
1060,1254,1026,0,3
1073,1187,1072,1,2
1077,1193,1111,3,0
1078,1193,1112,3,0
1079,1193,1113,3,0
1079,1196,1045,0,3
1080,1193,1114,3,0
1081,1193,1115,3,0
1082,1243,1048,0,3
1083,1196,1049,0,3
1088,1196,1054,0,2
1090,1193,1193,4,0
1107,1187,1106,1,2
1111,1193,1112,2,1
1113,1196,1079,0,3
1114,1196,1080,0,3
1115,1243,1081,0,3
1117,1196,1083,0,3
1121,1186,1088,2,3
1122,1196,1088,0,2
1124,1193,1090,0,3
1141,1187,1140,1,2
1148,1187,1114,0,3
1149,1193,1115,0,3
1149,1196,1115,0,3
1150,1196,1116,0,3
1151,1196,1117,0,3
1157,1254,477,0,4
1158,1176,614,0,4
1158,1187,248,0,4
1158,1201,215,0,4
1160,1186,46,0,4
1161,1186,1122,0,4
1162,1241,580,0,4
1164,1235,308,0,4
1167,1186,46,0,4
1168,1243,632,0,4
1169,1231,544,0,4
1173,1196,646,0,4
1175,1238,613,0,4
1176,1157,622,0,4
1176,1158,622,0,4
1176,1160,622,0,4
1176,1162,622,0,4
1176,1166,622,0,4
1176,1167,622,0,4
1176,1169,622,0,4
1176,1171,622,0,4
1176,1179,622,0,4
1176,1184,622,0,4
1176,1186,622,0,4
1176,1187,622,0,4
1176,1191,622,0,4
1176,1192,622,0,4
1176,1194,622,0,4
1176,1196,622,0,4
1176,1197,622,0,4
1176,1199,622,0,4
1176,1200,622,0,4
1176,1207,622,0,4
1176,1209,622,0,4
1176,1211,622,0,4
1176,1214,622,0,4
1176,1217,622,0,4
1176,1223,622,0,4
1176,1224,622,0,4
1176,1233,622,0,4
1176,1236,622,0,4
1176,1237,622,0,4
1176,1238,622,0,4
1176,1241,622,0,4
1176,1243,622,0,4
1176,1249,622,0,4
1176,1255,622,0,4
1177,1227,242,0,4
1178,1190,968,0,4
1178,1240,968,0,4
1178,1245,968,0,4
1182,1243,712,0,4
1186,1160,46,0,4
1186,1161,46,0,4
1186,1164,46,0,4
1186,1165,46,0,4
1186,1167,46,0,4
1186,1170,46,0,4
1186,1177,46,0,4
1186,1180,46,0,4
1186,1183,46,0,4
1186,1188,46,0,4
1186,1193,46,0,4
1186,1194,46,0,4
1186,1195,46,0,4
1186,1200,46,0,4
1186,1205,46,0,4
1186,1208,46,0,4
1186,1210,46,0,4
1186,1212,46,0,4
1186,1213,46,0,4
1186,1214,46,0,4
1186,1216,46,0,4
1186,1217,46,0,4
1186,1218,46,0,4
1186,1220,46,0,4
1186,1225,46,0,4
1186,1226,46,0,4
1186,1227,46,0,4
1186,1229,46,0,4
1186,1230,46,0,4
1186,1234,46,0,4
1186,1235,46,0,4
1186,1236,46,0,4
1186,1244,46,0,4
1186,1247,46,0,4
1186,1250,46,0,4
1186,1253,46,0,4
1187,1158,248,0,4
1187,1240,248,0,4
1187,1245,248,0,4
1188,1254,695,0,4
1190,1178,969,0,4
1191,1243,612,0,4
1193,1161,1090,0,4
1193,1232,1090,0,4
1193,1239,1090,0,4
1194,1186,45,0,4
1196,1173,646,0,4
1196,1182,646,0,4
1196,1204,646,0,4
1196,1219,646,0,4
1200,1186,46,0,4
1201,1158,215,0,4
1203,1238,613,0,4
1204,1196,678,0,4
1206,1205,232,0,4
1207,1176,614,0,4
1208,1186,1134,0,4
1210,1226,1096,0,4
1214,1186,46,0,4
1217,1186,46,0,4
1219,1243,678,0,4
1224,1164,481,0,4
1224,1178,481,0,4
1224,1195,481,0,4
1224,1205,481,0,4
1224,1208,481,0,4
1224,1222,481,0,4
1224,1227,481,0,4
1224,1234,481,0,4
1224,1236,481,0,4
1224,1247,481,0,4
1224,1252,481,0,4
1226,1210,1091,0,4
1227,1177,374,0,4
1227,1186,1100,0,4
1235,1164,308,0,4
1236,1224,444,0,4
1238,1175,578,0,4
1238,1203,578,0,4
1241,1162,580,0,4
1243,1168,613,0,4
1243,1182,613,0,4
1243,1191,613,0,4
1243,1202,613,0,4
1243,1204,613,0,4
1243,1219,613,0,4
1245,1178,978,0,4
1247,1186,1133,0,4
1254,1157,269,0,4
1254,1161,763,0,4
1254,1176,763,0,4
1254,1188,763,0,4
1254,1213,763,0,4
1254,1216,763,0,4
1254,1218,763,0,4
1254,1226,763,0,4
1254,1232,763,0,4
1254,1239,763,0,4
1254,1248,763,0,4
1254,1253,763,0,4
