0,1235,34,1,0
1,1235,35,2,0
20,1235,21,1,0
33,1235,67,2,0
35,1235,1235,4,0
65,1235,66,2,1
99,1235,100,2,1
125,1184,159,3,0
158,1184,192,3,0
159,1184,193,3,0
170,1235,136,0,2
190,1184,224,3,0
193,1184,227,3,0
204,1235,170,0,2
209,1171,208,1,2
216,1171,182,0,3
217,1171,183,0,3
218,1171,184,0,3
219,1171,185,0,3
220,1171,186,0,3
227,1184,261,3,0
243,1171,242,1,2
249,1171,248,1,2
261,1184,295,3,0
276,1249,275,1,2
277,1171,276,1,2
283,1171,282,1,2
295,1184,329,3,0
311,1171,310,1,2
317,1171,316,1,2
320,1195,321,2,1
329,1184,363,3,0
345,1171,344,1,2
351,1171,350,1,2
355,1188,389,3,0
356,1184,390,3,0
356,1231,322,0,3
363,1184,397,3,0
379,1171,378,1,2
385,1171,384,1,2
386,1171,385,1,2
397,1184,431,3,0
398,1184,432,3,0
419,1171,418,1,2
420,1171,419,1,2
422,1184,423,2,1
422,1209,388,0,3
425,1249,459,3,0
431,1184,465,3,0
432,1184,466,3,0
433,1184,467,3,0
437,1156,471,3,0
441,1253,475,3,0
447,1255,446,1,2
454,1171,453,1,2
454,1184,455,2,1
457,1171,458,2,1
464,1240,463,1,2
465,1184,499,3,0
466,1184,500,3,0
467,1184,501,3,0
470,1240,469,1,2
471,1156,505,3,0
472,1240,473,2,1
473,1240,474,2,1
487,1184,488,2,1
488,1171,487,1,2
498,1240,497,1,2
499,1184,533,3,0
500,1184,534,3,0
501,1184,535,3,0
504,1240,503,1,2
506,1240,507,2,1
507,1240,508,2,1
522,1171,521,1,2
523,1171,524,2,1
524,1179,525,2,1
532,1240,531,1,2
533,1184,567,3,0
534,1184,568,3,0
535,1184,569,3,0
538,1240,537,1,2
543,1240,509,0,3
556,1171,555,1,2
560,1184,594,3,0
561,1184,595,3,0
562,1184,596,3,0
563,1184,597,3,0
564,1184,598,3,0
565,1184,599,3,0
566,1184,600,3,0
566,1240,565,1,2
567,1184,601,3,0
568,1184,602,3,0
569,1184,603,3,0
572,1240,571,1,2
577,1240,543,0,3
578,1240,544,0,2
579,1240,545,0,3
600,1240,599,1,2
603,1184,1184,4,0
606,1240,605,1,2
612,1240,578,0,2
613,1240,579,0,3
617,1232,618,2,1
634,1240,633,1,2
636,1184,602,0,3
637,1184,603,0,3
640,1240,639,1,2
649,1240,615,0,3
650,1240,616,0,3
664,1156,665,2,1
665,1156,666,2,1
666,1156,667,2,1
668,1240,667,1,2
670,1184,636,0,3
671,1184,637,0,3
674,1240,673,1,2
675,1156,1156,4,0
683,1240,649,0,3
684,1240,650,0,3
702,1240,701,1,2
704,1184,670,0,3
705,1184,671,0,3
708,1240,707,1,2
712,1251,678,0,3
718,1240,719,2,1
729,1188,695,0,3
736,1240,735,1,2
738,1184,704,0,3
739,1184,705,0,3
742,1240,741,1,2
743,1225,709,0,3
751,1160,750,1,2
752,1240,753,2,1
759,1184,760,2,1
770,1240,769,1,2
772,1184,738,0,3
773,1184,739,0,3
776,1240,775,1,2
786,1240,787,2,1
795,1184,796,2,1
804,1240,803,1,2
806,1184,772,0,3
807,1184,773,0,3
810,1240,809,1,2
820,1240,821,2,1
836,1226,837,2,1
838,1240,837,1,2
840,1184,806,0,3
841,1184,807,0,3
844,1190,810,0,3
844,1240,843,1,2
854,1240,855,2,1
870,1235,871,2,1
872,1240,871,1,2
874,1184,840,0,3
875,1184,841,0,3
878,1240,877,1,2
888,1240,889,2,1
888,1243,887,1,2
904,1235,905,2,1
906,1240,905,1,2
908,1184,874,0,3
909,1184,875,0,3
913,1240,947,3,0
914,1230,948,3,0
914,1240,948,3,0
915,1240,949,3,0
916,1240,950,3,0
917,1212,883,0,3
917,1240,951,3,0
934,1166,900,0,3
935,1184,901,0,3
938,1230,939,2,1
938,1235,939,2,1
942,1184,908,0,3
943,1184,909,0,3
948,1230,982,3,0
969,1184,935,0,3
972,1230,973,2,1
972,1235,973,2,1
976,1184,942,0,3
977,1184,943,0,3
982,1230,1016,3,0
1005,1184,971,0,3
1006,1230,1007,2,1
1006,1235,1007,2,1
1010,1184,976,0,3
1011,1184,977,0,3
1015,1230,1016,2,1
1016,1230,1050,3,0
1040,1184,1006,0,3
1040,1230,1041,2,1
1040,1235,1041,2,1
1044,1184,1010,0,3
1045,1184,1011,0,3
1049,1230,1050,2,1
1050,1230,1084,3,0
1053,1196,1087,3,0
1074,1230,1075,2,1
1074,1235,1075,2,1
1076,1184,1042,0,3
1078,1184,1044,0,3
1079,1184,1045,0,3
1083,1230,1084,2,1
1084,1230,1118,3,0
1108,1235,1109,2,1
1112,1184,1078,0,3
1113,1184,1079,0,3
1117,1230,1118,2,1
1118,1230,1230,4,0
1123,1235,1,3,3
1142,1235,1143,2,1
1147,1172,25,3,3
1156,1157,675,0,4
1156,1158,675,0,4
1156,1160,675,0,4
1156,1166,675,0,4
1156,1167,675,0,4
1156,1169,675,0,4
1156,1171,675,0,4
1156,1175,675,0,4
1156,1178,675,0,4
1156,1181,675,0,4
1156,1184,675,0,4
1156,1186,675,0,4
1156,1190,675,0,4
1156,1191,675,0,4
1156,1192,675,0,4
1156,1196,675,0,4
1156,1197,675,0,4
1156,1198,675,0,4
1156,1199,675,0,4
1156,1200,675,0,4
1156,1201,675,0,4
1156,1203,675,0,4
1156,1204,675,0,4
1156,1207,675,0,4
1156,1208,675,0,4
1156,1209,675,0,4
1156,1214,675,0,4
1156,1217,675,0,4
1156,1222,675,0,4
1156,1223,675,0,4
1156,1227,675,0,4
1156,1228,675,0,4
1156,1233,675,0,4
1156,1237,675,0,4
1156,1238,675,0,4
1156,1241,675,0,4
1156,1247,675,0,4
1156,1249,675,0,4
1156,1252,675,0,4
1156,1255,675,0,4
1171,1156,641,0,4
1171,1173,175,0,4
1171,1175,175,0,4
1171,1181,175,0,4
1171,1198,175,0,4
1171,1201,175,0,4
1171,1203,175,0,4
1171,1242,641,0,4
1171,1251,641,0,4
1173,1171,176,0,4
1174,1206,260,0,4
1175,1171,175,0,4
1177,1235,69,0,4
1180,1235,34,0,4
1180,1236,68,0,4
1181,1171,175,0,4
1183,1235,34,0,4
1184,1159,603,0,4
1184,1168,603,0,4
1184,1174,603,0,4
1184,1178,603,0,4
1184,1190,603,0,4
1184,1206,603,0,4
1184,1215,603,0,4
1184,1222,603,0,4
1184,1228,603,0,4
1184,1246,603,0,4
1184,1252,603,0,4
1189,1224,309,0,4
1197,1156,641,0,4
1198,1171,175,0,4
1201,1171,175,0,4
1203,1171,175,0,4
1206,1174,258,0,4
1209,1156,675,0,4
1216,1230,1118,0,4
1222,1184,465,0,4
1224,1189,308,0,4
1230,1176,1118,0,4
1230,1216,1118,0,4
1230,1240,1118,0,4
1230,1248,1118,0,4
1235,1161,35,0,4
1235,1165,35,0,4
1235,1176,35,0,4
1235,1177,35,0,4
1235,1180,35,0,4
1235,1183,35,0,4
1235,1193,35,0,4
1235,1212,35,0,4
1235,1213,35,0,4
1235,1216,35,0,4
1235,1218,35,0,4
1235,1220,35,0,4
1235,1226,35,0,4
1235,1229,35,0,4
1235,1230,35,0,4
1235,1232,35,0,4
1235,1239,35,0,4
1235,1244,35,0,4
1235,1248,35,0,4
1235,1250,35,0,4
1236,1180,72,0,4
1242,1171,641,0,4
1251,1171,641,0,4
