4,1208,5,1,0
5,1208,6,1,0
6,1208,7,1,0
7,1208,8,1,0
8,1208,1208,4,0
9,1195,8,0,1
9,1236,8,0,1
11,1185,12,1,0
11,1222,12,1,0
14,1227,1136,3,3
15,1236,14,0,1
15,1247,1137,3,3
16,1164,1138,3,3
16,1234,1138,3,3
17,1225,1139,3,3
21,1160,20,0,1
21,1184,20,0,1
21,1186,20,0,1
21,1192,20,0,1
21,1200,20,0,1
21,1214,20,0,1
21,1217,20,0,1
21,1229,20,0,1
23,1156,1145,3,3
23,1226,1145,3,3
24,1212,25,1,0
24,1226,1146,3,3
24,1250,25,1,0
25,1193,26,1,0
25,1195,26,1,0
25,1220,26,1,0
25,1226,1147,3,3
26,1156,1148,3,3
26,1226,1148,3,3
32,1156,1154,3,3
32,1226,1154,3,3
37,1164,3,0,2
37,1178,3,0,2
37,1190,3,0,2
37,1208,3,0,2
37,1222,3,0,2
37,1227,3,0,2
37,1228,3,0,2
37,1234,3,0,2
37,1247,3,0,2
37,1252,3,0,2
41,1245,42,2,1
42,1240,43,2,1
43,1190,44,2,1
43,1236,42,1,2
44,1159,45,2,1
44,1174,45,2,1
44,1215,45,2,1
45,1222,46,2,1
47,1173,81,3,0
47,1191,81,3,0
47,1202,81,3,0
47,1231,13,0,2
47,1233,81,3,0
48,1181,82,3,0
48,1198,82,3,0
48,1201,82,3,0
48,1227,14,0,2
48,1238,82,3,0
48,1251,82,3,0
48,1255,82,3,0
49,1156,83,3,0
49,1158,83,3,0
49,1163,83,3,0
49,1171,83,3,0
49,1175,83,3,0
49,1189,83,3,0
49,1196,83,3,0
49,1197,83,3,0
49,1199,83,3,0
49,1203,83,3,0
49,1207,83,3,0
49,1223,83,3,0
49,1243,83,3,0
49,1247,15,0,2
50,1162,84,3,0
50,1164,16,0,2
50,1179,84,3,0
50,1187,84,3,0
50,1211,84,3,0
50,1221,84,3,0
50,1234,16,0,2
50,1236,49,1,2
50,1237,84,3,0
50,1241,84,3,0
50,1249,84,3,0
51,1224,85,3,0
51,1225,17,0,2
51,1236,50,1,2
54,1161,20,0,2
54,1165,20,0,2
54,1176,20,0,2
54,1193,20,0,2
54,1212,20,0,2
54,1216,20,0,2
54,1218,20,0,2
54,1220,20,0,2
54,1226,20,0,2
54,1230,20,0,2
54,1232,20,0,2
54,1239,20,0,2
54,1244,20,0,2
54,1248,20,0,2
54,1250,20,0,2
60,1226,26,0,2
66,1226,32,0,2
67,1206,101,3,0
67,1240,33,0,2
68,1208,69,1,1
72,1185,71,1,2
76,1209,75,1,2
77,1236,76,1,2
79,1222,80,2,1
82,1217,48,0,3
82,1227,48,0,3
83,1208,49,0,3
83,1247,49,0,3
84,1164,50,0,3
84,1195,50,0,3
84,1209,83,1,2
84,1234,50,0,3
85,1225,51,0,3
89,1191,88,1,2
89,1202,88,1,2
89,1229,88,1,2
89,1238,88,1,2
89,1240,88,1,2
94,1226,60,0,3
100,1226,66,0,3
105,1160,71,0,3
105,1164,71,0,3
105,1167,71,0,3
105,1184,71,0,3
105,1186,71,0,3
105,1192,71,0,3
105,1195,71,0,3
105,1200,71,0,3
105,1205,71,0,3
105,1208,71,0,3
105,1214,71,0,3
105,1217,71,0,3
105,1227,71,0,3
105,1228,71,0,3
105,1234,71,0,3
105,1235,71,0,3
105,1247,71,0,3
105,1252,71,0,3
111,1190,112,2,1
111,1236,110,1,2
113,1222,114,2,1
115,1161,149,3,0
115,1173,149,3,0
115,1184,81,0,3
115,1186,81,0,3
115,1231,81,0,3
116,1181,150,3,0
116,1198,150,3,0
116,1201,150,3,0
116,1217,82,0,3
116,1227,82,0,3
116,1232,150,3,0
116,1242,150,3,0
116,1251,150,3,0
117,1156,151,3,0
117,1158,151,3,0
117,1163,151,3,0
117,1171,151,3,0
117,1175,151,3,0
117,1189,151,3,0
117,1196,151,3,0
117,1199,151,3,0
117,1203,151,3,0
117,1207,151,3,0
117,1208,83,0,3
117,1223,151,3,0
117,1243,151,3,0
117,1247,83,0,3
118,1162,152,3,0
118,1164,84,0,3
118,1179,152,3,0
118,1187,152,3,0
118,1195,84,0,3
118,1209,152,3,0
118,1211,152,3,0
118,1221,152,3,0
118,1234,84,0,3
118,1236,117,1,2
118,1237,152,3,0
118,1241,152,3,0
118,1249,152,3,0
119,1224,153,3,0
119,1225,85,0,3
119,1236,118,1,2
120,1236,119,1,2
121,1236,120,1,2
122,1161,88,0,3
122,1165,88,0,3
122,1176,88,0,3
122,1193,88,0,3
122,1212,88,0,3
122,1213,88,0,3
122,1216,88,0,3
122,1218,88,0,3
122,1220,88,0,3
122,1226,88,0,3
122,1230,88,0,3
122,1232,88,0,3
122,1236,121,1,2
122,1239,88,0,3
122,1244,88,0,3
122,1248,88,0,3
122,1250,88,0,3
123,1236,122,1,2
128,1226,94,0,3
134,1226,100,0,3
135,1206,169,3,0
147,1222,148,2,1
150,1160,116,0,3
150,1192,116,0,3
150,1214,116,0,3
150,1217,116,0,3
150,1227,116,0,3
150,1238,116,0,3
151,1167,117,0,3
151,1200,117,0,3
151,1208,117,0,3
151,1247,117,0,3
152,1157,118,0,3
152,1164,118,0,3
152,1194,118,0,3
152,1195,118,0,3
152,1234,118,0,3
152,1236,151,1,2
153,1236,152,1,2
154,1236,153,1,2
157,1171,156,1,2
157,1173,156,1,2
157,1175,156,1,2
157,1181,156,1,2
157,1198,156,1,2
157,1201,156,1,2
157,1203,156,1,2
157,1251,156,1,2
160,1210,161,2,1
160,1225,161,2,1
160,1236,194,3,0
170,1170,204,2,0
171,1157,172,2,1
173,1157,139,0,3
173,1160,139,0,3
173,1166,139,0,3
173,1167,139,0,3
173,1169,139,0,3
173,1182,139,0,3
173,1184,139,0,3
173,1186,139,0,3
173,1191,139,0,3
173,1192,139,0,3
173,1194,139,0,3
173,1200,139,0,3
173,1202,139,0,3
173,1204,139,0,3
173,1214,139,0,3
173,1217,139,0,3
173,1219,139,0,3
173,1233,139,0,3
173,1236,139,0,3
173,1238,139,0,3
173,1245,139,0,3
179,1190,180,2,1
180,1185,181,2,1
181,1222,182,2,1
183,1161,217,3,0
183,1184,149,0,3
183,1186,149,0,3
183,1191,149,0,3
183,1204,149,0,3
183,1231,149,0,3
184,1160,150,0,3
184,1192,150,0,3
184,1214,150,0,3
184,1217,150,0,3
184,1227,150,0,3
184,1232,218,3,0
185,1156,219,3,0
185,1163,219,3,0
185,1167,151,0,3
185,1189,219,3,0
185,1200,151,0,3
185,1208,151,0,3
185,1218,219,3,0
185,1239,219,3,0
185,1247,151,0,3
185,1248,219,3,0
186,1157,152,0,3
186,1164,152,0,3
186,1187,220,3,0
186,1194,152,0,3
186,1209,220,3,0
186,1221,220,3,0
186,1234,152,0,3
186,1236,185,1,2
186,1237,220,3,0
186,1241,220,3,0
187,1224,221,3,0
187,1236,186,1,2
190,1161,156,0,3
190,1165,156,0,3
190,1176,156,0,3
190,1185,156,0,3
190,1188,156,0,3
190,1193,156,0,3
190,1212,156,0,3
190,1213,156,0,3
190,1216,156,0,3
190,1218,156,0,3
190,1220,156,0,3
190,1226,156,0,3
190,1230,156,0,3
190,1232,156,0,3
190,1239,156,0,3
190,1244,156,0,3
190,1248,156,0,3
190,1250,156,0,3
190,1253,156,0,3
194,1170,228,3,0
200,1185,166,0,3
204,1170,238,2,0
208,1174,207,1,2
208,1203,174,0,3
208,1215,207,1,2
213,1216,212,1,2
215,1191,214,1,2
215,1222,216,2,1
217,1191,216,1,2
218,1160,184,0,3
218,1173,217,1,2
218,1192,184,0,3
218,1201,184,0,3
218,1214,184,0,3
218,1227,184,0,3
218,1233,184,0,3
219,1166,185,0,3
219,1167,185,0,3
219,1169,185,0,3
219,1171,185,0,3
219,1200,185,0,3
219,1208,185,0,3
219,1247,185,0,3
219,1255,185,0,3
220,1157,186,0,3
220,1164,186,0,3
220,1194,186,0,3
220,1234,186,0,3
223,1177,189,0,3
225,1237,224,1,2
225,1241,224,1,2
226,1236,260,3,0
227,1183,228,2,1
238,1170,272,2,0
241,1157,207,0,3
241,1166,207,0,3
241,1169,207,0,3
241,1171,207,0,3
241,1173,207,0,3
241,1175,207,0,3
241,1181,207,0,3
241,1182,207,0,3
241,1184,207,0,3
241,1186,207,0,3
241,1191,207,0,3
241,1194,207,0,3
241,1197,207,0,3
241,1198,207,0,3
241,1201,207,0,3
241,1202,207,0,3
241,1203,207,0,3
241,1204,207,0,3
241,1214,207,0,3
241,1219,207,0,3
241,1233,207,0,3
241,1238,207,0,3
241,1240,207,0,3
241,1245,207,0,3
241,1255,207,0,3
243,1208,209,0,3
246,1245,247,2,1
247,1190,248,2,1
247,1240,248,2,1
248,1185,249,2,1
249,1222,250,2,1
251,1161,285,3,0
251,1184,217,0,3
251,1202,217,0,3
251,1204,217,0,3
251,1231,217,0,3
252,1160,218,0,3
252,1173,251,1,2
252,1192,218,0,3
252,1214,218,0,3
252,1227,218,0,3
252,1232,286,3,0
252,1233,218,0,3
253,1166,219,0,3
253,1167,219,0,3
253,1169,219,0,3
253,1171,219,0,3
253,1176,287,3,0
253,1200,219,0,3
253,1208,219,0,3
253,1213,287,3,0
253,1216,287,3,0
253,1218,287,3,0
253,1239,287,3,0
253,1247,219,0,3
253,1248,287,3,0
253,1255,219,0,3
254,1157,220,0,3
254,1164,220,0,3
254,1194,220,0,3
254,1226,288,3,0
254,1234,220,0,3
258,1165,224,0,3
258,1180,224,0,3
258,1183,224,0,3
258,1185,224,0,3
258,1188,224,0,3
258,1193,224,0,3
258,1212,224,0,3
258,1213,224,0,3
258,1216,224,0,3
258,1218,224,0,3
258,1220,224,0,3
258,1226,224,0,3
258,1229,224,0,3
258,1230,224,0,3
258,1232,224,0,3
258,1239,224,0,3
258,1244,224,0,3
258,1250,224,0,3
258,1253,224,0,3
268,1185,234,0,3
272,1170,1170,4,0
275,1157,276,2,1
276,1172,275,1,2
276,1223,277,2,1
276,1231,275,1,2
277,1223,278,2,1
278,1223,279,2,1
279,1223,1223,4,0
283,1222,284,2,1
286,1160,252,0,3
286,1192,252,0,3
286,1214,252,0,3
286,1227,252,0,3
286,1233,252,0,3
286,1242,252,0,3
286,1251,252,0,3
287,1166,253,0,3
287,1167,253,0,3
287,1169,253,0,3
287,1175,253,0,3
287,1198,253,0,3
287,1200,253,0,3
287,1203,253,0,3
287,1208,253,0,3
287,1247,253,0,3
287,1255,253,0,3
288,1157,254,0,3
288,1164,254,0,3
288,1194,254,0,3
288,1196,254,0,3
288,1197,254,0,3
288,1234,254,0,3
288,1249,254,0,3
289,1211,255,0,3
291,1177,257,0,3
293,1170,294,2,1
294,1170,295,2,1
295,1170,296,2,1
296,1170,297,2,1
297,1164,298,2,1
297,1170,298,2,1
297,1210,298,2,1
297,1225,298,2,1
297,1234,298,2,1
300,1172,301,2,1
305,1170,272,2,3
306,1206,272,0,2
306,1243,340,2,0
309,1158,275,0,3
309,1173,275,0,3
309,1175,275,0,3
309,1181,275,0,3
309,1182,275,0,3
309,1191,275,0,3
309,1196,275,0,3
309,1198,275,0,3
309,1199,275,0,3
309,1201,275,0,3
309,1202,275,0,3
309,1203,275,0,3
309,1204,275,0,3
309,1207,275,0,3
309,1211,275,0,3
309,1219,275,0,3
309,1223,275,0,3
309,1233,275,0,3
309,1240,275,0,3
309,1242,275,0,3
309,1243,275,0,3
309,1245,275,0,3
309,1251,275,0,3
309,1255,275,0,3
313,1208,279,0,3
314,1245,315,2,1
315,1159,316,2,1
315,1174,316,2,1
315,1240,316,2,1
316,1185,317,2,1
317,1254,318,2,1
319,1161,353,3,0
319,1202,285,0,3
319,1204,285,0,3
320,1160,286,0,3
320,1192,286,0,3
320,1214,286,0,3
320,1227,286,0,3
320,1232,354,3,0
320,1233,286,0,3
320,1242,286,0,3
320,1251,286,0,3
321,1166,287,0,3
321,1167,287,0,3
321,1169,287,0,3
321,1175,287,0,3
321,1176,355,3,0
321,1198,287,0,3
321,1200,287,0,3
321,1203,287,0,3
321,1208,287,0,3
321,1213,355,3,0
321,1216,355,3,0
321,1218,355,3,0
321,1239,355,3,0
321,1247,287,0,3
321,1248,355,3,0
321,1255,287,0,3
322,1157,288,0,3
322,1165,356,3,0
322,1194,288,0,3
322,1196,288,0,3
322,1197,288,0,3
322,1220,356,3,0
322,1226,356,3,0
322,1230,356,3,0
322,1243,321,1,2
322,1249,288,0,3
323,1211,289,0,3
323,1244,357,3,0
323,1250,357,3,0
326,1159,292,0,3
326,1174,292,0,3
326,1177,292,0,3
326,1180,292,0,3
326,1183,292,0,3
326,1185,292,0,3
326,1188,292,0,3
326,1193,292,0,3
326,1206,292,0,3
326,1210,292,0,3
326,1212,292,0,3
326,1213,292,0,3
326,1215,292,0,3
326,1220,292,0,3
326,1225,292,0,3
326,1226,292,0,3
326,1229,292,0,3
326,1230,292,0,3
326,1244,292,0,3
326,1246,292,0,3
326,1250,292,0,3
326,1253,292,0,3
326,1254,292,0,3
336,1185,302,0,3
336,1254,302,0,3
337,1215,303,0,3
337,1246,303,0,3
338,1159,304,0,3
339,1168,305,0,3
340,1243,374,2,0
344,1178,343,1,2
344,1227,343,1,2
354,1160,320,0,3
354,1192,320,0,3
354,1214,320,0,3
354,1227,320,0,3
354,1233,320,0,3
354,1242,320,0,3
354,1251,320,0,3
355,1166,321,0,3
355,1167,321,0,3
355,1169,321,0,3
355,1175,321,0,3
355,1198,321,0,3
355,1200,321,0,3
355,1203,321,0,3
355,1208,321,0,3
355,1247,321,0,3
355,1255,321,0,3
356,1157,322,0,3
356,1158,322,0,3
356,1163,322,0,3
356,1189,322,0,3
356,1194,322,0,3
356,1196,322,0,3
356,1197,322,0,3
356,1199,322,0,3
356,1207,322,0,3
356,1223,322,0,3
356,1237,322,0,3
356,1241,322,0,3
357,1187,323,0,3
357,1211,323,0,3
357,1221,323,0,3
359,1177,360,2,1
359,1236,360,2,1
360,1229,361,2,1
362,1177,363,2,1
365,1170,366,2,1
365,1195,366,2,1
365,1243,366,2,1
367,1227,368,2,1
373,1243,340,2,3
374,1206,340,0,2
374,1208,408,2,0
374,1243,408,2,0
375,1208,409,3,0
376,1208,410,3,0
377,1158,343,0,3
377,1162,343,0,3
377,1163,343,0,3
377,1173,343,0,3
377,1179,343,0,3
377,1187,343,0,3
377,1189,343,0,3
377,1196,343,0,3
377,1199,343,0,3
377,1207,343,0,3
377,1221,343,0,3
377,1223,343,0,3
377,1237,343,0,3
377,1240,343,0,3
377,1241,343,0,3
377,1242,343,0,3
377,1245,343,0,3
377,1249,343,0,3
377,1251,343,0,3
380,1157,346,0,3
382,1245,383,2,1
383,1159,384,2,1
383,1174,384,2,1
383,1240,384,2,1
384,1185,385,2,1
385,1254,386,2,1
387,1161,421,3,0
387,1202,353,0,3
387,1204,353,0,3
388,1160,354,0,3
388,1192,354,0,3
388,1214,354,0,3
388,1232,422,3,0
388,1233,354,0,3
388,1242,354,0,3
388,1251,354,0,3
389,1166,355,0,3
389,1167,355,0,3
389,1169,355,0,3
389,1175,355,0,3
389,1176,423,3,0
389,1198,355,0,3
389,1200,355,0,3
389,1203,355,0,3
389,1213,423,3,0
389,1216,423,3,0
389,1218,423,3,0
389,1239,423,3,0
389,1248,423,3,0
389,1255,355,0,3
390,1157,356,0,3
390,1158,356,0,3
390,1163,356,0,3
390,1165,424,3,0
390,1189,356,0,3
390,1194,356,0,3
390,1196,356,0,3
390,1197,356,0,3
390,1199,356,0,3
390,1207,356,0,3
390,1220,424,3,0
390,1223,356,0,3
390,1226,424,3,0
390,1230,424,3,0
390,1237,356,0,3
390,1241,356,0,3
391,1187,357,0,3
391,1211,357,0,3
391,1221,357,0,3
391,1236,390,1,2
391,1244,425,3,0
391,1250,425,3,0
394,1159,360,0,3
394,1168,360,0,3
394,1170,360,0,3
394,1172,360,0,3
394,1174,360,0,3
394,1177,360,0,3
394,1180,360,0,3
394,1183,360,0,3
394,1210,360,0,3
394,1215,360,0,3
394,1225,360,0,3
394,1229,360,0,3
394,1231,360,0,3
394,1235,360,0,3
394,1246,360,0,3
394,1254,360,0,3
395,1226,361,0,3
399,1243,400,2,1
404,1185,370,0,3
404,1254,370,0,3
405,1215,371,0,3
405,1246,371,0,3
406,1159,372,0,3
407,1168,373,0,3
407,1208,441,3,0
407,1243,374,2,3
408,1243,442,2,0
412,1194,411,1,2
412,1252,411,1,2
422,1160,388,0,3
422,1192,388,0,3
422,1214,388,0,3
422,1233,388,0,3
422,1251,388,0,3
423,1166,389,0,3
423,1167,389,0,3
423,1169,389,0,3
423,1175,389,0,3
423,1198,389,0,3
423,1200,389,0,3
423,1203,389,0,3
423,1255,389,0,3
424,1156,390,0,3
424,1157,390,0,3
424,1158,390,0,3
424,1163,390,0,3
424,1189,390,0,3
424,1194,390,0,3
424,1196,390,0,3
424,1197,390,0,3
424,1199,390,0,3
424,1207,390,0,3
424,1223,390,0,3
424,1237,390,0,3
425,1187,391,0,3
425,1211,391,0,3
425,1221,391,0,3
428,1229,429,2,1
429,1226,395,0,3
430,1177,431,2,1
433,1194,434,2,1
433,1236,434,2,1
433,1243,434,2,1
434,1167,435,2,1
441,1243,408,2,3
442,1206,408,0,2
442,1243,476,2,0
443,1230,444,2,1
445,1156,411,0,3
445,1240,411,0,3
445,1245,411,0,3
450,1168,451,2,1
450,1245,451,2,1
451,1159,452,2,1
451,1174,452,2,1
451,1240,452,2,1
452,1185,453,2,1
453,1222,454,2,1
453,1246,454,2,1
453,1254,454,2,1
455,1161,489,3,0
455,1202,421,0,3
455,1204,421,0,3
456,1160,422,0,3
456,1173,422,0,3
456,1192,422,0,3
456,1214,422,0,3
456,1232,490,3,0
456,1233,422,0,3
456,1251,422,0,3
457,1166,423,0,3
457,1169,423,0,3
457,1175,423,0,3
457,1176,491,3,0
457,1198,423,0,3
457,1203,423,0,3
457,1213,491,3,0
457,1216,491,3,0
457,1218,491,3,0
457,1239,491,3,0
457,1248,491,3,0
457,1255,423,0,3
458,1156,424,0,3
458,1157,459,2,1
458,1158,424,0,3
458,1163,424,0,3
458,1165,492,3,0
458,1189,424,0,3
458,1196,424,0,3
458,1197,424,0,3
458,1199,424,0,3
458,1207,424,0,3
458,1220,492,3,0
458,1223,424,0,3
458,1226,492,3,0
458,1230,492,3,0
458,1237,424,0,3
459,1187,425,0,3
459,1211,425,0,3
459,1212,493,3,0
459,1221,425,0,3
459,1244,493,3,0
459,1249,425,0,3
459,1250,493,3,0
462,1164,428,0,3
462,1170,428,0,3
462,1172,428,0,3
462,1177,428,0,3
462,1178,428,0,3
462,1180,428,0,3
462,1183,428,0,3
462,1195,428,0,3
462,1205,428,0,3
462,1210,428,0,3
462,1222,428,0,3
462,1225,428,0,3
462,1227,428,0,3
462,1229,428,0,3
462,1231,428,0,3
462,1234,428,0,3
462,1235,428,0,3
462,1247,428,0,3
462,1254,428,0,3
467,1243,468,2,1
469,1242,503,3,0
472,1185,438,0,3
472,1222,438,0,3
472,1254,438,0,3
473,1215,439,0,3
473,1246,439,0,3
474,1159,440,0,3
475,1168,441,0,3
475,1243,442,2,3
475,1245,509,3,0
476,1157,509,3,2
476,1243,510,2,0
480,1192,479,1,2
480,1214,479,1,2
490,1173,456,0,3
490,1192,456,0,3
490,1214,456,0,3
490,1233,456,0,3
491,1166,457,0,3
491,1169,457,0,3
491,1175,457,0,3
491,1198,457,0,3
491,1203,457,0,3
491,1255,457,0,3
492,1156,458,0,3
492,1157,493,2,1
492,1158,458,0,3
492,1196,458,0,3
492,1197,458,0,3
492,1199,458,0,3
492,1207,458,0,3
492,1223,458,0,3
493,1187,459,0,3
493,1211,459,0,3
493,1221,459,0,3
496,1229,497,2,1
498,1177,499,2,1
500,1226,466,0,3
501,1243,502,2,1
503,1160,504,2,1
503,1184,504,2,1
503,1192,504,2,1
503,1214,504,2,1
503,1217,504,2,1
509,1243,476,2,3
510,1157,543,3,2
510,1206,476,0,2
510,1243,544,2,0
511,1157,510,1,1
512,1157,511,1,2
513,1157,512,1,2
514,1157,513,1,2
518,1168,519,2,1
518,1245,519,2,1
519,1159,520,2,1
519,1174,520,2,1
519,1240,520,2,1
520,1185,521,2,1
521,1222,522,2,1
521,1246,522,2,1
521,1254,522,2,1
523,1161,557,3,0
523,1202,489,0,3
523,1204,489,0,3
523,1227,557,3,0
524,1173,490,0,3
524,1232,558,3,0
524,1233,490,0,3
525,1157,526,2,1
525,1175,491,0,3
525,1176,559,3,0
525,1198,491,0,3
525,1203,491,0,3
525,1213,559,3,0
525,1216,559,3,0
525,1218,559,3,0
525,1239,559,3,0
525,1248,559,3,0
525,1255,491,0,3
526,1156,492,0,3
526,1158,492,0,3
526,1165,560,3,0
526,1196,492,0,3
526,1199,492,0,3
526,1207,492,0,3
526,1220,560,3,0
526,1223,492,0,3
526,1226,560,3,0
526,1230,560,3,0
527,1187,493,0,3
527,1211,493,0,3
527,1212,561,3,0
527,1221,493,0,3
527,1244,561,3,0
527,1250,561,3,0
530,1164,496,0,3
530,1170,496,0,3
530,1172,496,0,3
530,1177,496,0,3
530,1178,496,0,3
530,1180,496,0,3
530,1183,496,0,3
530,1195,496,0,3
530,1205,496,0,3
530,1208,496,0,3
530,1210,496,0,3
530,1222,496,0,3
530,1225,496,0,3
530,1227,496,0,3
530,1229,496,0,3
530,1231,496,0,3
530,1234,496,0,3
530,1235,496,0,3
530,1236,496,0,3
530,1247,496,0,3
530,1252,496,0,3
535,1168,534,1,2
535,1243,536,2,1
537,1215,536,1,2
540,1185,506,0,3
540,1222,506,0,3
540,1254,506,0,3
541,1246,507,0,3
542,1159,508,0,3
543,1243,510,2,3
543,1245,577,3,0
544,1157,577,3,2
544,1243,1243,4,0
548,1187,547,1,2
548,1199,547,1,2
548,1233,547,1,2
548,1255,547,1,2
558,1173,524,0,3
558,1233,524,0,3
559,1157,560,2,1
559,1175,525,0,3
559,1198,525,0,3
559,1203,525,0,3
559,1255,525,0,3
560,1158,526,0,3
560,1196,526,0,3
560,1199,526,0,3
560,1207,526,0,3
560,1223,526,0,3
561,1187,527,0,3
561,1221,527,0,3
564,1229,565,2,1
566,1177,567,2,1
568,1187,569,2,1
568,1209,569,2,1
568,1224,569,2,1
568,1241,569,2,1
569,1162,570,2,1
569,1179,570,2,1
569,1196,570,2,1
569,1199,570,2,1
569,1243,570,2,1
569,1249,570,2,1
570,1171,571,2,1
570,1197,571,2,1
570,1255,571,2,1
571,1233,572,2,1
574,1202,575,2,1
586,1168,587,2,1
586,1225,585,1,2
586,1245,587,2,1
587,1159,588,2,1
587,1174,588,2,1
587,1240,588,2,1
588,1185,589,2,1
589,1222,590,2,1
589,1228,590,2,1
589,1246,590,2,1
589,1254,590,2,1
591,1161,625,3,0
591,1202,557,0,3
591,1204,557,0,3
591,1227,625,3,0
592,1173,558,0,3
592,1247,626,3,0
593,1157,594,2,1
593,1164,627,3,0
593,1213,627,3,0
593,1216,627,3,0
593,1218,627,3,0
593,1234,627,3,0
593,1239,627,3,0
594,1165,628,3,0
594,1193,628,3,0
594,1220,628,3,0
594,1226,628,3,0
594,1230,628,3,0
595,1212,629,3,0
595,1221,561,0,3
595,1244,629,3,0
595,1250,629,3,0
598,1157,564,0,3
598,1160,564,0,3
598,1164,564,0,3
598,1167,564,0,3
598,1170,564,0,3
598,1172,564,0,3
598,1177,564,0,3
598,1178,564,0,3
598,1180,564,0,3
598,1183,564,0,3
598,1190,564,0,3
598,1194,564,0,3
598,1195,564,0,3
598,1200,564,0,3
598,1205,564,0,3
598,1208,564,0,3
598,1210,564,0,3
598,1214,564,0,3
598,1217,564,0,3
598,1222,564,0,3
598,1225,564,0,3
598,1227,564,0,3
598,1228,564,0,3
598,1229,564,0,3
598,1234,564,0,3
598,1235,564,0,3
598,1236,564,0,3
598,1247,564,0,3
598,1252,564,0,3
608,1222,574,0,3
608,1254,574,0,3
609,1246,575,0,3
610,1159,576,0,3
610,1190,576,0,3
611,1245,645,3,0
616,1204,615,1,2
616,1219,615,1,2
626,1173,592,0,3
627,1157,628,2,1
632,1229,633,2,1
633,1239,632,1,2
634,1177,635,2,1
637,1156,638,2,1
637,1162,638,2,1
637,1163,638,2,1
637,1189,638,2,1
637,1221,638,2,1
639,1173,640,2,1
639,1242,640,2,1
639,1251,640,2,1
640,1202,641,2,1
649,1206,615,0,3
655,1159,656,2,1
655,1174,656,2,1
655,1240,656,2,1
657,1222,658,2,1
657,1228,658,2,1
657,1246,658,2,1
657,1254,658,2,1
659,1227,693,3,0
660,1208,694,3,0
660,1247,694,3,0
661,1157,662,2,1
661,1164,695,3,0
661,1213,695,3,0
661,1234,695,3,0
662,1165,696,3,0
662,1170,696,3,0
662,1193,696,3,0
662,1195,661,1,2
662,1205,696,3,0
662,1220,696,3,0
662,1225,696,3,0
662,1226,696,3,0
662,1230,696,3,0
663,1195,664,2,1
663,1212,697,3,0
663,1235,697,3,0
663,1244,697,3,0
663,1250,697,3,0
666,1157,632,0,3
666,1160,632,0,3
666,1162,632,0,3
666,1164,632,0,3
666,1166,632,0,3
666,1167,632,0,3
666,1169,632,0,3
666,1170,632,0,3
666,1171,632,0,3
666,1177,632,0,3
666,1179,632,0,3
666,1184,632,0,3
666,1186,632,0,3
666,1190,632,0,3
666,1192,632,0,3
666,1194,632,0,3
666,1195,632,0,3
666,1197,632,0,3
666,1200,632,0,3
666,1205,632,0,3
666,1208,632,0,3
666,1211,632,0,3
666,1214,632,0,3
666,1217,632,0,3
666,1224,632,0,3
666,1228,632,0,3
666,1229,632,0,3
666,1233,632,0,3
666,1234,632,0,3
666,1235,632,0,3
666,1236,632,0,3
666,1238,632,0,3
666,1243,632,0,3
666,1247,632,0,3
666,1249,632,0,3
666,1252,632,0,3
666,1255,632,0,3
676,1222,642,0,3
676,1254,642,0,3
678,1190,644,0,3
679,1245,713,3,0
681,1202,647,0,3
691,1185,692,2,1
694,1161,660,0,3
695,1157,696,2,1
695,1232,661,0,3
696,1176,662,0,3
700,1229,701,2,1
701,1213,700,1,2
701,1226,700,1,2
702,1177,703,2,1
703,1251,704,2,1
704,1251,705,2,1
705,1187,706,2,1
705,1209,706,2,1
705,1237,706,2,1
705,1241,706,2,1
705,1251,706,2,1
706,1251,707,2,1
707,1251,708,2,1
711,1251,1251,4,0
717,1161,683,0,3
717,1168,683,0,3
717,1176,683,0,3
717,1185,683,0,3
717,1206,683,0,3
717,1232,683,0,3
717,1239,683,0,3
717,1248,683,0,3
722,1206,723,2,1
723,1157,757,3,0
723,1168,724,2,1
725,1185,726,2,1
725,1222,726,2,1
725,1228,726,2,1
727,1184,761,3,0
727,1186,761,3,0
727,1227,761,3,0
727,1233,761,3,0
728,1160,762,3,0
728,1161,694,0,3
728,1167,762,3,0
728,1192,762,3,0
728,1208,762,3,0
728,1214,762,3,0
728,1217,762,3,0
728,1247,762,3,0
729,1157,763,3,0
729,1164,763,3,0
729,1232,695,0,3
729,1234,763,3,0
730,1156,731,2,1
730,1170,764,3,0
730,1176,696,0,3
730,1205,764,3,0
730,1225,764,3,0
731,1212,765,3,0
731,1235,765,3,0
731,1236,732,2,1
731,1244,765,3,0
731,1250,765,3,0
734,1157,700,0,3
734,1158,700,0,3
734,1160,700,0,3
734,1162,700,0,3
734,1163,700,0,3
734,1166,700,0,3
734,1167,700,0,3
734,1169,700,0,3
734,1171,700,0,3
734,1175,700,0,3
734,1179,700,0,3
734,1181,700,0,3
734,1184,700,0,3
734,1186,700,0,3
734,1187,700,0,3
734,1189,700,0,3
734,1191,700,0,3
734,1192,700,0,3
734,1194,700,0,3
734,1195,700,0,3
734,1196,700,0,3
734,1197,700,0,3
734,1198,700,0,3
734,1199,700,0,3
734,1200,700,0,3
734,1201,700,0,3
734,1202,700,0,3
734,1203,700,0,3
734,1204,700,0,3
734,1205,700,0,3
734,1207,700,0,3
734,1208,700,0,3
734,1209,700,0,3
734,1211,700,0,3
734,1214,700,0,3
734,1217,700,0,3
734,1219,700,0,3
734,1221,700,0,3
734,1223,700,0,3
734,1224,700,0,3
734,1228,700,0,3
734,1233,700,0,3
734,1236,700,0,3
734,1237,700,0,3
734,1238,700,0,3
734,1241,700,0,3
734,1242,700,0,3
734,1243,700,0,3
734,1249,700,0,3
734,1251,700,0,3
734,1255,700,0,3
744,1222,710,0,3
744,1254,710,0,3
746,1156,1156,4,0
746,1190,712,0,3
747,1245,781,3,0
759,1185,760,2,1
759,1246,760,2,1
762,1161,728,0,3
763,1232,729,0,3
763,1239,729,0,3
764,1156,765,2,1
764,1176,730,0,3
764,1216,730,0,3
764,1218,730,0,3
764,1248,730,0,3
768,1195,769,2,1
769,1212,768,1,2
770,1177,771,2,1
774,1156,740,0,3
780,1156,746,0,3
785,1159,751,0,3
785,1161,751,0,3
785,1168,751,0,3
785,1174,751,0,3
785,1176,751,0,3
785,1185,751,0,3
785,1188,751,0,3
785,1206,751,0,3
785,1213,751,0,3
785,1215,751,0,3
785,1216,751,0,3
785,1218,751,0,3
785,1232,751,0,3
785,1239,751,0,3
785,1246,751,0,3
785,1248,751,0,3
785,1253,751,0,3
786,1230,787,2,1
787,1230,788,2,1
788,1157,822,3,0
788,1230,1230,4,0
790,1206,791,2,1
791,1168,792,2,1
791,1195,790,1,2
792,1159,793,2,1
793,1182,794,2,1
793,1185,794,2,1
793,1222,794,2,1
793,1228,794,2,1
793,1246,794,2,1
795,1184,829,3,0
795,1186,829,3,0
795,1188,761,0,3
795,1191,829,3,0
795,1202,829,3,0
795,1227,829,3,0
795,1233,829,3,0
796,1160,830,3,0
796,1161,762,0,3
796,1166,830,3,0
796,1167,830,3,0
796,1169,830,3,0
796,1192,830,3,0
796,1200,830,3,0
796,1208,830,3,0
796,1214,830,3,0
796,1217,830,3,0
796,1247,830,3,0
796,1255,830,3,0
797,1157,831,3,0
797,1164,831,3,0
797,1194,831,3,0
797,1232,763,0,3
797,1234,831,3,0
797,1239,763,0,3
798,1156,799,2,1
798,1170,832,3,0
798,1176,764,0,3
798,1205,832,3,0
798,1216,764,0,3
798,1218,764,0,3
798,1225,832,3,0
798,1248,764,0,3
799,1235,833,3,0
802,1156,768,0,3
802,1157,768,0,3
802,1158,768,0,3
802,1160,768,0,3
802,1162,768,0,3
802,1163,768,0,3
802,1166,768,0,3
802,1167,768,0,3
802,1169,768,0,3
802,1171,768,0,3
802,1173,768,0,3
802,1175,768,0,3
802,1179,768,0,3
802,1181,768,0,3
802,1182,768,0,3
802,1184,768,0,3
802,1186,768,0,3
802,1187,768,0,3
802,1189,768,0,3
802,1191,768,0,3
802,1192,768,0,3
802,1194,768,0,3
802,1196,768,0,3
802,1197,768,0,3
802,1198,768,0,3
802,1199,768,0,3
802,1200,768,0,3
802,1201,768,0,3
802,1202,768,0,3
802,1203,768,0,3
802,1204,768,0,3
802,1207,768,0,3
802,1209,768,0,3
802,1211,768,0,3
802,1214,768,0,3
802,1217,768,0,3
802,1219,768,0,3
802,1221,768,0,3
802,1223,768,0,3
802,1224,768,0,3
802,1233,768,0,3
802,1236,768,0,3
802,1237,768,0,3
802,1238,768,0,3
802,1241,768,0,3
802,1242,768,0,3
802,1243,768,0,3
802,1249,768,0,3
802,1251,768,0,3
802,1255,768,0,3
803,1195,769,0,3
806,1226,840,3,0
808,1156,774,0,3
812,1182,778,0,3
812,1222,778,0,3
814,1156,780,0,3
814,1188,848,3,0
814,1190,780,0,3
815,1245,849,3,0
825,1195,824,1,2
827,1185,828,2,1
827,1246,828,2,1
830,1161,796,0,3
831,1195,830,1,2
831,1213,797,0,3
831,1232,797,0,3
831,1239,797,0,3
832,1156,833,2,1
832,1176,798,0,3
832,1216,798,0,3
832,1218,798,0,3
832,1248,798,0,3
836,1236,837,2,1
837,1229,836,1,2
842,1156,808,0,3
848,1156,814,0,3
853,1159,819,0,3
853,1168,819,0,3
853,1174,819,0,3
853,1185,819,0,3
853,1188,819,0,3
853,1206,819,0,3
853,1213,819,0,3
853,1215,819,0,3
853,1216,819,0,3
853,1218,819,0,3
853,1226,819,0,3
853,1246,819,0,3
853,1253,819,0,3
853,1254,819,0,3
858,1206,859,2,1
859,1168,860,2,1
859,1190,860,2,1
859,1195,858,1,2
860,1159,861,2,1
860,1174,861,2,1
860,1215,861,2,1
861,1182,862,2,1
861,1185,862,2,1
861,1222,862,2,1
861,1228,862,2,1
861,1246,862,2,1
863,1173,897,3,0
863,1184,897,3,0
863,1186,897,3,0
863,1188,829,0,3
863,1191,897,3,0
863,1202,897,3,0
863,1227,897,3,0
863,1233,897,3,0
864,1160,898,3,0
864,1161,830,0,3
864,1166,898,3,0
864,1167,898,3,0
864,1169,898,3,0
864,1192,898,3,0
864,1200,898,3,0
864,1208,898,3,0
864,1214,898,3,0
864,1217,898,3,0
864,1247,898,3,0
864,1251,898,3,0
864,1255,898,3,0
865,1157,899,3,0
865,1164,899,3,0
865,1175,899,3,0
865,1194,899,3,0
865,1196,899,3,0
865,1197,899,3,0
865,1203,899,3,0
865,1213,831,0,3
865,1232,831,0,3
865,1234,899,3,0
865,1239,831,0,3
866,1156,867,2,1
866,1170,900,3,0
866,1205,900,3,0
866,1210,900,3,0
866,1211,900,3,0
866,1216,832,0,3
866,1218,832,0,3
866,1225,900,3,0
866,1248,832,0,3
867,1235,901,3,0
870,1156,836,0,3
870,1158,836,0,3
870,1162,836,0,3
870,1163,836,0,3
870,1166,836,0,3
870,1169,836,0,3
870,1171,836,0,3
870,1173,836,0,3
870,1175,836,0,3
870,1179,836,0,3
870,1181,836,0,3
870,1182,836,0,3
870,1184,836,0,3
870,1186,836,0,3
870,1187,836,0,3
870,1189,836,0,3
870,1191,836,0,3
870,1192,836,0,3
870,1196,836,0,3
870,1197,836,0,3
870,1198,836,0,3
870,1199,836,0,3
870,1201,836,0,3
870,1202,836,0,3
870,1203,836,0,3
870,1204,836,0,3
870,1207,836,0,3
870,1209,836,0,3
870,1211,836,0,3
870,1219,836,0,3
870,1221,836,0,3
870,1223,836,0,3
870,1224,836,0,3
870,1237,836,0,3
870,1238,836,0,3
870,1241,836,0,3
870,1242,836,0,3
870,1243,836,0,3
870,1249,836,0,3
870,1251,836,0,3
870,1255,836,0,3
872,1226,906,3,0
876,1156,842,0,3
880,1182,846,0,3
880,1222,846,0,3
882,1156,848,0,3
882,1190,848,0,3
883,1206,917,3,0
883,1245,917,3,0
893,1195,892,1,2
895,1185,896,2,1
895,1246,896,2,1
898,1161,864,0,3
899,1195,898,1,2
899,1213,865,0,3
899,1232,865,0,3
899,1239,865,0,3
900,1156,901,2,1
900,1216,866,0,3
900,1218,866,0,3
900,1248,866,0,3
905,1172,904,1,2
905,1222,904,1,2
905,1229,904,1,2
908,1195,874,0,3
910,1156,876,0,3
916,1156,882,0,3
920,1157,921,2,1
921,1159,887,0,3
921,1165,887,0,3
921,1168,887,0,3
921,1174,887,0,3
921,1185,887,0,3
921,1188,887,0,3
921,1206,887,0,3
921,1215,887,0,3
921,1220,887,0,3
921,1230,887,0,3
921,1246,887,0,3
921,1253,887,0,3
921,1254,887,0,3
926,1206,927,2,1
927,1168,928,2,1
927,1195,926,1,2
928,1159,929,2,1
928,1174,929,2,1
928,1215,929,2,1
929,1182,930,2,1
929,1185,930,2,1
929,1228,930,2,1
929,1246,930,2,1
931,1173,965,3,0
931,1184,965,3,0
931,1186,965,3,0
931,1188,897,0,3
931,1191,965,3,0
931,1202,965,3,0
931,1227,965,3,0
931,1233,965,3,0
932,1160,966,3,0
932,1161,898,0,3
932,1166,966,3,0
932,1167,966,3,0
932,1169,966,3,0
932,1181,966,3,0
932,1192,966,3,0
932,1200,966,3,0
932,1201,966,3,0
932,1208,966,3,0
932,1214,966,3,0
932,1217,966,3,0
932,1238,966,3,0
932,1247,966,3,0
932,1251,966,3,0
932,1255,966,3,0
933,1157,967,3,0
933,1158,967,3,0
933,1164,967,3,0
933,1175,967,3,0
933,1194,967,3,0
933,1196,967,3,0
933,1197,967,3,0
933,1199,967,3,0
933,1203,967,3,0
933,1207,967,3,0
933,1213,899,0,3
933,1223,967,3,0
933,1232,899,0,3
933,1234,967,3,0
933,1239,899,0,3
934,1156,935,2,1
934,1162,968,3,0
934,1170,968,3,0
934,1179,968,3,0
934,1187,968,3,0
934,1205,968,3,0
934,1210,968,3,0
934,1211,968,3,0
934,1216,900,0,3
934,1218,900,0,3
934,1221,968,3,0
934,1225,968,3,0
934,1248,900,0,3
934,1249,968,3,0
935,1235,969,3,0
938,1156,904,0,3
938,1158,904,0,3
938,1162,904,0,3
938,1163,904,0,3
938,1171,904,0,3
938,1173,904,0,3
938,1175,904,0,3
938,1179,904,0,3
938,1181,904,0,3
938,1182,904,0,3
938,1187,904,0,3
938,1189,904,0,3
938,1191,904,0,3
938,1196,904,0,3
938,1198,904,0,3
938,1199,904,0,3
938,1201,904,0,3
938,1202,904,0,3
938,1203,904,0,3
938,1207,904,0,3
938,1209,904,0,3
938,1211,904,0,3
938,1221,904,0,3
938,1223,904,0,3
938,1224,904,0,3
938,1237,904,0,3
938,1241,904,0,3
938,1242,904,0,3
938,1249,904,0,3
938,1251,904,0,3
943,1195,944,2,1
943,1226,977,3,0
944,1156,910,0,3
948,1182,914,0,3
950,1156,916,0,3
951,1206,985,3,0
956,1176,955,1,2
961,1195,960,1,2
963,1185,964,2,1
963,1246,964,2,1
967,1195,966,1,2
967,1213,933,0,3
967,1232,933,0,3
967,1239,933,0,3
968,1156,969,2,1
968,1216,934,0,3
968,1218,934,0,3
968,1248,934,0,3
970,1244,936,0,3
970,1250,936,0,3
973,1229,972,1,2
976,1236,942,0,3
977,1176,978,2,1
977,1195,978,2,1
977,1226,1011,3,0
978,1156,944,0,3
984,1156,950,0,3
986,1245,952,0,2
989,1159,955,0,3
989,1172,955,0,3
989,1174,955,0,3
989,1178,955,0,3
989,1190,955,0,3
989,1215,955,0,3
989,1222,955,0,3
989,1231,955,0,3
989,1246,955,0,3
989,1254,955,0,3
993,1245,994,2,1
994,1206,995,2,1
994,1240,995,2,1
995,1168,996,2,1
995,1195,994,1,2
996,1159,997,2,1
996,1174,997,2,1
996,1215,997,2,1
997,1182,998,2,1
997,1185,998,2,1
997,1246,998,2,1
999,1173,1033,3,0
999,1184,1033,3,0
999,1186,1033,3,0
999,1188,965,0,3
999,1191,1033,3,0
999,1202,1033,3,0
999,1227,1033,3,0
999,1231,965,0,3
999,1233,1033,3,0
1000,1160,1034,3,0
1000,1166,1034,3,0
1000,1167,1034,3,0
1000,1169,1034,3,0
1000,1181,1034,3,0
1000,1192,1034,3,0
1000,1198,1034,3,0
1000,1200,1034,3,0
1000,1201,1034,3,0
1000,1208,1034,3,0
1000,1214,1034,3,0
1000,1217,1034,3,0
1000,1238,1034,3,0
1000,1247,1034,3,0
1000,1251,1034,3,0
1000,1255,1034,3,0
1001,1156,1035,3,0
1001,1157,1035,3,0
1001,1158,1035,3,0
1001,1164,1035,3,0
1001,1171,1035,3,0
1001,1175,1035,3,0
1001,1194,1035,3,0
1001,1196,1035,3,0
1001,1197,1035,3,0
1001,1199,1035,3,0
1001,1203,1035,3,0
1001,1207,1035,3,0
1001,1213,967,0,3
1001,1223,1035,3,0
1001,1232,967,0,3
1001,1234,1035,3,0
1001,1239,967,0,3
1002,1162,1036,3,0
1002,1170,1036,3,0
1002,1179,1036,3,0
1002,1187,1036,3,0
1002,1205,1036,3,0
1002,1211,1036,3,0
1002,1218,968,0,3
1002,1221,1036,3,0
1002,1237,1036,3,0
1002,1249,1036,3,0
1003,1224,1037,3,0
1003,1235,1037,3,0
1005,1156,1006,2,1
1005,1226,1006,2,1
1006,1156,972,0,3
1006,1173,972,0,3
1006,1187,972,0,3
1006,1209,972,0,3
1006,1221,972,0,3
1006,1237,972,0,3
1006,1240,972,0,3
1006,1241,972,0,3
1006,1245,972,0,3
1011,1195,1012,2,1
1011,1226,1045,3,0
1012,1156,978,0,3
1016,1182,982,0,3
1018,1156,984,0,3
1019,1206,1053,3,0
1019,1240,985,0,3
1024,1216,1023,1,2
1029,1195,1028,1,2
1031,1185,1032,2,1
1031,1222,1032,2,1
1031,1246,1032,2,1
1035,1195,1034,1,2
1035,1213,1001,0,3
1035,1232,1001,0,3
1035,1239,1001,0,3
1036,1218,1002,0,3
1038,1244,1004,0,3
1039,1156,1040,2,1
1041,1229,1040,1,2
1044,1193,1045,2,1
1045,1195,1046,2,1
1045,1216,1046,2,1
1045,1218,1046,2,1
1045,1226,1079,3,0
1046,1156,1012,0,3
1046,1226,1080,3,0
1052,1156,1018,0,3
1052,1226,1086,3,0
1053,1249,1019,0,3
1054,1245,1020,0,2
1056,1239,1055,1,2
1056,1241,1022,0,3
1057,1172,1023,0,3
1057,1178,1023,0,3
1057,1190,1023,0,3
1057,1222,1023,0,3
1057,1231,1023,0,3
1061,1245,1062,2,1
1062,1206,1063,2,1
1062,1240,1063,2,1
1063,1168,1064,2,1
1063,1190,1064,2,1
1063,1195,1062,1,2
1063,1236,1062,1,2
1064,1159,1065,2,1
1064,1174,1065,2,1
1064,1215,1065,2,1
1065,1182,1066,2,1
1065,1185,1066,2,1
1065,1222,1066,2,1
1065,1246,1066,2,1
1067,1173,1101,3,0
1067,1184,1101,3,0
1067,1186,1101,3,0
1067,1188,1033,0,3
1067,1191,1101,3,0
1067,1202,1101,3,0
1067,1231,1033,0,3
1067,1233,1101,3,0
1068,1160,1102,3,0
1068,1166,1102,3,0
1068,1167,1102,3,0
1068,1169,1102,3,0
1068,1181,1102,3,0
1068,1192,1102,3,0
1068,1198,1102,3,0
1068,1200,1102,3,0
1068,1201,1102,3,0
1068,1214,1102,3,0
1068,1217,1102,3,0
1068,1238,1102,3,0
1068,1251,1102,3,0
1068,1255,1102,3,0
1069,1156,1103,3,0
1069,1157,1103,3,0
1069,1158,1103,3,0
1069,1163,1103,3,0
1069,1171,1103,3,0
1069,1175,1103,3,0
1069,1189,1103,3,0
1069,1194,1103,3,0
1069,1196,1103,3,0
1069,1197,1103,3,0
1069,1199,1103,3,0
1069,1203,1103,3,0
1069,1207,1103,3,0
1069,1213,1035,0,3
1069,1223,1103,3,0
1069,1243,1103,3,0
1070,1162,1104,3,0
1070,1179,1104,3,0
1070,1187,1104,3,0
1070,1205,1104,3,0
1070,1211,1104,3,0
1070,1221,1104,3,0
1070,1237,1104,3,0
1070,1241,1104,3,0
1070,1249,1104,3,0
1071,1224,1105,3,0
1071,1226,1072,2,1
1071,1235,1105,3,0
1074,1240,1040,0,3
1076,1165,1077,2,1
1079,1195,1080,2,1
1079,1226,1113,3,0
1080,1156,1046,0,3
1080,1226,1114,3,0
1084,1182,1050,0,3
1086,1156,1052,0,3
1086,1226,1120,3,0
1087,1206,1121,3,0
1087,1240,1053,0,3
1097,1195,1096,1,2
1097,1236,1096,1,2
1099,1185,1100,2,1
1099,1222,1100,2,1
1099,1246,1100,2,1
1103,1195,1102,1,2
1103,1213,1069,0,3
1103,1236,1102,1,2
1104,1210,1070,0,3
1109,1156,1075,0,3
1109,1229,1108,1,2
1109,1235,1108,1,2
1110,1226,1144,3,0
1111,1226,1145,3,0
1112,1226,1146,3,0
1113,1195,1114,2,1
1113,1220,1114,2,1
1113,1226,1147,3,0
1114,1156,1080,0,3
1120,1156,1086,0,3
1120,1226,1154,3,0
1122,1245,1088,0,2
1125,1172,1091,0,3
1125,1178,1091,0,3
1125,1190,1091,0,3
1125,1222,1091,0,3
1125,1227,1091,0,3
1125,1228,1091,0,3
1125,1231,1091,0,3
1125,1252,1091,0,3
1129,1245,1130,2,1
1130,1240,1131,2,1
1131,1190,1132,2,1
1131,1195,1130,1,2
1131,1236,1130,1,2
1132,1159,1133,2,1
1132,1174,1133,2,1
1132,1215,1133,2,1
1133,1182,1134,2,1
1133,1185,1134,2,1
1133,1222,1134,2,1
1133,1246,1134,2,1
1135,1173,13,3,3
1135,1184,13,3,3
1135,1186,13,3,3
1135,1188,1101,0,3
1135,1191,13,3,3
1135,1202,13,3,3
1135,1231,1101,0,3
1135,1233,13,3,3
1136,1160,14,3,3
1136,1166,14,3,3
1136,1169,14,3,3
1136,1181,14,3,3
1136,1192,14,3,3
1136,1198,14,3,3
1136,1200,14,3,3
1136,1201,14,3,3
1136,1214,14,3,3
1136,1217,14,3,3
1136,1238,14,3,3
1136,1251,14,3,3
1136,1255,14,3,3
1137,1156,15,3,3
1137,1157,15,3,3
1137,1158,15,3,3
1137,1163,15,3,3
1137,1171,15,3,3
1137,1175,15,3,3
1137,1189,15,3,3
1137,1194,15,3,3
1137,1196,15,3,3
1137,1197,15,3,3
1137,1199,15,3,3
1137,1203,15,3,3
1137,1207,15,3,3
1137,1223,15,3,3
1137,1243,15,3,3
1138,1162,16,3,3
1138,1179,16,3,3
1138,1187,16,3,3
1138,1195,1137,1,2
1138,1211,16,3,3
1138,1221,16,3,3
1138,1237,16,3,3
1138,1241,16,3,3
1138,1249,16,3,3
1139,1224,17,3,3
1142,1176,1108,0,3
1142,1248,1108,0,3
1145,1156,1111,0,3
1147,1195,1148,2,1
1148,1156,1114,0,3
1152,1182,1118,0,3
1154,1156,1120,0,3
1154,1226,1226,4,0
1155,1206,33,3,3
1155,1240,1121,0,3
1156,1199,679,0,4
1156,1207,280,0,4
1157,1161,77,0,4
1157,1176,542,0,4
1157,1187,576,0,4
1157,1209,542,0,4
1157,1224,576,0,4
1157,1232,542,0,4
1157,1234,509,0,4
1157,1237,576,0,4
1157,1239,77,0,4
1157,1241,576,0,4
1157,1248,542,0,4
1161,1157,1153,0,4
1162,1241,279,0,4
1163,1237,679,0,4
1168,1160,329,0,4
1168,1192,329,0,4
1168,1214,329,0,4
1168,1217,329,0,4
1169,1236,111,0,4
1170,1159,272,0,4
1170,1168,272,0,4
1170,1174,272,0,4
1170,1206,272,0,4
1170,1210,1128,0,4
1170,1215,272,0,4
1170,1225,272,0,4
1170,1246,272,0,4
1170,1254,272,0,4
1173,1251,711,0,4
1175,1255,644,0,4
1180,1210,1060,0,4
1183,1235,171,0,4
1185,1207,626,0,4
1187,1221,679,0,4
1189,1237,679,0,4
1193,1230,788,0,4
1194,1243,476,0,4
1195,1243,408,0,4
1195,1252,441,0,4
1196,1197,212,0,4
1197,1196,212,0,4
1198,1247,644,0,4
1199,1156,679,0,4
1203,1246,179,0,4
1203,1254,179,0,4
1204,1236,113,0,4
1205,1208,8,0,4
1205,1243,441,0,4
1207,1156,280,0,4
1207,1185,612,0,4
1207,1249,645,0,4
1208,1177,8,0,4
1208,1205,8,0,4
1208,1213,8,0,4
1208,1229,8,0,4
1208,1235,8,0,4
1209,1243,279,0,4
1210,1170,1094,0,4
1210,1180,1060,0,4
1212,1226,1088,0,4
1215,1184,298,0,4
1215,1192,298,0,4
1215,1214,298,0,4
1219,1236,113,0,4
1220,1248,1155,0,4
1221,1187,679,0,4
1224,1157,578,0,4
1225,1170,238,0,4
1225,1240,171,0,4
1226,1161,1154,0,4
1226,1212,1088,0,4
1226,1232,1154,0,4
1226,1239,1154,0,4
1226,1240,1154,0,4
1226,1245,1154,0,4
1230,1156,788,0,4
1230,1158,788,0,4
1230,1162,788,0,4
1230,1163,788,0,4
1230,1171,788,0,4
1230,1173,788,0,4
1230,1175,788,0,4
1230,1179,788,0,4
1230,1181,788,0,4
1230,1182,788,0,4
1230,1187,788,0,4
1230,1189,788,0,4
1230,1193,788,0,4
1230,1196,788,0,4
1230,1197,788,0,4
1230,1198,788,0,4
1230,1199,788,0,4
1230,1201,788,0,4
1230,1202,788,0,4
1230,1203,788,0,4
1230,1204,788,0,4
1230,1207,788,0,4
1230,1209,788,0,4
1230,1211,788,0,4
1230,1219,788,0,4
1230,1221,788,0,4
1230,1223,788,0,4
1230,1224,788,0,4
1230,1237,788,0,4
1230,1241,788,0,4
1230,1242,788,0,4
1230,1243,788,0,4
1230,1249,788,0,4
1230,1251,788,0,4
1234,1157,373,0,4
1234,1243,373,0,4
1235,1183,239,0,4
1235,1208,7,0,4
1235,1243,340,0,4
1236,1160,76,0,4
1236,1166,109,0,4
1236,1169,109,0,4
1236,1182,76,0,4
1236,1184,76,0,4
1236,1186,76,0,4
1236,1191,109,0,4
1236,1192,76,0,4
1236,1204,109,0,4
1236,1214,76,0,4
1236,1219,109,0,4
1236,1233,109,0,4
1236,1238,109,0,4
1236,1240,109,0,4
1236,1243,442,0,4
1236,1245,109,0,4
1237,1157,645,0,4
1237,1163,679,0,4
1237,1189,679,0,4
1238,1255,145,0,4
1239,1157,1121,0,4
1239,1226,1154,0,4
1240,1225,185,0,4
1241,1157,578,0,4
1241,1162,279,0,4
1243,1160,544,0,4
1243,1167,544,0,4
1243,1172,544,0,4
1243,1178,544,0,4
1243,1190,544,0,4
1243,1194,544,0,4
1243,1195,544,0,4
1243,1200,544,0,4
1243,1205,544,0,4
1243,1208,544,0,4
1243,1209,279,0,4
1243,1214,544,0,4
1243,1217,544,0,4
1243,1222,544,0,4
1243,1227,544,0,4
1243,1228,544,0,4
1243,1231,544,0,4
1243,1234,544,0,4
1243,1235,544,0,4
1243,1236,544,0,4
1243,1247,544,0,4
1243,1252,544,0,4
1244,1250,1089,0,4
1245,1236,118,0,4
1247,1198,440,0,4
1248,1220,1087,0,4
1249,1207,645,0,4
1250,1244,1089,0,4
1251,1173,711,0,4
1251,1182,711,0,4
1252,1195,471,0,4
1255,1175,644,0,4
1255,1238,145,0,4
