2,1164,1124,3,3
3,1197,2,0,1
9,1197,8,0,1
10,1164,1132,3,3
11,1164,1133,3,3
19,1203,1141,3,3
20,1182,1142,3,3
24,1233,25,1,0
29,1244,1151,3,3
30,1244,1152,3,3
32,1212,1154,3,3
37,1197,36,1,2
43,1197,42,1,2
54,1247,88,3,0
55,1233,56,2,1
56,1182,22,0,2
58,1182,24,0,2
66,1212,32,0,2
71,1197,70,1,2
76,1182,75,1,2
77,1197,76,1,2
79,1212,80,2,1
85,1170,119,3,0
86,1247,120,3,0
88,1247,122,3,0
89,1233,90,2,1
92,1182,93,2,1
102,1217,103,1,1
102,1233,136,2,0
103,1217,104,2,1
103,1233,137,3,0
104,1217,1217,4,0
104,1233,138,3,0
105,1197,104,1,2
110,1198,109,1,2
111,1197,110,1,2
113,1212,114,2,1
117,1170,151,3,0
118,1247,152,3,0
119,1170,153,3,0
120,1205,121,2,1
122,1217,123,2,1
122,1247,156,3,0
123,1233,124,2,1
127,1217,128,2,1
128,1217,129,2,1
133,1217,134,2,1
133,1233,167,3,0
134,1217,135,2,1
134,1233,168,3,0
135,1217,102,2,3
135,1233,169,3,0
139,1197,138,1,2
139,1217,138,1,2
139,1233,1233,4,0
145,1197,144,1,2
147,1212,148,2,1
151,1170,185,3,0
153,1170,187,3,0
156,1247,190,3,0
157,1233,158,2,1
161,1217,162,2,1
162,1217,163,2,1
173,1197,172,1,2
173,1217,172,1,2
174,1175,173,1,2
178,1203,177,1,2
179,1203,178,1,2
180,1203,179,1,2
181,1203,180,1,2
181,1212,182,2,1
182,1203,181,1,2
183,1203,182,1,2
187,1170,221,3,0
187,1235,188,2,1
190,1247,224,3,0
196,1233,197,2,1
198,1217,199,2,1
207,1217,206,1,2
208,1203,207,1,2
215,1197,214,1,2
215,1212,216,2,1
216,1197,215,1,2
217,1197,216,1,2
218,1197,217,1,2
221,1170,255,3,0
222,1170,256,3,0
224,1247,258,3,0
232,1217,233,2,1
233,1217,234,2,1
241,1217,240,1,2
242,1203,241,1,2
246,1203,245,1,2
249,1212,250,2,1
250,1170,251,2,1
251,1247,252,2,1
254,1170,288,3,0
255,1170,289,3,0
256,1170,290,3,0
256,1197,290,3,0
258,1247,292,3,0
263,1200,297,3,0
265,1170,299,3,0
267,1233,268,2,1
268,1217,269,2,1
275,1217,274,1,2
276,1203,275,1,2
280,1203,279,1,2
283,1212,284,2,1
286,1170,320,3,0
287,1170,321,3,0
288,1170,322,3,0
289,1170,323,3,0
290,1170,324,3,0
291,1203,325,3,0
292,1206,291,1,2
292,1247,326,3,0
297,1247,331,3,0
299,1170,333,3,0
301,1233,302,2,1
302,1217,303,2,1
309,1217,308,1,2
310,1203,309,1,2
314,1203,313,1,2
323,1203,357,3,0
326,1247,360,3,0
331,1247,365,3,0
333,1170,1170,4,0
335,1162,369,3,0
337,1233,303,0,3
338,1217,304,0,3
338,1236,304,0,3
343,1217,342,1,2
344,1203,343,1,2
348,1203,347,1,2
349,1203,348,1,2
350,1247,351,2,1
352,1206,353,2,1
356,1170,322,0,3
357,1170,323,0,3
358,1170,324,0,3
358,1237,392,3,0
360,1247,394,3,0
365,1247,399,3,0
367,1170,333,0,3
371,1233,337,0,3
372,1217,338,0,3
377,1217,376,1,2
378,1203,377,1,2
378,1217,377,1,2
382,1203,381,1,2
383,1203,382,1,2
389,1203,423,3,0
392,1170,358,0,3
392,1237,426,3,0
392,1247,426,3,0
393,1247,427,3,0
394,1247,428,3,0
399,1247,433,3,0
401,1170,367,0,3
407,1217,373,0,3
408,1217,374,0,2
411,1217,410,1,2
412,1185,413,2,1
412,1203,411,1,2
412,1217,411,1,2
416,1203,415,1,2
416,1217,415,1,2
417,1203,416,1,2
426,1170,392,0,3
433,1247,1247,4,0
435,1170,401,0,3
439,1212,473,3,0
441,1217,407,0,3
442,1233,408,0,2
443,1217,409,0,3
444,1217,410,0,3
445,1217,444,1,2
446,1217,445,1,2
450,1203,449,1,2
450,1217,449,1,2
451,1203,450,1,2
460,1170,426,0,3
478,1217,444,0,3
479,1217,478,1,2
480,1217,479,1,2
484,1217,483,1,2
485,1203,484,1,2
489,1171,490,2,1
491,1206,457,0,3
494,1170,460,0,3
503,1237,537,3,0
509,1255,475,0,3
519,1203,518,1,2
520,1172,554,3,0
528,1170,494,0,3
537,1237,571,3,0
545,1255,511,0,3
547,1233,513,0,3
553,1203,552,1,2
561,1206,527,0,3
562,1170,528,0,3
571,1237,605,3,0
575,1217,541,0,3
587,1255,588,2,1
589,1206,588,1,2
595,1196,596,2,1
596,1170,562,0,3
605,1237,639,3,0
605,1255,604,1,2
606,1255,605,1,2
607,1255,606,1,2
621,1255,622,2,1
623,1206,622,1,2
624,1206,623,1,2
625,1206,624,1,2
626,1206,625,1,2
626,1237,627,2,1
627,1237,628,2,1
628,1237,629,2,1
629,1166,630,2,1
629,1237,630,2,1
630,1166,631,2,1
630,1170,596,0,3
630,1237,631,2,1
631,1166,632,2,1
631,1237,632,2,1
632,1166,633,2,1
637,1166,1166,4,0
638,1237,639,2,1
639,1237,1237,4,0
639,1255,638,1,2
658,1170,659,2,1
664,1170,630,0,3
665,1242,699,3,0
676,1237,642,0,3
698,1170,664,0,3
732,1170,698,0,3
752,1232,751,1,2
766,1170,732,0,3
790,1255,824,3,0
791,1239,757,0,3
798,1170,764,0,3
800,1170,766,0,3
819,1255,853,3,0
825,1182,826,2,1
850,1233,884,2,0
861,1182,862,2,1
869,1206,903,3,0
884,1255,918,2,0
893,1197,892,1,2
895,1197,896,2,1
927,1197,926,1,2
928,1249,962,3,0
930,1203,931,2,1
932,1166,898,0,3
934,1206,968,3,0
934,1212,935,2,1
950,1255,984,3,0
961,1197,960,1,2
975,1219,941,0,3
988,1216,987,1,2
989,1197,988,1,2
995,1197,994,1,2
996,1209,1030,3,0
1000,1203,966,0,3
1001,1182,967,0,3
1001,1197,967,0,3
1017,1171,1051,3,0
1017,1212,1051,3,0
1018,1212,984,0,3
1023,1197,1022,1,2
1029,1197,1028,1,2
1034,1206,1068,3,0
1035,1182,1001,0,3
1035,1197,1001,0,3
1050,1233,1051,2,1
1051,1212,1050,1,2
1052,1212,1018,0,3
1057,1197,1056,1,2
1063,1197,1062,1,2
1064,1240,1098,3,0
1066,1206,1067,2,1
1068,1212,1069,2,1
1071,1182,1037,0,3
1071,1197,1037,0,3
1082,1233,1083,2,1
1082,1255,1083,2,1
1085,1212,1119,3,0
1086,1212,1052,0,3
1091,1197,1090,1,2
1097,1197,1096,1,2
1104,1203,1070,0,3
1105,1182,1071,0,3
1106,1197,1072,0,3
1107,1166,1073,0,3
1115,1233,1116,2,1
1119,1212,1118,1,2
1120,1212,1086,0,3
1125,1197,1124,1,2
1131,1197,1130,1,2
1140,1203,1106,0,3
1141,1182,1107,0,3
1141,1199,1140,1,2
1153,1212,1152,1,2
1154,1212,1120,0,3
1157,1163,537,0,4
1157,1233,138,0,4
1158,1164,640,0,4
1158,1255,207,0,4
1159,1247,325,0,4
1163,1157,673,0,4
1164,1157,1124,0,4
1164,1158,368,0,4
1164,1160,1124,0,4
1164,1166,1124,0,4
1164,1167,400,0,4
1164,1169,1124,0,4
1164,1171,1124,0,4
1164,1173,1124,0,4
1164,1175,1124,0,4
1164,1181,1124,0,4
1164,1182,1124,0,4
1164,1184,1124,0,4
1164,1186,1124,0,4
1164,1191,1124,0,4
1164,1192,1124,0,4
1164,1194,400,0,4
1164,1195,1124,0,4
1164,1196,1124,0,4
1164,1197,1124,0,4
1164,1198,1124,0,4
1164,1199,368,0,4
1164,1200,1124,0,4
1164,1201,1124,0,4
1164,1202,1124,0,4
1164,1203,1124,0,4
1164,1204,1124,0,4
1164,1205,1124,0,4
1164,1207,400,0,4
1164,1214,1124,0,4
1164,1217,1124,0,4
1164,1219,1124,0,4
1164,1223,368,0,4
1164,1233,1124,0,4
1164,1236,1124,0,4
1164,1238,1124,0,4
1164,1240,1124,0,4
1164,1242,1124,0,4
1164,1243,1124,0,4
1164,1245,1124,0,4
1164,1251,1124,0,4
1164,1255,1124,0,4
1165,1202,28,0,4
1166,1191,637,0,4
1166,1233,637,0,4
1167,1164,502,0,4
1170,1159,333,0,4
1170,1168,333,0,4
1170,1172,333,0,4
1170,1174,333,0,4
1170,1178,333,0,4
1170,1215,333,0,4
1170,1222,333,0,4
1170,1231,333,0,4
1170,1246,333,0,4
1170,1254,333,0,4
1171,1217,172,0,4
1171,1237,639,0,4
1172,1170,330,0,4
1172,1248,990,0,4
1173,1197,208,0,4
1173,1201,705,0,4
1175,1217,173,0,4
1177,1217,135,0,4
1180,1233,167,0,4
1181,1217,173,0,4
1182,1197,703,0,4
1183,1233,167,0,4
1188,1255,125,0,4
1191,1233,637,0,4
1194,1164,503,0,4
1194,1233,138,0,4
1195,1233,102,0,4
1196,1255,206,0,4
1197,1173,206,0,4
1197,1182,638,0,4
1197,1202,172,0,4
1197,1206,638,0,4
1197,1219,638,0,4
1197,1237,639,0,4
1197,1240,172,0,4
1197,1245,172,0,4
1198,1217,173,0,4
1199,1164,640,0,4
1199,1255,207,0,4
1200,1246,535,0,4
1200,1251,104,0,4
1200,1254,535,0,4
1201,1173,705,0,4
1201,1217,173,0,4
1202,1165,140,0,4
1203,1206,207,0,4
1203,1217,173,0,4
1203,1240,173,0,4
1203,1245,173,0,4
1205,1164,1124,0,4
1206,1166,588,0,4
1206,1169,588,0,4
1206,1171,622,0,4
1206,1182,622,0,4
1206,1184,588,0,4
1206,1186,588,0,4
1206,1191,622,0,4
1206,1192,588,0,4
1206,1197,622,0,4
1206,1202,622,0,4
1206,1204,622,0,4
1206,1219,622,0,4
1206,1233,622,0,4
1206,1238,588,0,4
1206,1255,622,0,4
1207,1164,639,0,4
1207,1255,207,0,4
1210,1233,166,0,4
1212,1157,1150,0,4
1212,1160,984,0,4
1212,1164,984,0,4
1212,1166,1150,0,4
1212,1167,1150,0,4
1212,1169,1150,0,4
1212,1170,984,0,4
1212,1177,1150,0,4
1212,1180,1150,0,4
1212,1183,984,0,4
1212,1184,984,0,4
1212,1186,1150,0,4
1212,1191,1150,0,4
1212,1192,1150,0,4
1212,1194,1150,0,4
1212,1195,984,0,4
1212,1200,1150,0,4
1212,1205,984,0,4
1212,1208,984,0,4
1212,1210,984,0,4
1212,1214,984,0,4
1212,1217,1150,0,4
1212,1225,984,0,4
1212,1227,984,0,4
1212,1228,984,0,4
1212,1229,1150,0,4
1212,1233,1150,0,4
1212,1234,984,0,4
1212,1235,984,0,4
1212,1236,1150,0,4
1212,1238,1150,0,4
1212,1247,984,0,4
1212,1252,984,0,4
1213,1233,60,0,4
1214,1212,37,0,4
1217,1171,104,0,4
1217,1175,104,0,4
1217,1176,536,0,4
1217,1177,104,0,4
1217,1181,104,0,4
1217,1185,104,0,4
1217,1198,104,0,4
1217,1201,104,0,4
1217,1203,104,0,4
1217,1229,104,0,4
1217,1248,536,0,4
1219,1197,704,0,4
1221,1255,274,0,4
1223,1164,640,0,4
1223,1255,207,0,4
1225,1233,33,0,4
1233,1157,139,0,4
1233,1164,139,0,4
1233,1165,139,0,4
1233,1166,637,0,4
1233,1170,139,0,4
1233,1177,139,0,4
1233,1180,139,0,4
1233,1183,139,0,4
1233,1185,139,0,4
1233,1188,139,0,4
1233,1191,637,0,4
1233,1194,139,0,4
1233,1195,139,0,4
1233,1205,139,0,4
1233,1210,139,0,4
1233,1212,139,0,4
1233,1213,139,0,4
1233,1220,139,0,4
1233,1225,139,0,4
1233,1229,139,0,4
1233,1230,139,0,4
1233,1234,139,0,4
1233,1235,139,0,4
1233,1236,139,0,4
1233,1244,139,0,4
1233,1250,139,0,4
1233,1253,139,0,4
1237,1157,639,0,4
1237,1160,639,0,4
1237,1166,639,0,4
1237,1167,639,0,4
1237,1169,639,0,4
1237,1171,639,0,4
1237,1184,639,0,4
1237,1186,639,0,4
1237,1190,639,0,4
1237,1192,639,0,4
1237,1194,639,0,4
1237,1197,639,0,4
1237,1200,639,0,4
1237,1214,639,0,4
1237,1217,639,0,4
1237,1228,639,0,4
1237,1233,639,0,4
1237,1238,639,0,4
1237,1252,639,0,4
1237,1255,639,0,4
1240,1252,146,0,4
1242,1255,207,0,4
1243,1255,206,0,4
1247,1159,433,0,4
1247,1168,433,0,4
1247,1174,433,0,4
1247,1178,433,0,4
1247,1206,433,0,4
1247,1215,433,0,4
1247,1222,433,0,4
1247,1231,433,0,4
1248,1172,1048,0,4
1251,1200,173,0,4
1255,1156,638,0,4
1255,1158,173,0,4
1255,1161,638,0,4
1255,1162,638,0,4
1255,1163,638,0,4
1255,1176,638,0,4
1255,1179,638,0,4
1255,1187,638,0,4
1255,1188,172,0,4
1255,1189,638,0,4
1255,1193,638,0,4
1255,1196,206,0,4
1255,1199,173,0,4
1255,1207,173,0,4
1255,1209,638,0,4
1255,1212,638,0,4
1255,1213,638,0,4
1255,1216,638,0,4
1255,1218,638,0,4
1255,1221,206,0,4
1255,1223,173,0,4
1255,1224,638,0,4
1255,1226,638,0,4
1255,1232,638,0,4
1255,1237,638,0,4
1255,1239,638,0,4
1255,1241,638,0,4
1255,1242,173,0,4
1255,1243,206,0,4
1255,1248,638,0,4
1255,1249,638,0,4
