7,1243,6,0,1
13,1243,12,0,1
23,1243,24,1,0
24,1182,1146,3,3
41,1243,40,1,2
47,1243,46,1,2
57,1243,58,2,1
60,1182,26,0,2
62,1182,28,0,2
75,1243,74,1,2
80,1182,79,1,2
81,1243,80,1,2
91,1243,92,2,1
101,1227,68,2,3
109,1243,108,1,2
114,1182,113,1,2
115,1182,114,1,2
115,1243,114,1,2
116,1182,115,1,2
117,1182,116,1,2
118,1182,117,1,2
119,1182,118,1,2
120,1182,119,1,2
125,1243,126,2,1
126,1217,127,2,1
131,1217,132,2,1
132,1214,133,2,1
133,1217,167,3,0
137,1180,103,0,3
143,1243,142,1,2
149,1243,148,1,2
159,1243,160,2,1
160,1217,161,2,1
165,1217,166,2,1
167,1217,201,3,0
172,1227,138,0,3
177,1243,176,1,2
183,1243,182,1,2
192,1236,193,2,1
193,1243,194,2,1
194,1217,195,2,1
199,1217,200,2,1
203,1217,237,3,0
206,1227,172,0,3
209,1239,243,3,0
211,1216,210,1,2
211,1243,210,1,2
222,1247,256,3,0
227,1243,228,2,1
229,1182,263,3,0
233,1217,234,2,1
237,1214,204,2,3
239,1217,273,3,0
242,1227,208,0,3
245,1243,244,1,2
251,1171,250,1,2
251,1243,250,1,2
252,1243,251,1,2
253,1243,252,1,2
254,1243,253,1,2
255,1243,254,1,2
256,1243,255,1,2
261,1182,295,3,0
267,1217,268,2,1
272,1174,238,0,2
273,1174,239,0,3
273,1217,307,3,0
275,1243,241,0,3
287,1243,286,1,2
288,1243,287,1,2
291,1194,325,3,0
294,1182,328,3,0
297,1174,296,1,2
301,1217,302,2,1
303,1174,269,0,3
304,1174,270,0,3
305,1174,271,0,3
306,1243,307,1,1
308,1214,274,0,3
308,1217,307,1,2
326,1182,360,3,0
331,1174,330,1,2
335,1174,334,1,2
335,1217,336,2,1
337,1243,371,3,0
338,1243,372,3,0
339,1243,306,2,3
340,1243,341,1,1
342,1214,308,0,3
345,1206,346,2,1
346,1174,380,3,0
359,1161,358,1,2
365,1174,364,1,2
369,1174,368,1,2
369,1217,370,2,1
372,1243,406,3,0
375,1243,341,0,3
378,1174,412,3,0
378,1217,377,1,2
399,1174,398,1,2
403,1174,402,1,2
403,1217,404,2,1
405,1220,371,0,3
406,1243,440,3,0
407,1239,374,2,3
409,1243,375,0,3
412,1214,378,0,3
413,1217,412,1,2
430,1211,431,2,1
430,1221,431,2,1
431,1245,430,1,2
433,1174,432,1,2
437,1174,436,1,2
437,1217,438,2,1
440,1243,474,3,0
444,1174,478,3,0
444,1243,410,0,3
445,1243,411,0,3
448,1189,447,1,2
448,1214,414,0,3
460,1237,494,3,0
467,1174,466,1,2
471,1174,470,1,2
474,1243,508,3,0
476,1217,509,3,2
477,1217,476,1,1
479,1243,445,0,3
483,1217,482,1,2
484,1217,483,1,2
488,1217,487,1,2
501,1174,500,1,2
505,1174,504,1,2
506,1217,1217,4,0
507,1217,506,1,2
508,1217,507,1,2
508,1243,542,3,0
509,1217,508,1,2
514,1243,480,0,3
515,1243,481,0,3
522,1214,523,2,1
524,1182,525,2,1
535,1174,534,1,2
539,1174,538,1,2
540,1214,539,1,2
542,1243,576,3,0
544,1214,577,3,2
544,1243,578,2,0
545,1214,544,1,1
545,1243,579,3,0
549,1243,515,0,3
556,1214,557,2,1
559,1243,525,0,3
569,1174,568,1,2
573,1174,572,1,2
575,1214,574,1,2
576,1214,575,1,2
576,1243,610,3,0
577,1214,576,1,2
577,1243,611,3,0
579,1237,578,1,1
584,1227,618,3,0
590,1214,591,2,1
603,1174,602,1,2
607,1174,606,1,2
624,1214,625,2,1
628,1245,629,2,1
630,1223,631,2,1
637,1174,636,1,2
641,1174,640,1,2
647,1239,648,2,1
648,1239,649,2,1
649,1227,683,3,0
649,1239,650,2,1
650,1239,651,2,1
651,1239,652,2,1
652,1239,1239,4,0
658,1214,659,2,1
683,1227,717,3,0
692,1214,693,2,1
720,1214,754,3,0
745,1225,711,0,3
753,1214,787,3,0
782,1227,783,1,1
785,1214,819,3,0
829,1182,830,2,1
852,1176,818,0,3
858,1201,857,1,2
865,1182,866,2,1
869,1161,903,3,0
881,1227,882,2,1
893,1231,894,2,1
898,1243,899,2,1
899,1230,865,0,3
905,1193,906,2,1
908,1161,909,2,1
931,1243,930,1,2
934,1243,935,2,1
936,1245,970,3,0
937,1245,971,3,0
938,1245,972,3,0
938,1250,939,2,1
939,1245,973,3,0
954,1224,953,1,2
965,1243,964,1,2
970,1245,971,2,1
971,1245,972,2,1
973,1245,1245,4,0
985,1214,952,2,3
988,1224,987,1,2
999,1243,998,1,2
1005,1182,971,0,3
1018,1224,984,0,3
1027,1243,1026,1,2
1033,1243,1032,1,2
1039,1182,1005,0,3
1061,1227,1227,4,0
1061,1243,1060,1,2
1067,1243,1066,1,2
1074,1243,1040,0,3
1075,1182,1041,0,3
1079,1227,1080,2,1
1092,1227,1058,0,3
1093,1227,1059,0,3
1094,1227,1060,0,3
1095,1227,1061,0,3
1095,1243,1094,1,2
1101,1243,1100,1,2
1102,1210,1101,1,2
1108,1243,1074,0,3
1109,1182,1075,0,3
1113,1227,1114,2,1
1129,1243,1128,1,2
1135,1243,1134,1,2
1142,1245,1108,0,3
1145,1182,1111,0,3
1145,1243,1111,0,3
1152,1227,1153,2,1
1158,1179,277,0,4
1158,1249,243,0,4
1159,1237,262,0,4
1161,1227,1118,0,4
1163,1174,712,0,4
1164,1217,404,0,4
1164,1227,1095,0,4
1171,1174,243,0,4
1173,1243,709,0,4
1174,1157,263,0,4
1174,1160,296,0,4
1174,1162,263,0,4
1174,1163,726,0,4
1174,1164,263,0,4
1174,1166,296,0,4
1174,1167,296,0,4
1174,1169,296,0,4
1174,1170,263,0,4
1174,1171,263,0,4
1174,1172,296,0,4
1174,1178,296,0,4
1174,1179,263,0,4
1174,1184,296,0,4
1174,1186,296,0,4
1174,1187,263,0,4
1174,1192,296,0,4
1174,1194,263,0,4
1174,1195,263,0,4
1174,1197,263,0,4
1174,1200,296,0,4
1174,1205,263,0,4
1174,1208,296,0,4
1174,1209,263,0,4
1174,1211,263,0,4
1174,1214,296,0,4
1174,1217,296,0,4
1174,1221,263,0,4
1174,1222,296,0,4
1174,1224,263,0,4
1174,1227,296,0,4
1174,1228,296,0,4
1174,1231,296,0,4
1174,1233,296,0,4
1174,1234,263,0,4
1174,1235,263,0,4
1174,1236,263,0,4
1174,1237,263,0,4
1174,1238,296,0,4
1174,1241,263,0,4
1174,1247,296,0,4
1174,1252,296,0,4
1174,1255,296,0,4
1176,1239,652,0,4
1177,1180,104,0,4
1177,1227,71,0,4
1178,1222,434,0,4
1179,1158,277,0,4
1179,1174,243,0,4
1180,1156,103,0,4
1180,1158,103,0,4
1180,1162,103,0,4
1180,1163,103,0,4
1180,1171,103,0,4
1180,1173,103,0,4
1180,1175,103,0,4
1180,1177,103,0,4
1180,1179,103,0,4
1180,1181,103,0,4
1180,1187,103,0,4
1180,1189,103,0,4
1180,1196,103,0,4
1180,1197,103,0,4
1180,1198,103,0,4
1180,1199,103,0,4
1180,1201,103,0,4
1180,1202,103,0,4
1180,1203,103,0,4
1180,1207,103,0,4
1180,1209,103,0,4
1180,1211,103,0,4
1180,1221,103,0,4
1180,1223,103,0,4
1180,1224,103,0,4
1180,1237,103,0,4
1180,1240,103,0,4
1180,1241,103,0,4
1180,1242,103,0,4
1180,1243,103,0,4
1180,1249,103,0,4
1180,1251,103,0,4
1180,1255,103,0,4
1182,1185,112,0,4
1182,1240,112,0,4
1182,1245,112,0,4
1190,1245,965,0,4
1193,1210,1121,0,4
1200,1255,75,0,4
1201,1247,642,0,4
1206,1244,193,0,4
1208,1217,472,0,4
1209,1214,610,0,4
1210,1193,169,0,4
1211,1174,243,0,4
1211,1214,609,0,4
1214,1156,573,0,4
1214,1158,573,0,4
1214,1162,573,0,4
1214,1163,573,0,4
1214,1176,573,0,4
1214,1179,573,0,4
1214,1187,573,0,4
1214,1189,573,0,4
1214,1196,573,0,4
1214,1199,573,0,4
1214,1207,573,0,4
1214,1209,573,0,4
1214,1211,573,0,4
1214,1221,573,0,4
1214,1223,573,0,4
1214,1224,573,0,4
1214,1237,573,0,4
1214,1241,573,0,4
1214,1243,573,0,4
1214,1248,573,0,4
1214,1249,573,0,4
1215,1226,726,0,4
1217,1164,506,0,4
1217,1172,506,0,4
1217,1178,506,0,4
1217,1185,506,0,4
1217,1208,506,0,4
1217,1215,506,0,4
1217,1222,506,0,4
1217,1227,506,0,4
1217,1231,506,0,4
1217,1234,506,0,4
1217,1246,506,0,4
1217,1254,506,0,4
1217,1255,75,0,4
1218,1252,1119,0,4
1221,1239,677,0,4
1222,1178,434,0,4
1222,1245,963,0,4
1223,1168,643,0,4
1226,1215,720,0,4
1227,1161,1061,0,4
1227,1164,1061,0,4
1227,1165,1061,0,4
1227,1170,1061,0,4
1227,1176,1061,0,4
1227,1177,1061,0,4
1227,1180,1061,0,4
1227,1183,1061,0,4
1227,1193,1061,0,4
1227,1210,1061,0,4
1227,1212,1061,0,4
1227,1213,1061,0,4
1227,1216,1061,0,4
1227,1218,1061,0,4
1227,1220,1061,0,4
1227,1225,1061,0,4
1227,1226,1061,0,4
1227,1229,1061,0,4
1227,1230,1061,0,4
1227,1232,1061,0,4
1227,1234,1061,0,4
1227,1235,1061,0,4
1227,1239,1061,0,4
1227,1244,1061,0,4
1227,1248,1061,0,4
1227,1250,1061,0,4
1229,1227,104,0,4
1234,1217,404,0,4
1234,1227,1095,0,4
1235,1174,271,0,4
1235,1227,1127,0,4
1237,1159,243,0,4
1237,1174,243,0,4
1239,1158,652,0,4
1239,1162,652,0,4
1239,1166,652,0,4
1239,1169,652,0,4
1239,1171,652,0,4
1239,1175,652,0,4
1239,1176,652,0,4
1239,1179,652,0,4
1239,1181,652,0,4
1239,1187,652,0,4
1239,1191,652,0,4
1239,1196,652,0,4
1239,1197,652,0,4
1239,1198,652,0,4
1239,1199,652,0,4
1239,1201,652,0,4
1239,1202,652,0,4
1239,1203,652,0,4
1239,1204,652,0,4
1239,1207,652,0,4
1239,1209,652,0,4
1239,1211,652,0,4
1239,1221,652,0,4
1239,1223,652,0,4
1239,1224,652,0,4
1239,1233,652,0,4
1239,1237,652,0,4
1239,1238,652,0,4
1239,1241,652,0,4
1239,1242,652,0,4
1239,1243,652,0,4
1239,1248,652,0,4
1239,1249,652,0,4
1239,1251,652,0,4
1239,1255,652,0,4
1241,1214,610,0,4
1243,1173,676,0,4
1243,1231,609,0,4
1243,1240,210,0,4
1243,1245,210,0,4
1244,1206,32,0,4
1245,1172,973,0,4
1245,1178,973,0,4
1245,1182,116,0,4
1245,1190,973,0,4
1245,1222,973,0,4
1245,1231,973,0,4
1247,1201,438,0,4
1248,1239,652,0,4
1249,1158,243,0,4
1252,1174,502,0,4
1252,1218,1063,0,4
1255,1200,143,0,4
1255,1217,143,0,4
