10,1167,11,1,0
11,1214,45,2,0
12,1214,11,0,1
15,1214,49,2,0
16,1214,50,2,0
17,1214,51,2,0
18,1214,52,2,0
19,1214,53,2,0
20,1214,54,2,0
21,1214,55,2,0
28,1214,29,1,0
55,1229,89,3,0
88,1195,54,0,3
129,1217,130,2,1
135,1214,102,2,3
136,1195,170,2,0
163,1217,164,2,1
197,1217,198,2,1
200,1204,201,2,1
202,1204,236,3,0
206,1214,207,2,1
213,1237,1237,4,0
221,1237,220,1,2
222,1237,221,1,2
223,1237,222,1,2
224,1237,223,1,2
225,1237,224,1,2
225,1247,259,3,0
231,1217,232,2,1
234,1204,235,2,1
237,1204,271,3,0
239,1204,273,3,0
262,1180,263,2,1
262,1183,263,2,1
265,1217,266,2,1
268,1204,269,2,1
273,1204,307,3,0
276,1158,277,2,1
277,1158,278,2,1
278,1158,279,2,1
279,1158,280,2,1
280,1158,1158,4,0
299,1217,300,2,1
302,1204,303,2,1
309,1204,343,3,0
311,1194,277,0,3
311,1214,277,0,3
323,1243,322,1,2
329,1177,330,2,1
330,1180,331,2,1
330,1183,331,2,1
336,1204,337,2,1
343,1204,377,3,0
345,1214,311,0,3
388,1246,422,3,0
393,1209,359,0,3
396,1251,430,3,0
397,1177,398,2,1
398,1180,399,2,1
398,1183,399,2,1
412,1230,446,3,0
413,1204,412,1,2
415,1214,381,0,3
443,1194,477,3,0
444,1194,478,3,0
445,1194,479,3,0
446,1194,480,3,0
447,1241,446,1,2
448,1204,447,1,2
451,1214,417,0,3
452,1160,451,1,2
465,1177,466,2,1
465,1245,499,3,0
466,1180,467,2,1
466,1183,467,2,1
483,1204,482,1,2
519,1204,518,1,2
525,1214,526,2,1
533,1177,534,2,1
534,1180,535,2,1
534,1183,535,2,1
543,1214,542,1,2
544,1214,577,3,2
545,1214,544,1,1
546,1214,545,1,2
547,1214,546,1,2
559,1214,560,2,1
563,1237,564,2,1
565,1245,599,3,0
577,1214,576,1,2
578,1166,544,0,2
579,1166,545,0,3
580,1166,546,0,3
589,1204,588,1,2
593,1214,594,2,1
597,1245,598,2,1
601,1177,602,2,1
602,1180,603,2,1
602,1183,603,2,1
611,1166,610,1,2
612,1204,645,3,2
613,1204,612,1,1
614,1204,613,1,2
614,1209,580,0,3
615,1204,614,1,2
615,1209,581,0,3
616,1204,615,1,2
624,1204,623,1,2
627,1214,628,2,1
643,1204,1204,4,0
644,1204,643,1,2
645,1204,644,1,2
661,1214,662,2,1
669,1177,670,2,1
670,1180,671,2,1
670,1183,671,2,1
692,1214,691,1,2
694,1214,693,1,2
695,1214,696,2,1
696,1214,697,2,1
726,1214,725,1,2
728,1214,727,1,2
731,1214,732,2,1
732,1214,733,2,1
735,1229,769,3,0
737,1177,738,2,1
748,1162,714,0,2
756,1214,790,3,0
760,1214,759,1,2
762,1214,761,1,2
766,1214,767,2,1
767,1214,768,2,1
788,1214,822,3,0
794,1214,793,1,2
796,1214,795,1,2
802,1214,803,2,1
803,1214,769,0,3
803,1229,837,3,0
828,1214,827,1,2
830,1214,829,1,2
837,1214,803,0,3
859,1210,858,1,2
862,1214,861,1,2
864,1214,863,1,2
869,1193,835,0,3
871,1229,905,3,0
872,1214,838,0,3
888,1214,922,3,0
896,1214,895,1,2
898,1214,897,1,2
906,1214,872,0,3
908,1245,942,3,0
922,1188,956,3,0
927,1237,961,3,0
930,1214,929,1,2
932,1214,931,1,2
933,1181,967,3,0
935,1237,969,3,0
937,1237,971,3,0
937,1244,903,0,3
937,1250,903,0,3
939,1229,973,3,0
942,1214,908,0,3
942,1245,1245,4,0
954,1214,955,2,1
961,1237,995,3,0
964,1214,963,1,2
966,1214,965,1,2
969,1237,1003,3,0
971,1237,1005,3,0
973,1245,974,2,1
974,1245,975,2,1
976,1214,942,0,3
976,1245,1245,4,0
977,1214,943,0,3
989,1244,1023,3,0
991,1244,957,0,3
992,1226,991,1,2
995,1237,1029,3,0
998,1214,997,1,2
1000,1214,999,1,2
1003,1237,1037,3,0
1007,1229,1041,3,0
1007,1237,1041,3,0
1010,1238,1009,1,2
1012,1214,978,0,3
1013,1214,979,0,3
1015,1231,1016,2,1
1018,1242,984,0,3
1023,1244,1057,3,0
1024,1244,1058,3,0
1025,1244,991,0,3
1032,1214,1031,1,2
1034,1214,1033,1,2
1047,1214,1013,0,3
1049,1231,1050,2,1
1066,1214,1065,1,2
1068,1214,1067,1,2
1074,1168,1075,2,1
1075,1229,1109,3,0
1077,1237,1076,1,2
1078,1175,1077,1,2
1082,1214,1083,2,1
1083,1231,1084,2,1
1087,1166,1054,2,3
1100,1214,1099,1,2
1102,1214,1101,1,2
1111,1237,1110,1,2
1116,1214,1117,2,1
1117,1231,1118,2,1
1122,1223,1123,1,1
1134,1214,1133,1,2
1136,1214,1135,1,2
1143,1229,21,3,3
1145,1245,1111,0,3
1150,1214,1151,2,1
1151,1231,1152,2,1
1156,1209,314,0,4
1157,1237,111,0,4
1157,1251,543,0,4
1159,1211,299,0,4
1160,1192,542,0,4
1162,1224,579,0,4
1164,1237,1131,0,4
1166,1156,544,0,4
1166,1158,544,0,4
1166,1162,544,0,4
1166,1163,544,0,4
1166,1175,146,0,4
1166,1179,544,0,4
1166,1181,146,0,4
1166,1187,544,0,4
1166,1189,544,0,4
1166,1196,544,0,4
1166,1198,146,0,4
1166,1199,544,0,4
1166,1201,146,0,4
1166,1203,146,0,4
1166,1207,544,0,4
1166,1209,544,0,4
1166,1211,544,0,4
1166,1221,544,0,4
1166,1223,544,0,4
1166,1237,544,0,4
1166,1241,544,0,4
1166,1243,544,0,4
1166,1249,544,0,4
1166,1251,146,0,4
1167,1208,11,0,4
1170,1211,341,0,4
1171,1204,645,0,4
1171,1211,213,0,4
1171,1237,213,0,4
1172,1204,371,0,4
1172,1225,337,0,4
1173,1184,181,0,4
1173,1237,215,0,4
1175,1166,180,0,4
1179,1237,246,0,4
1181,1166,180,0,4
1184,1173,79,0,4
1184,1204,609,0,4
1186,1204,609,0,4
1189,1209,314,0,4
1192,1160,542,0,4
1194,1237,111,0,4
1195,1185,374,0,4
1197,1204,645,0,4
1197,1237,213,0,4
1198,1166,180,0,4
1201,1166,180,0,4
1203,1166,180,0,4
1204,1162,643,0,4
1204,1171,643,0,4
1204,1172,643,0,4
1204,1179,643,0,4
1204,1184,643,0,4
1204,1186,643,0,4
1204,1197,643,0,4
1204,1209,643,0,4
1204,1211,643,0,4
1204,1224,643,0,4
1204,1231,643,0,4
1204,1237,643,0,4
1204,1243,643,0,4
1204,1249,643,0,4
1206,1221,562,0,4
1209,1156,313,0,4
1209,1166,546,0,4
1209,1189,313,0,4
1209,1243,280,0,4
1211,1159,545,0,4
1211,1166,545,0,4
1211,1170,545,0,4
1211,1171,213,0,4
1214,1156,576,0,4
1214,1158,576,0,4
1214,1162,576,0,4
1214,1163,576,0,4
1214,1171,576,0,4
1214,1176,542,0,4
1214,1179,576,0,4
1214,1181,576,0,4
1214,1187,576,0,4
1214,1189,576,0,4
1214,1196,576,0,4
1214,1197,576,0,4
1214,1198,576,0,4
1214,1199,576,0,4
1214,1201,576,0,4
1214,1207,576,0,4
1214,1209,576,0,4
1214,1211,576,0,4
1214,1221,576,0,4
1214,1223,576,0,4
1214,1224,576,0,4
1214,1237,576,0,4
1214,1241,576,0,4
1214,1243,576,0,4
1214,1248,542,0,4
1214,1249,576,0,4
1214,1251,576,0,4
1214,1255,78,0,4
1217,1159,509,0,4
1221,1206,281,0,4
1224,1162,579,0,4
1225,1172,238,0,4
1231,1204,337,0,4
1237,1157,213,0,4
1237,1164,213,0,4
1237,1171,213,0,4
1237,1173,213,0,4
1237,1179,246,0,4
1237,1194,213,0,4
1237,1197,213,0,4
1237,1204,612,0,4
1237,1240,213,0,4
1237,1245,213,0,4
1237,1255,213,0,4
1241,1214,579,0,4
1243,1209,280,0,4
1243,1214,578,0,4
1245,1172,942,0,4
1245,1178,976,0,4
1245,1190,942,0,4
1245,1222,942,0,4
1245,1231,942,0,4
1251,1157,645,0,4
1251,1166,180,0,4
1255,1214,146,0,4
1255,1237,179,0,4
