7,1182,8,1,0
8,1182,42,2,0
10,1208,9,0,1
41,1182,42,2,1
42,1182,76,3,0
71,1182,72,2,1
72,1182,73,2,1
73,1182,74,2,1
74,1182,75,2,1
75,1182,76,2,1
76,1182,1182,4,0
99,1178,133,3,0
123,1200,157,3,0
146,1233,145,1,2
152,1229,151,1,2
157,1200,191,3,0
166,1210,167,2,1
191,1200,225,3,0
222,1200,256,3,0
225,1200,259,3,0
259,1200,293,3,0
271,1225,237,0,3
293,1200,327,3,0
294,1200,328,3,0
308,1179,307,1,2
309,1179,275,0,3
327,1200,361,3,0
328,1200,362,3,0
342,1179,341,1,2
343,1179,309,0,3
352,1179,318,0,3
355,1200,356,2,1
361,1200,395,3,0
362,1200,396,3,0
366,1200,400,3,0
376,1179,375,1,2
377,1179,343,0,3
386,1179,352,0,3
395,1200,429,3,0
396,1200,430,3,0
400,1200,434,3,0
410,1179,409,1,2
411,1179,377,0,3
420,1179,386,0,3
421,1200,422,2,1
429,1200,463,3,0
430,1200,464,3,0
434,1200,468,3,0
444,1179,443,1,2
453,1200,454,2,1
454,1179,420,0,3
464,1200,498,3,0
468,1200,502,3,0
478,1179,477,1,2
498,1200,532,3,0
502,1200,536,3,0
512,1179,511,1,2
513,1210,512,1,2
536,1200,1200,4,0
562,1200,528,0,3
563,1200,529,0,3
564,1200,530,0,3
565,1200,531,0,3
566,1200,532,0,3
570,1200,536,0,3
600,1200,566,0,3
604,1184,603,1,2
604,1200,570,0,3
605,1184,571,0,3
606,1163,640,3,0
606,1184,572,0,3
607,1184,573,0,3
608,1184,574,0,3
609,1184,575,0,3
610,1184,576,0,3
624,1252,658,3,0
634,1200,600,0,3
668,1200,634,0,3
683,1235,682,1,2
708,1210,674,0,3
725,1200,726,2,1
789,1182,790,2,1
790,1182,824,3,0
796,1200,797,2,1
823,1182,824,2,1
823,1202,822,1,2
824,1182,858,3,0
828,1248,794,0,3
842,1181,808,0,3
857,1182,858,2,1
858,1182,892,3,0
891,1182,892,2,1
892,1182,926,3,0
903,1193,937,3,0
910,1203,876,0,3
917,1192,951,3,0
925,1182,926,2,1
926,1182,960,3,0
929,1213,895,0,3
937,1193,971,3,0
945,1207,911,0,3
959,1182,960,2,1
960,1182,994,3,0
970,1200,936,0,3
971,1193,1005,3,0
981,1193,1015,3,0
988,1244,987,1,2
989,1210,1023,3,0
993,1182,994,2,1
994,1182,1028,3,0
998,1210,1032,3,0
999,1210,1033,3,0
1005,1193,1039,3,0
1015,1193,1049,3,0
1027,1182,1028,2,1
1028,1182,1062,3,0
1034,1193,1035,2,1
1041,1200,1007,0,3
1053,1173,1087,3,0
1054,1225,1055,1,1
1055,1225,1225,4,0
1056,1224,1055,1,2
1061,1182,1062,2,1
1062,1182,1096,3,0
1070,1193,1071,2,1
1071,1193,1072,2,1
1072,1193,1073,2,1
1073,1193,1074,2,1
1080,1184,1081,2,1
1083,1193,1193,4,0
1087,1225,1054,2,3
1095,1182,1096,2,1
1096,1182,1130,3,0
1120,1224,1121,2,1
1129,1182,1130,2,1
1130,1182,8,3,3
1156,1179,675,0,4
1158,1168,673,0,4
1158,1207,241,0,4
1163,1166,708,0,4
1163,1169,708,0,4
1163,1179,642,0,4
1163,1186,708,0,4
1166,1233,107,0,4
1168,1158,657,0,4
1169,1184,571,0,4
1171,1196,640,0,4
1173,1184,176,0,4
1173,1225,209,0,4
1175,1184,640,0,4
1179,1156,641,0,4
1179,1163,642,0,4
1179,1189,641,0,4
1181,1184,640,0,4
1181,1202,672,0,4
1181,1225,208,0,4
1182,1160,76,0,4
1182,1164,76,0,4
1182,1167,76,0,4
1182,1184,76,0,4
1182,1186,76,0,4
1182,1192,76,0,4
1182,1195,76,0,4
1182,1200,76,0,4
1182,1205,76,0,4
1182,1208,76,0,4
1182,1214,76,0,4
1182,1217,76,0,4
1182,1227,76,0,4
1182,1228,76,0,4
1182,1231,76,0,4
1182,1234,76,0,4
1182,1247,76,0,4
1182,1252,76,0,4
1182,1254,76,0,4
1184,1156,571,0,4
1184,1158,571,0,4
1184,1162,571,0,4
1184,1163,571,0,4
1184,1166,603,0,4
1184,1169,571,0,4
1184,1171,571,0,4
1184,1173,74,0,4
1184,1175,571,0,4
1184,1179,571,0,4
1184,1181,571,0,4
1184,1187,571,0,4
1184,1189,571,0,4
1184,1191,74,0,4
1184,1196,571,0,4
1184,1197,571,0,4
1184,1198,571,0,4
1184,1199,571,0,4
1184,1201,571,0,4
1184,1203,571,0,4
1184,1207,571,0,4
1184,1209,571,0,4
1184,1211,571,0,4
1184,1221,571,0,4
1184,1223,571,0,4
1184,1224,571,0,4
1184,1233,603,0,4
1184,1237,571,0,4
1184,1238,603,0,4
1184,1241,571,0,4
1184,1242,571,0,4
1184,1243,571,0,4
1184,1249,571,0,4
1184,1251,571,0,4
1184,1255,571,0,4
1189,1179,675,0,4
1189,1249,708,0,4
1191,1184,108,0,4
1193,1176,1083,0,4
1193,1240,1083,0,4
1193,1245,1083,0,4
1194,1240,105,0,4
1196,1171,640,0,4
1198,1184,640,0,4
1199,1184,607,0,4
1200,1159,536,0,4
1200,1168,536,0,4
1200,1172,536,0,4
1200,1174,536,0,4
1200,1178,536,0,4
1200,1190,536,0,4
1200,1206,536,0,4
1200,1215,536,0,4
1200,1222,536,0,4
1200,1228,536,0,4
1200,1231,536,0,4
1200,1252,536,0,4
1201,1184,640,0,4
1202,1181,672,0,4
1203,1184,640,0,4
1207,1158,241,0,4
1210,1172,1023,0,4
1210,1178,1023,0,4
1210,1190,1023,0,4
1210,1222,1023,0,4
1210,1231,1023,0,4
1217,1247,536,0,4
1224,1184,575,0,4
1225,1156,234,0,4
1225,1158,234,0,4
1225,1162,234,0,4
1225,1163,234,0,4
1225,1173,234,0,4
1225,1176,1055,0,4
1225,1179,234,0,4
1225,1181,234,0,4
1225,1187,234,0,4
1225,1189,234,0,4
1225,1199,234,0,4
1225,1207,234,0,4
1225,1209,234,0,4
1225,1221,234,0,4
1225,1223,234,0,4
1225,1224,234,0,4
1225,1230,1055,0,4
1225,1232,1089,0,4
1225,1237,234,0,4
1225,1241,234,0,4
1225,1243,234,0,4
1225,1244,1055,0,4
1225,1248,1055,0,4
1225,1249,234,0,4
1225,1250,1055,0,4
1228,1182,1062,0,4
1230,1225,851,0,4
1232,1225,1116,0,4
1233,1166,107,0,4
1240,1194,114,0,4
1242,1184,640,0,4
1244,1225,918,0,4
1247,1217,468,0,4
1249,1189,674,0,4
1250,1225,952,0,4
1251,1184,640,0,4
1252,1182,1061,0,4
1254,1182,824,0,4
