1,1183,1123,3,3
4,1164,3,0,1
14,1183,1136,3,3
15,1183,1137,3,3
16,1183,1138,3,3
31,1183,32,1,0
32,1183,66,2,0
38,1164,37,1,2
50,1183,84,3,0
51,1183,52,2,1
65,1183,66,2,1
66,1183,100,3,0
69,1183,68,1,1
72,1164,71,1,2
72,1174,71,1,2
79,1164,78,1,2
82,1183,81,1,2
84,1183,85,2,1
85,1183,86,2,1
99,1183,100,2,1
100,1183,1183,4,0
106,1164,105,1,2
113,1164,112,1,2
140,1164,139,1,2
147,1164,146,1,2
181,1164,180,1,2
187,1225,188,2,1
224,1236,258,3,0
258,1236,292,3,0
259,1200,260,2,1
292,1236,326,3,0
300,1236,334,3,0
326,1236,360,3,0
334,1236,368,3,0
335,1195,336,2,1
344,1199,343,1,2
368,1236,402,3,0
382,1172,383,2,1
390,1172,391,2,1
391,1172,392,2,1
391,1207,425,3,0
391,1241,425,3,0
392,1172,393,2,1
393,1172,394,2,1
394,1172,395,2,1
395,1172,396,2,1
396,1172,397,2,1
397,1172,398,2,1
398,1172,1172,4,0
402,1236,436,3,0
416,1172,417,2,1
429,1201,430,2,1
432,1172,398,0,3
435,1217,436,2,1
451,1172,452,2,1
458,1236,459,2,1
459,1236,460,2,1
460,1236,461,2,1
461,1236,462,2,1
462,1236,463,2,1
466,1172,432,0,3
469,1216,435,0,3
470,1236,1236,4,0
486,1172,487,2,1
500,1172,466,0,3
522,1172,523,2,1
531,1216,530,1,2
534,1172,500,0,3
546,1210,580,3,0
547,1255,546,1,2
556,1172,557,2,1
557,1172,558,2,1
568,1172,534,0,3
592,1172,593,2,1
593,1172,594,2,1
594,1171,595,2,1
602,1172,568,0,3
627,1172,628,2,1
636,1172,602,0,3
643,1177,609,0,3
662,1172,628,0,3
670,1172,636,0,3
679,1163,678,1,2
680,1176,681,1,1
681,1176,682,2,1
682,1176,1176,4,0
696,1172,662,0,3
704,1172,670,0,3
713,1176,680,2,3
725,1248,724,1,2
732,1172,698,0,3
738,1172,704,0,3
766,1172,732,0,3
767,1172,733,0,3
772,1172,738,0,3
784,1183,783,1,2
802,1172,768,0,3
803,1172,769,0,3
806,1172,772,0,3
837,1172,803,0,3
840,1172,806,0,3
844,1213,878,3,0
873,1172,839,0,3
874,1172,840,0,3
888,1173,922,3,0
900,1214,866,0,3
907,1172,873,0,3
908,1172,874,0,3
956,1158,955,1,2
984,1183,1018,3,0
988,1210,1022,3,0
1006,1226,1007,2,1
1018,1183,1052,3,0
1020,1210,1021,1,1
1021,1210,1022,2,1
1022,1210,1210,4,0
1039,1230,1040,2,1
1041,1217,1040,1,2
1052,1183,1086,3,0
1086,1183,1120,3,0
1120,1183,1154,3,0
1126,1164,1125,1,2
1127,1164,1093,0,3
1132,1164,1098,0,3
1133,1164,1099,0,3
1134,1164,1100,0,3
1135,1164,1101,0,3
1136,1164,1102,0,3
1137,1164,1103,0,3
1138,1164,1104,0,3
1154,1183,32,3,3
1158,1249,641,0,4
1163,1161,675,0,4
1163,1168,675,0,4
1163,1185,675,0,4
1163,1232,675,0,4
1164,1157,3,0,4
1164,1160,3,0,4
1164,1166,3,0,4
1164,1167,402,0,4
1164,1169,3,0,4
1164,1182,3,0,4
1164,1184,3,0,4
1164,1186,3,0,4
1164,1191,3,0,4
1164,1192,3,0,4
1164,1202,3,0,4
1164,1204,3,0,4
1164,1208,402,0,4
1164,1214,3,0,4
1164,1219,3,0,4
1164,1233,3,0,4
1164,1236,402,0,4
1164,1238,3,0,4
1164,1240,1093,0,4
1164,1245,1093,0,4
1165,1183,30,0,4
1165,1202,818,0,4
1166,1247,106,0,4
1167,1164,504,0,4
1170,1183,1124,0,4
1172,1178,398,0,4
1172,1182,398,0,4
1172,1222,398,0,4
1172,1228,398,0,4
1172,1252,398,0,4
1173,1181,209,0,4
1175,1255,174,0,4
1176,1163,682,0,4
1176,1173,682,0,4
1176,1182,682,0,4
1176,1189,682,0,4
1176,1219,682,0,4
1178,1172,398,0,4
1180,1183,67,0,4
1181,1173,209,0,4
1182,1172,704,0,4
1183,1160,1123,0,4
1183,1161,100,0,4
1183,1165,100,0,4
1183,1167,1123,0,4
1183,1170,1123,0,4
1183,1176,100,0,4
1183,1180,67,0,4
1183,1184,1123,0,4
1183,1186,101,0,4
1183,1192,101,0,4
1183,1193,100,0,4
1183,1195,1123,0,4
1183,1200,101,0,4
1183,1205,1123,0,4
1183,1212,100,0,4
1183,1213,100,0,4
1183,1214,1123,0,4
1183,1216,100,0,4
1183,1217,101,0,4
1183,1218,100,0,4
1183,1220,100,0,4
1183,1226,100,0,4
1183,1230,100,0,4
1183,1232,100,0,4
1183,1235,1123,0,4
1183,1239,100,0,4
1183,1244,100,0,4
1183,1248,100,0,4
1186,1183,74,0,4
1192,1183,73,0,4
1193,1220,1118,0,4
1194,1198,139,0,4
1198,1194,174,0,4
1202,1165,672,0,4
1203,1255,174,0,4
1208,1164,436,0,4
1210,1244,1022,0,4
1216,1226,717,0,4
1217,1178,504,0,4
1217,1222,504,0,4
1217,1227,504,0,4
1220,1183,30,0,4
1220,1193,1118,0,4
1222,1172,398,0,4
1223,1249,641,0,4
1226,1216,717,0,4
1227,1233,1093,0,4
1228,1172,500,0,4
1233,1227,107,0,4
1235,1183,1124,0,4
1236,1159,470,0,4
1236,1164,470,0,4
1236,1168,470,0,4
1236,1172,470,0,4
1236,1174,470,0,4
1236,1178,470,0,4
1236,1206,470,0,4
1236,1208,470,0,4
1236,1215,470,0,4
1236,1222,470,0,4
1236,1227,470,0,4
1236,1231,470,0,4
1236,1247,470,0,4
1238,1247,106,0,4
1244,1183,30,0,4
1247,1166,1126,0,4
1247,1238,1126,0,4
1249,1158,641,0,4
1249,1223,641,0,4
1252,1172,466,0,4
1255,1175,174,0,4
1255,1203,174,0,4
