21,1165,1143,3,3
22,1165,1144,3,3
23,1165,1145,3,3
26,1192,27,1,0
32,1165,1154,3,3
33,1221,1155,3,3
36,1192,70,3,0
37,1192,71,3,0
38,1192,72,3,0
39,1192,73,3,0
40,1192,74,3,0
41,1192,75,3,0
57,1165,23,0,2
60,1192,61,2,1
66,1165,32,0,2
76,1192,1192,4,0
77,1217,43,0,3
81,1217,47,0,3
82,1217,48,0,3
83,1217,49,0,3
84,1217,50,0,3
85,1217,51,0,3
86,1217,52,0,3
91,1165,57,0,3
94,1192,95,2,1
100,1165,66,0,3
125,1165,91,0,3
127,1217,128,2,1
133,1192,134,2,1
138,1180,104,0,3
143,1195,142,1,2
145,1217,144,1,2
148,1191,147,1,2
159,1165,125,0,3
170,1192,171,1,1
179,1217,178,1,2
183,1217,182,1,2
193,1165,159,0,3
204,1192,205,1,1
213,1217,212,1,2
217,1217,216,1,2
218,1181,217,1,2
227,1165,193,0,3
230,1182,264,3,0
231,1172,265,3,0
240,1192,206,0,3
247,1217,246,1,2
251,1217,250,1,2
261,1165,227,0,3
265,1172,299,3,0
274,1192,240,0,3
274,1199,240,0,3
281,1217,280,1,2
285,1217,284,1,2
295,1165,261,0,3
315,1217,314,1,2
319,1217,318,1,2
323,1165,324,2,1
329,1165,295,0,3
345,1168,379,3,0
349,1217,348,1,2
353,1217,352,1,2
360,1161,359,1,2
362,1209,363,2,1
363,1165,329,0,3
379,1192,345,0,3
383,1217,382,1,2
387,1217,386,1,2
396,1209,397,2,1
397,1165,363,0,3
417,1217,416,1,2
421,1217,420,1,2
431,1165,397,0,3
439,1240,473,3,0
451,1217,450,1,2
455,1217,454,1,2
463,1165,429,0,3
465,1165,431,0,3
473,1208,472,1,2
474,1208,440,0,3
475,1208,441,0,3
484,1192,450,0,3
499,1165,465,0,3
578,1187,612,2,0
579,1187,613,3,0
580,1187,614,3,0
592,1190,593,2,1
594,1190,628,3,0
616,1222,615,1,2
622,1254,623,2,1
626,1190,627,2,1
628,1190,662,3,0
660,1190,661,2,1
664,1190,698,3,0
694,1190,695,2,1
698,1190,732,3,0
721,1160,755,3,0
728,1190,729,2,1
746,1225,712,0,3
762,1190,763,2,1
767,1213,733,0,3
768,1190,767,1,2
779,1239,813,3,0
787,1192,821,3,0
796,1190,797,2,1
803,1190,802,1,2
830,1190,831,2,1
837,1190,836,1,2
873,1190,872,1,2
898,1171,932,3,0
899,1190,1190,4,0
900,1190,899,1,2
901,1190,900,1,2
902,1190,901,1,2
903,1190,902,1,2
906,1165,940,3,0
907,1190,906,1,2
908,1190,907,1,2
938,1165,972,3,0
940,1165,974,3,0
953,1192,954,2,1
966,1189,1000,3,0
972,1165,1006,3,0
974,1165,1008,3,0
1008,1165,1042,3,0
1019,1192,986,2,3
1019,1224,985,0,3
1027,1241,1026,1,2
1042,1165,1076,3,0
1043,1165,1077,3,0
1052,1186,1018,0,3
1052,1192,1053,2,1
1071,1165,1072,2,1
1075,1165,1109,3,0
1076,1165,1110,3,0
1077,1165,1111,3,0
1086,1165,1120,3,0
1095,1210,1094,1,2
1107,1165,1141,3,0
1108,1165,1142,3,0
1109,1165,1143,3,0
1110,1165,1144,3,0
1111,1165,1145,3,0
1117,1192,1118,2,1
1118,1161,1119,2,1
1119,1237,1085,0,3
1120,1165,1154,3,0
1136,1168,1102,0,3
1148,1192,1149,2,1
1154,1165,1165,4,0
1157,1192,76,0,4
1157,1194,508,0,4
1158,1249,244,0,4
1159,1190,728,0,4
1161,1232,654,0,4
1165,1161,1154,0,4
1165,1188,1154,0,4
1165,1213,1154,0,4
1165,1218,1154,0,4
1165,1232,1154,0,4
1165,1239,1154,0,4
1165,1248,1154,0,4
1166,1208,110,0,4
1167,1208,42,0,4
1168,1190,661,0,4
1169,1208,110,0,4
1169,1217,575,0,4
1170,1187,272,0,4
1170,1192,39,0,4
1171,1208,577,0,4
1171,1251,178,0,4
1173,1217,676,0,4
1175,1194,643,0,4
1175,1208,178,0,4
1177,1225,172,0,4
1178,1222,435,0,4
1180,1156,104,0,4
1180,1158,104,0,4
1180,1162,104,0,4
1180,1163,104,0,4
1180,1171,104,0,4
1180,1173,104,0,4
1180,1175,104,0,4
1180,1179,104,0,4
1180,1181,104,0,4
1180,1187,104,0,4
1180,1189,104,0,4
1180,1192,71,0,4
1180,1196,104,0,4
1180,1197,104,0,4
1180,1198,104,0,4
1180,1199,104,0,4
1180,1201,104,0,4
1180,1202,104,0,4
1180,1203,104,0,4
1180,1207,104,0,4
1180,1209,104,0,4
1180,1211,104,0,4
1180,1221,104,0,4
1180,1223,104,0,4
1180,1224,104,0,4
1180,1237,104,0,4
1180,1240,104,0,4
1180,1241,104,0,4
1180,1242,104,0,4
1180,1243,104,0,4
1180,1249,104,0,4
1180,1251,104,0,4
1180,1255,104,0,4
1181,1208,178,0,4
1183,1192,71,0,4
1187,1170,278,0,4
1187,1206,612,0,4
1188,1190,691,0,4
1189,1208,612,0,4
1190,1159,899,0,4
1190,1161,899,0,4
1190,1168,899,0,4
1190,1174,899,0,4
1190,1185,899,0,4
1190,1188,899,0,4
1190,1206,899,0,4
1190,1213,899,0,4
1190,1215,899,0,4
1190,1232,899,0,4
1190,1239,899,0,4
1190,1246,899,0,4
1190,1253,899,0,4
1190,1254,899,0,4
1191,1217,642,0,4
1192,1157,76,0,4
1192,1164,76,0,4
1192,1165,76,0,4
1192,1170,76,0,4
1192,1177,76,0,4
1192,1180,76,0,4
1192,1183,76,0,4
1192,1188,76,0,4
1192,1193,76,0,4
1192,1194,76,0,4
1192,1195,76,0,4
1192,1205,76,0,4
1192,1210,76,0,4
1192,1212,76,0,4
1192,1213,76,0,4
1192,1216,76,0,4
1192,1218,76,0,4
1192,1220,76,0,4
1192,1225,76,0,4
1192,1226,76,0,4
1192,1229,76,0,4
1192,1230,76,0,4
1192,1234,76,0,4
1192,1235,76,0,4
1192,1236,76,0,4
1192,1239,76,0,4
1192,1244,76,0,4
1192,1250,76,0,4
1192,1253,76,0,4
1193,1213,755,0,4
1194,1157,508,0,4
1194,1175,541,0,4
1194,1192,76,0,4
1194,1203,541,0,4
1195,1202,74,0,4
1195,1255,74,0,4
1197,1208,144,0,4
1198,1208,178,0,4
1200,1208,42,0,4
1201,1208,178,0,4
1203,1194,643,0,4
1203,1208,178,0,4
1206,1190,627,0,4
1208,1157,440,0,4
1208,1158,440,0,4
1208,1163,440,0,4
1208,1166,8,0,4
1208,1167,8,0,4
1208,1169,8,0,4
1208,1171,440,0,4
1208,1175,8,0,4
1208,1181,8,0,4
1208,1187,440,0,4
1208,1189,440,0,4
1208,1194,440,0,4
1208,1196,440,0,4
1208,1197,8,0,4
1208,1198,8,0,4
1208,1199,440,0,4
1208,1200,8,0,4
1208,1201,8,0,4
1208,1203,8,0,4
1208,1207,440,0,4
1208,1211,440,0,4
1208,1217,8,0,4
1208,1221,440,0,4
1208,1223,440,0,4
1208,1236,440,0,4
1208,1238,8,0,4
1208,1243,440,0,4
1208,1249,440,0,4
1210,1247,1093,0,4
1211,1243,610,0,4
1212,1226,1121,0,4
1213,1193,755,0,4
1217,1169,541,0,4
1217,1173,574,0,4
1217,1182,43,0,4
1217,1191,574,0,4
1217,1204,43,0,4
1217,1208,42,0,4
1217,1219,43,0,4
1217,1240,43,0,4
1217,1245,43,0,4
1218,1165,1153,0,4
1218,1192,1153,0,4
1222,1178,435,0,4
1225,1177,170,0,4
1226,1212,1121,0,4
1226,1246,721,0,4
1230,1239,1154,0,4
1231,1253,334,0,4
1232,1161,654,0,4
1235,1192,39,0,4
1238,1208,110,0,4
1239,1165,1153,0,4
1239,1192,1120,0,4
1239,1230,1153,0,4
1243,1211,610,0,4
1246,1226,726,0,4
1249,1158,244,0,4
1251,1171,178,0,4
1253,1190,691,0,4
1253,1231,130,0,4
