0,1242,1122,3,2
1,1221,1123,3,3
24,1240,1146,3,3
28,1242,1150,3,3
62,1164,63,2,1
94,1240,60,0,3
122,1240,121,1,2
125,1240,159,3,0
145,1210,144,1,2
156,1240,155,1,2
157,1238,123,0,3
157,1240,156,1,2
158,1240,157,1,2
159,1240,158,1,2
167,1185,166,1,2
173,1183,1183,4,0
178,1196,179,2,1
180,1171,1171,4,0
180,1239,214,3,0
191,1183,192,2,1
198,1171,199,2,1
207,1183,173,0,3
212,1171,178,0,3
213,1171,179,0,3
213,1239,247,3,0
214,1171,180,0,3
217,1214,216,1,2
225,1183,226,2,1
230,1183,196,0,3
232,1171,233,2,1
241,1183,207,0,3
245,1239,279,3,0
250,1208,249,1,2
259,1183,260,2,1
264,1183,230,0,3
275,1183,241,0,3
276,1171,277,2,1
279,1239,313,3,0
284,1167,283,1,2
293,1183,294,2,1
298,1183,264,0,3
309,1183,275,0,3
327,1183,328,2,1
329,1218,295,0,3
332,1183,298,0,3
343,1156,377,3,0
343,1183,309,0,3
360,1241,326,0,3
361,1183,362,2,1
366,1183,332,0,3
367,1156,368,2,1
375,1234,341,0,3
376,1156,377,2,1
377,1183,343,0,3
377,1239,378,2,1
378,1156,412,3,0
389,1252,355,0,3
395,1183,396,2,1
397,1188,363,0,3
397,1234,363,0,3
398,1234,364,0,3
399,1234,365,0,3
400,1183,366,0,3
400,1234,366,0,3
401,1156,402,2,1
401,1234,367,0,3
402,1234,368,0,3
409,1211,443,3,0
410,1156,411,2,1
411,1183,377,0,3
414,1244,448,3,0
415,1171,381,0,3
429,1183,430,2,1
434,1183,400,0,3
435,1156,436,2,1
441,1173,475,3,0
444,1156,445,2,1
445,1183,411,0,3
448,1156,482,3,0
455,1233,454,1,2
463,1183,464,2,1
467,1240,501,3,0
468,1183,434,0,3
469,1156,470,2,1
478,1156,479,2,1
479,1183,445,0,3
482,1156,516,3,0
497,1183,498,2,1
502,1183,468,0,3
503,1156,504,2,1
512,1156,513,2,1
513,1183,479,0,3
531,1183,532,2,1
536,1183,502,0,3
537,1156,538,2,1
544,1217,510,0,2
545,1217,511,0,3
546,1156,547,2,1
546,1217,512,0,3
565,1183,566,2,1
567,1240,601,3,0
570,1183,536,0,3
571,1217,537,0,3
572,1217,538,0,3
573,1217,539,0,3
579,1236,545,0,3
580,1156,581,2,1
587,1156,586,1,2
597,1234,631,3,0
600,1183,601,2,1
604,1183,570,0,3
615,1156,1156,4,0
616,1156,615,1,2
617,1156,616,1,2
618,1156,617,1,2
632,1234,666,3,0
638,1183,604,0,3
668,1234,702,3,0
670,1183,636,0,3
672,1183,638,0,3
680,1242,1242,4,0
704,1183,670,0,3
706,1183,672,0,3
706,1242,707,2,1
707,1242,708,2,1
708,1242,709,2,1
709,1242,710,2,1
716,1239,717,2,1
738,1234,737,1,2
747,1214,713,0,3
749,1234,750,2,1
765,1191,799,3,0
772,1234,771,1,2
773,1176,772,1,2
783,1234,784,2,1
795,1247,794,1,2
808,1234,807,1,2
817,1234,818,2,1
818,1235,784,0,3
842,1234,841,1,2
843,1234,842,1,2
893,1171,927,3,0
911,1176,912,2,1
925,1171,959,3,0
940,1239,941,2,1
960,1239,926,0,3
1015,1217,1014,1,2
1025,1171,1026,2,1
1030,1239,996,0,3
1036,1215,1002,0,3
1041,1240,1042,2,1
1056,1239,1055,1,2
1057,1239,1056,1,2
1058,1239,1057,1,2
1072,1239,1073,2,1
1090,1171,1091,2,1
1090,1239,1089,1,2
1106,1239,1107,2,1
1115,1203,1114,1,2
1156,1157,615,0,4
1156,1160,615,0,4
1156,1162,615,0,4
1156,1164,615,0,4
1156,1166,615,0,4
1156,1167,615,0,4
1156,1169,615,0,4
1156,1171,615,0,4
1156,1178,615,0,4
1156,1179,615,0,4
1156,1184,615,0,4
1156,1186,615,0,4
1156,1190,615,0,4
1156,1192,615,0,4
1156,1194,615,0,4
1156,1195,615,0,4
1156,1197,615,0,4
1156,1200,615,0,4
1156,1205,615,0,4
1156,1208,615,0,4
1156,1209,615,0,4
1156,1214,615,0,4
1156,1217,615,0,4
1156,1222,615,0,4
1156,1224,615,0,4
1156,1227,615,0,4
1156,1228,615,0,4
1156,1236,615,0,4
1156,1237,615,0,4
1156,1238,615,0,4
1156,1241,615,0,4
1156,1247,615,0,4
1156,1249,615,0,4
1156,1252,615,0,4
1157,1234,444,0,4
1159,1171,234,0,4
1160,1234,46,0,4
1162,1156,581,0,4
1166,1156,545,0,4
1166,1234,113,0,4
1167,1234,12,0,4
1169,1234,80,0,4
1171,1159,180,0,4
1171,1170,180,0,4
1171,1177,180,0,4
1171,1180,180,0,4
1171,1183,180,0,4
1171,1195,180,0,4
1171,1210,180,0,4
1171,1215,180,0,4
1171,1225,180,0,4
1171,1229,180,0,4
1171,1235,180,0,4
1171,1244,180,0,4
1171,1246,180,0,4
1171,1250,180,0,4
1171,1254,180,0,4
1173,1178,713,0,4
1173,1214,182,0,4
1173,1222,713,0,4
1175,1203,613,0,4
1175,1217,182,0,4
1175,1251,646,0,4
1179,1156,615,0,4
1181,1217,182,0,4
1182,1228,711,0,4
1183,1159,173,0,4
1183,1168,173,0,4
1183,1172,173,0,4
1183,1174,173,0,4
1183,1206,173,0,4
1183,1210,173,0,4
1183,1215,173,0,4
1183,1231,173,0,4
1183,1246,173,0,4
1183,1254,173,0,4
1184,1239,544,0,4
1190,1234,969,0,4
1191,1238,114,0,4
1192,1239,544,0,4
1195,1156,410,0,4
1195,1171,78,0,4
1196,1170,181,0,4
1198,1217,182,0,4
1200,1234,45,0,4
1201,1217,182,0,4
1203,1175,613,0,4
1203,1217,182,0,4
1203,1232,613,0,4
1208,1234,1100,0,4
1209,1156,615,0,4
1209,1241,581,0,4
1210,1183,173,0,4
1211,1208,579,0,4
1211,1222,579,0,4
1211,1227,579,0,4
1211,1247,579,0,4
1214,1173,80,0,4
1214,1234,46,0,4
1215,1171,234,0,4
1217,1156,510,0,4
1217,1158,510,0,4
1217,1175,80,0,4
1217,1181,80,0,4
1217,1186,510,0,4
1217,1187,510,0,4
1217,1196,510,0,4
1217,1198,80,0,4
1217,1199,510,0,4
1217,1201,80,0,4
1217,1203,80,0,4
1217,1207,510,0,4
1217,1211,510,0,4
1217,1221,510,0,4
1217,1223,510,0,4
1217,1234,46,0,4
1217,1237,510,0,4
1217,1238,80,0,4
1217,1241,510,0,4
1217,1242,80,0,4
1217,1243,510,0,4
1217,1249,510,0,4
1217,1251,80,0,4
1217,1255,80,0,4
1224,1156,615,0,4
1228,1182,507,0,4
1231,1250,898,0,4
1232,1203,624,0,4
1234,1157,342,0,4
1234,1160,1100,0,4
1234,1166,1132,0,4
1234,1167,1100,0,4
1234,1169,1132,0,4
1234,1178,341,0,4
1234,1190,1065,0,4
1234,1200,1132,0,4
1234,1208,1100,0,4
1234,1214,1100,0,4
1234,1217,1100,0,4
1234,1222,341,0,4
1234,1235,308,0,4
1234,1242,1132,0,4
1234,1251,1132,0,4
1235,1234,308,0,4
1237,1156,615,0,4
1238,1191,114,0,4
1238,1217,114,0,4
1239,1157,1089,0,4
1239,1160,1089,0,4
1239,1164,1089,0,4
1239,1165,1089,0,4
1239,1167,1089,0,4
1239,1170,1089,0,4
1239,1177,1089,0,4
1239,1180,1089,0,4
1239,1183,1089,0,4
1239,1184,657,0,4
1239,1192,657,0,4
1239,1193,1089,0,4
1239,1194,1089,0,4
1239,1195,1089,0,4
1239,1200,1089,0,4
1239,1205,1089,0,4
1239,1208,1089,0,4
1239,1210,1089,0,4
1239,1212,1089,0,4
1239,1214,1089,0,4
1239,1217,1089,0,4
1239,1220,1089,0,4
1239,1225,1089,0,4
1239,1226,1089,0,4
1239,1227,1089,0,4
1239,1229,1089,0,4
1239,1230,1089,0,4
1239,1234,1089,0,4
1239,1235,1089,0,4
1239,1236,1089,0,4
1239,1244,1089,0,4
1239,1247,1089,0,4
1239,1250,1089,0,4
1239,1252,692,0,4
1240,1159,155,0,4
1240,1168,155,0,4
1240,1174,155,0,4
1240,1185,155,0,4
1240,1188,155,0,4
1240,1206,155,0,4
1240,1215,155,0,4
1240,1246,155,0,4
1240,1254,155,0,4
1241,1156,615,0,4
1241,1209,581,0,4
1242,1182,680,0,4
1242,1217,182,0,4
1242,1234,215,0,4
1243,1217,547,0,4
1244,1171,1125,0,4
1249,1156,581,0,4
1249,1217,547,0,4
1250,1171,992,0,4
1250,1231,892,0,4
1251,1175,646,0,4
1251,1217,182,0,4
1251,1234,215,0,4
1252,1239,1001,0,4
1255,1217,148,0,4
