5,1253,4,0,1
26,1201,27,1,0
54,1201,55,2,1
88,1201,89,2,1
122,1201,123,2,1
156,1201,157,2,1
170,1201,204,2,0
171,1201,205,3,0
172,1201,206,3,0
190,1201,191,2,1
202,1201,236,3,0
203,1201,237,3,0
206,1201,1201,4,0
224,1201,225,2,1
238,1162,1162,4,0
263,1164,297,3,0
271,1162,238,2,3
299,1182,300,2,1
311,1254,345,3,0
321,1177,322,2,1
324,1207,325,2,1
335,1241,369,3,0
339,1253,338,1,2
343,1254,377,3,0
345,1254,379,3,0
358,1207,359,2,1
375,1254,409,3,0
379,1254,413,3,0
389,1177,390,2,1
396,1222,430,3,0
397,1222,431,3,0
398,1222,432,3,0
399,1222,433,3,0
400,1222,434,3,0
401,1222,435,3,0
402,1222,436,3,0
413,1254,447,3,0
435,1165,401,0,3
447,1254,481,3,0
457,1177,458,2,1
470,1183,436,0,3
481,1254,515,3,0
492,1224,493,2,1
508,1254,542,3,0
515,1254,549,3,0
525,1177,526,2,1
534,1214,568,3,0
546,1159,547,2,1
549,1254,583,3,0
563,1240,562,1,2
580,1159,581,2,1
583,1254,617,3,0
593,1177,594,2,1
607,1254,608,2,1
617,1254,651,3,0
651,1254,685,3,0
654,1198,655,2,1
661,1177,662,2,1
672,1198,671,1,2
685,1254,719,3,0
688,1198,689,2,1
691,1183,725,3,0
706,1198,705,1,2
706,1254,707,2,1
707,1198,706,1,2
708,1198,707,1,2
709,1198,708,1,2
709,1223,675,0,3
714,1183,747,3,2
719,1253,718,1,2
719,1254,753,3,0
720,1253,686,0,3
721,1253,687,0,3
722,1198,723,2,1
722,1253,688,0,3
723,1253,689,0,3
724,1253,690,0,3
725,1253,691,0,3
726,1253,692,0,3
727,1253,693,0,3
728,1253,694,0,3
729,1177,730,2,1
738,1254,739,2,1
753,1253,752,1,2
753,1254,787,3,0
756,1198,757,2,1
787,1253,786,1,2
787,1254,1254,4,0
790,1198,791,2,1
805,1254,806,2,1
816,1254,782,0,2
817,1254,783,0,3
818,1254,784,0,3
819,1254,785,0,3
820,1254,786,0,3
821,1253,820,1,2
824,1198,825,2,1
839,1254,840,2,1
847,1195,881,3,0
849,1254,815,0,3
852,1198,886,3,0
855,1253,854,1,2
862,1166,896,3,0
874,1254,875,2,1
881,1232,847,0,3
889,1253,888,1,2
892,1196,926,3,0
923,1253,922,1,2
930,1181,964,3,0
945,1254,946,2,1
951,1198,985,3,0
951,1201,985,3,0
957,1253,956,1,2
983,1250,949,0,3
985,1162,1019,3,0
991,1253,990,1,2
995,1218,961,0,3
1005,1168,1004,1,2
1017,1198,1051,3,0
1017,1201,1051,3,0
1022,1187,1021,1,2
1025,1253,1024,1,2
1042,1185,1041,1,2
1043,1185,1042,1,2
1050,1254,1051,2,1
1059,1253,1058,1,2
1083,1198,1084,2,1
1083,1201,1084,2,1
1093,1253,1092,1,2
1099,1253,1100,2,1
1117,1201,1118,2,1
1127,1253,1126,1,2
1149,1244,27,3,3
1155,1254,1121,0,3
1156,1163,707,0,4
1156,1198,707,0,4
1156,1254,708,0,4
1158,1198,240,0,4
1159,1253,689,0,4
1163,1156,707,0,4
1164,1246,399,0,4
1164,1254,399,0,4
1165,1227,1117,0,4
1172,1253,363,0,4
1181,1197,638,0,4
1181,1238,671,0,4
1188,1254,719,0,4
1189,1254,708,0,4
1195,1201,69,0,4
1196,1202,671,0,4
1197,1181,638,0,4
1197,1219,638,0,4
1198,1156,705,0,4
1198,1158,240,0,4
1198,1161,671,0,4
1198,1165,671,0,4
1198,1176,671,0,4
1198,1179,671,0,4
1198,1185,671,0,4
1198,1187,671,0,4
1198,1188,671,0,4
1198,1193,671,0,4
1198,1199,240,0,4
1198,1209,240,0,4
1198,1212,671,0,4
1198,1213,671,0,4
1198,1216,671,0,4
1198,1218,671,0,4
1198,1220,671,0,4
1198,1221,240,0,4
1198,1223,240,0,4
1198,1224,671,0,4
1198,1226,671,0,4
1198,1230,671,0,4
1198,1232,671,0,4
1198,1237,671,0,4
1198,1239,671,0,4
1198,1241,671,0,4
1198,1244,671,0,4
1198,1248,671,0,4
1198,1249,671,0,4
1198,1250,671,0,4
1198,1253,671,0,4
1199,1198,240,0,4
1200,1201,104,0,4
1201,1170,206,0,4
1201,1177,206,0,4
1201,1180,206,0,4
1201,1183,206,0,4
1201,1195,206,0,4
1201,1200,206,0,4
1201,1205,206,0,4
1201,1210,206,0,4
1201,1211,206,0,4
1201,1217,206,0,4
1201,1225,206,0,4
1201,1235,206,0,4
1201,1243,206,0,4
1201,1254,206,0,4
1202,1196,670,0,4
1209,1198,273,0,4
1211,1201,206,0,4
1212,1254,782,0,4
1217,1201,104,0,4
1219,1197,669,0,4
1220,1230,1149,0,4
1221,1198,274,0,4
1222,1164,430,0,4
1222,1170,430,0,4
1222,1172,430,0,4
1222,1234,430,0,4
1222,1235,430,0,4
1222,1254,958,0,4
1223,1198,240,0,4
1223,1224,639,0,4
1224,1223,640,0,4
1225,1244,198,0,4
1227,1165,1091,0,4
1230,1220,1149,0,4
1234,1235,367,0,4
1235,1234,367,0,4
1237,1243,639,0,4
1238,1181,637,0,4
1243,1237,639,0,4
1244,1218,27,0,4
1244,1225,28,0,4
1244,1232,27,0,4
1244,1239,27,0,4
1252,1253,465,0,4
1253,1159,686,0,4
1253,1172,125,0,4
1253,1174,686,0,4
1253,1178,686,0,4
1253,1190,686,0,4
1253,1215,686,0,4
1253,1222,686,0,4
1253,1228,686,0,4
1253,1246,686,0,4
1253,1252,125,0,4
1254,1156,787,0,4
1254,1161,787,0,4
1254,1165,787,0,4
1254,1176,787,0,4
1254,1188,787,0,4
1254,1189,787,0,4
1254,1193,787,0,4
1254,1212,787,0,4
1254,1213,787,0,4
1254,1216,787,0,4
1254,1218,787,0,4
1254,1220,787,0,4
1254,1222,822,0,4
1254,1226,787,0,4
1254,1230,787,0,4
1254,1232,787,0,4
1254,1239,787,0,4
1254,1244,787,0,4
1254,1248,787,0,4
1254,1250,787,0,4
