0,1229,34,1,0
1,1229,0,0,0
2,1229,1,0,1
3,1229,2,0,1
4,1229,3,0,1
5,1187,4,0,1
5,1229,4,0,1
6,1229,5,0,1
7,1229,6,0,1
8,1229,7,0,1
9,1229,8,0,1
10,1229,9,0,1
11,1229,10,0,1
11,1253,12,1,0
12,1229,11,0,1
13,1229,12,0,1
14,1159,1136,3,3
14,1229,13,0,1
15,1229,14,0,1
16,1229,15,0,1
17,1229,18,1,0
18,1229,19,1,0
19,1229,20,1,0
19,1250,20,1,0
20,1229,21,1,0
21,1229,22,1,0
22,1171,23,1,0
22,1229,23,1,0
23,1229,24,1,0
24,1229,25,1,0
25,1229,26,1,0
26,1229,27,1,0
27,1229,28,1,0
28,1229,29,1,0
29,1229,30,1,0
30,1229,31,1,0
31,1229,32,1,0
32,1189,33,1,0
32,1229,33,1,0
33,1229,0,1,2
34,1229,68,2,0
35,1229,34,1,1
36,1229,35,1,2
37,1229,36,1,2
38,1229,37,1,2
39,1229,38,1,2
40,1229,39,1,2
41,1229,40,1,2
42,1229,41,1,2
43,1229,42,1,2
44,1229,43,1,2
45,1229,44,1,2
46,1229,45,1,2
47,1229,46,1,2
48,1229,47,1,2
49,1229,48,1,2
50,1229,49,1,2
51,1229,50,1,2
52,1229,53,2,1
53,1229,54,2,1
54,1229,55,2,1
55,1229,56,2,1
56,1171,57,2,1
56,1229,57,2,1
57,1229,58,2,1
58,1229,59,2,1
59,1229,60,2,1
60,1229,61,2,1
61,1229,62,2,1
62,1229,63,2,1
63,1229,64,2,1
64,1229,65,2,1
65,1229,66,2,1
66,1229,67,2,1
67,1229,34,2,3
68,1229,102,2,0
69,1229,68,1,1
70,1229,69,1,2
71,1229,70,1,2
72,1229,71,1,2
73,1229,72,1,2
74,1229,73,1,2
75,1214,74,1,2
75,1229,74,1,2
76,1229,75,1,2
77,1229,76,1,2
78,1229,77,1,2
79,1229,78,1,2
80,1229,79,1,2
81,1229,80,1,2
82,1229,81,1,2
83,1229,82,1,2
84,1229,83,1,2
85,1229,86,2,1
86,1229,87,2,1
87,1229,88,2,1
88,1229,89,2,1
89,1229,90,2,1
90,1171,91,2,1
90,1229,91,2,1
91,1229,92,2,1
92,1229,93,2,1
93,1229,94,2,1
94,1229,95,2,1
95,1229,96,2,1
96,1229,97,2,1
97,1229,98,2,1
98,1229,99,2,1
99,1229,100,2,1
100,1229,101,2,1
101,1229,68,2,3
102,1229,136,2,0
102,1238,103,1,1
103,1229,102,1,1
103,1238,104,2,1
104,1229,103,1,2
104,1238,105,2,1
105,1229,104,1,2
105,1238,106,2,1
106,1229,105,1,2
106,1238,107,2,1
107,1229,106,1,2
107,1238,1238,4,0
108,1229,107,1,2
109,1229,108,1,2
110,1229,109,1,2
111,1229,110,1,2
112,1229,111,1,2
113,1229,112,1,2
114,1229,113,1,2
115,1229,114,1,2
116,1229,115,1,2
117,1229,116,1,2
118,1229,117,1,2
119,1229,118,1,2
120,1229,121,2,1
121,1229,122,2,1
122,1229,123,2,1
123,1229,124,2,1
124,1171,125,2,1
124,1229,125,2,1
125,1229,126,2,1
126,1229,127,2,1
127,1229,128,2,1
128,1229,129,2,1
129,1229,130,2,1
130,1229,131,2,1
131,1229,132,2,1
132,1229,133,2,1
133,1229,134,2,1
134,1229,135,2,1
135,1229,102,2,3
136,1229,1229,4,0
137,1229,136,1,1
138,1229,137,1,2
139,1229,138,1,2
140,1229,139,1,2
141,1229,140,1,2
142,1229,141,1,2
143,1229,142,1,2
144,1229,143,1,2
145,1229,144,1,2
146,1229,145,1,2
147,1229,146,1,2
148,1229,147,1,2
149,1229,148,1,2
150,1229,149,1,2
150,1235,116,0,3
151,1229,150,1,2
152,1229,151,1,2
153,1229,154,2,1
154,1229,155,2,1
155,1229,156,2,1
156,1229,157,2,1
157,1229,158,2,1
158,1171,159,2,1
158,1229,159,2,1
159,1229,160,2,1
160,1229,161,2,1
161,1229,162,2,1
162,1229,163,2,1
163,1229,164,2,1
164,1229,165,2,1
165,1229,166,2,1
166,1229,167,2,1
167,1229,168,2,1
168,1229,169,2,1
169,1229,136,2,3
170,1171,204,2,0
170,1229,136,0,2
171,1171,205,3,0
171,1229,170,1,1
172,1171,206,3,0
172,1229,171,1,2
173,1171,207,3,0
173,1229,172,1,2
174,1171,208,3,0
174,1229,173,1,2
175,1229,174,1,2
176,1229,175,1,2
177,1229,176,1,2
178,1229,177,1,2
179,1229,178,1,2
180,1229,179,1,2
181,1229,180,1,2
182,1229,181,1,2
183,1229,182,1,2
184,1229,183,1,2
185,1229,184,1,2
186,1229,185,1,2
187,1229,186,1,2
188,1229,189,2,1
189,1229,190,2,1
190,1229,191,2,1
191,1229,192,2,1
192,1171,193,2,1
192,1229,193,2,1
193,1229,194,2,1
194,1229,195,2,1
195,1229,196,2,1
196,1229,197,2,1
197,1229,198,2,1
198,1229,199,2,1
199,1229,200,2,1
200,1229,201,2,1
201,1229,202,2,1
202,1229,203,2,1
203,1229,170,2,3
204,1229,170,0,2
205,1229,204,1,1
206,1229,205,1,2
207,1229,206,1,2
208,1171,1171,4,0
208,1229,207,1,2
209,1229,208,1,2
210,1229,209,1,2
211,1229,210,1,2
212,1229,211,1,2
213,1229,212,1,2
214,1229,213,1,2
215,1229,214,1,2
216,1229,215,1,2
217,1229,216,1,2
218,1229,217,1,2
219,1229,218,1,2
220,1229,219,1,2
221,1229,222,2,1
222,1229,223,2,1
223,1229,224,2,1
224,1229,225,2,1
225,1229,226,2,1
226,1171,227,2,1
226,1229,227,2,1
227,1229,228,2,1
228,1229,229,2,1
229,1229,230,2,1
230,1229,231,2,1
231,1229,232,2,1
232,1229,233,2,1
233,1229,234,2,1
234,1229,235,2,1
235,1229,236,2,1
236,1229,237,2,1
237,1229,204,2,3
238,1229,204,0,2
239,1229,238,1,1
240,1229,239,1,2
241,1229,240,1,2
242,1229,241,1,2
243,1229,242,1,2
244,1229,243,1,2
245,1229,244,1,2
246,1229,245,1,2
247,1229,246,1,2
248,1229,247,1,2
249,1229,248,1,2
250,1229,249,1,2
251,1229,250,1,2
252,1229,251,1,2
253,1229,252,1,2
254,1229,253,1,2
255,1229,254,1,2
256,1229,257,2,1
257,1229,258,2,1
258,1229,259,2,1
259,1229,260,2,1
260,1229,261,2,1
261,1229,262,2,1
262,1229,263,2,1
263,1229,264,2,1
264,1229,265,2,1
265,1229,266,2,1
266,1229,267,2,1
267,1229,268,2,1
268,1229,269,2,1
269,1229,270,2,1
270,1229,271,2,1
271,1229,238,2,3
272,1229,238,0,2
273,1229,272,1,1
274,1229,273,1,2
275,1229,274,1,2
276,1229,275,1,2
277,1223,243,0,3
277,1229,276,1,2
278,1229,277,1,2
279,1229,278,1,2
280,1229,279,1,2
281,1229,280,1,2
282,1229,281,1,2
283,1229,282,1,2
284,1229,283,1,2
285,1223,251,0,3
285,1229,284,1,2
286,1223,252,0,3
286,1229,285,1,2
287,1223,253,0,3
287,1229,286,1,2
288,1229,287,1,2
289,1229,290,2,1
290,1229,291,2,1
291,1229,292,2,1
292,1229,293,2,1
293,1229,294,2,1
294,1229,295,2,1
295,1229,296,2,1
296,1229,297,2,1
297,1229,298,2,1
298,1229,299,2,1
299,1229,300,2,1
300,1229,301,2,1
301,1229,302,2,1
302,1229,303,2,1
302,1242,303,2,1
303,1171,304,2,1
303,1229,304,2,1
304,1229,305,2,1
305,1229,272,2,3
306,1229,272,0,2
307,1229,306,1,1
308,1229,307,1,2
309,1229,308,1,2
310,1220,309,1,2
310,1229,309,1,2
311,1229,310,1,2
312,1229,311,1,2
313,1229,312,1,2
314,1229,313,1,2
315,1229,314,1,2
316,1229,315,1,2
317,1229,316,1,2
318,1174,352,3,0
318,1229,317,1,2
319,1229,318,1,2
320,1229,319,1,2
321,1229,320,1,2
322,1229,321,1,2
323,1174,289,0,3
323,1229,322,1,2
324,1174,290,0,3
324,1229,325,2,1
325,1174,291,0,3
325,1229,326,2,1
326,1174,292,0,3
326,1229,327,2,1
327,1174,293,0,3
327,1229,328,2,1
327,1249,361,3,0
328,1174,294,0,3
328,1229,329,2,1
329,1229,330,2,1
329,1242,363,3,0
330,1229,331,2,1
331,1229,332,2,1
332,1229,333,2,1
333,1229,334,2,1
334,1229,335,2,1
334,1242,368,3,0
335,1229,336,2,1
335,1242,369,3,0
336,1229,337,2,1
336,1249,370,3,0
337,1229,338,2,1
337,1242,338,2,1
338,1229,339,2,1
338,1249,339,2,1
339,1229,306,2,3
340,1229,306,0,2
341,1229,340,1,1
342,1229,341,1,2
343,1229,342,1,2
344,1229,343,1,2
345,1229,344,1,2
346,1229,345,1,2
347,1229,346,1,2
348,1229,347,1,2
349,1229,348,1,2
350,1229,349,1,2
351,1229,350,1,2
352,1229,351,1,2
353,1174,387,3,0
353,1229,352,1,2
354,1229,353,1,2
355,1229,354,1,2
356,1229,355,1,2
357,1229,358,2,1
358,1229,359,2,1
359,1229,360,2,1
360,1229,361,2,1
361,1229,362,2,1
362,1229,363,2,1
363,1229,364,2,1
364,1229,365,2,1
365,1229,366,2,1
366,1229,367,2,1
367,1229,368,2,1
368,1229,369,2,1
369,1229,370,2,1
369,1242,403,3,0
370,1229,371,2,1
371,1229,372,2,1
371,1242,372,2,1
371,1249,405,3,0
372,1229,373,2,1
372,1242,373,2,1
372,1249,373,2,1
373,1171,340,2,3
373,1229,340,2,3
374,1171,340,0,2
374,1229,340,0,2
375,1229,374,1,1
376,1229,375,1,2
377,1229,376,1,2
378,1229,377,1,2
379,1229,378,1,2
380,1229,379,1,2
381,1229,380,1,2
382,1229,381,1,2
383,1229,382,1,2
384,1229,383,1,2
385,1229,384,1,2
386,1229,385,1,2
387,1229,386,1,2
388,1229,387,1,2
389,1174,423,3,0
389,1229,388,1,2
390,1229,389,1,2
391,1229,390,1,2
392,1229,393,2,1
393,1229,394,2,1
394,1229,395,2,1
395,1229,396,2,1
396,1229,397,2,1
397,1229,398,2,1
398,1229,399,2,1
399,1229,400,2,1
400,1229,401,2,1
401,1229,402,2,1
402,1229,403,2,1
403,1229,404,2,1
403,1242,437,3,0
404,1156,438,3,0
404,1229,405,2,1
405,1229,406,2,1
405,1249,439,3,0
406,1209,440,3,0
406,1229,407,2,1
407,1229,374,2,3
407,1242,374,2,3
407,1249,374,2,3
408,1229,374,0,2
409,1229,408,1,1
410,1229,409,1,2
411,1229,410,1,2
412,1229,411,1,2
413,1229,412,1,2
414,1229,413,1,2
415,1229,414,1,2
416,1229,415,1,2
417,1229,416,1,2
418,1229,417,1,2
419,1229,418,1,2
420,1229,419,1,2
421,1229,420,1,2
422,1229,421,1,2
423,1174,457,3,0
423,1229,422,1,2
424,1229,423,1,2
425,1229,426,2,1
426,1229,427,2,1
427,1229,428,2,1
428,1229,429,2,1
429,1229,430,2,1
430,1229,431,2,1
431,1174,397,0,3
431,1217,432,2,1
431,1229,432,2,1
432,1229,433,2,1
433,1229,434,2,1
434,1229,435,2,1
435,1229,436,2,1
436,1229,437,2,1
437,1229,438,2,1
437,1242,471,3,0
438,1229,439,2,1
439,1229,440,2,1
439,1249,473,3,0
440,1189,441,2,1
440,1229,441,2,1
441,1229,408,2,3
441,1242,408,2,3
441,1249,408,2,3
442,1229,408,0,2
443,1229,442,1,1
443,1242,409,0,3
443,1249,409,0,3
444,1229,443,1,2
445,1229,444,1,2
446,1229,445,1,2
447,1229,446,1,2
448,1229,447,1,2
449,1229,448,1,2
450,1229,449,1,2
451,1229,450,1,2
452,1229,451,1,2
453,1229,452,1,2
454,1229,453,1,2
455,1229,454,1,2
456,1229,455,1,2
457,1229,456,1,2
458,1229,457,1,2
459,1229,458,1,2
460,1229,461,2,1
461,1229,462,2,1
462,1167,463,2,1
462,1229,463,2,1
463,1229,464,2,1
464,1229,465,2,1
465,1174,431,0,3
465,1229,466,2,1
466,1229,467,2,1
467,1229,468,2,1
468,1229,469,2,1
469,1229,470,2,1
470,1229,471,2,1
471,1229,472,2,1
471,1242,505,3,0
472,1229,473,2,1
473,1229,474,2,1
473,1249,507,3,0
474,1229,475,2,1
475,1229,442,2,3
476,1229,442,0,2
477,1229,476,1,1
477,1242,443,0,3
477,1249,443,0,3
478,1171,444,0,3
478,1229,477,1,2
479,1229,478,1,2
480,1229,479,1,2
481,1223,480,1,2
481,1229,480,1,2
482,1229,481,1,2
483,1229,482,1,2
484,1229,483,1,2
485,1229,484,1,2
486,1229,485,1,2
487,1229,486,1,2
488,1229,487,1,2
489,1229,488,1,2
490,1229,489,1,2
491,1229,490,1,2
492,1229,491,1,2
493,1174,527,3,0
493,1229,494,2,1
494,1229,495,2,1
495,1229,496,2,1
496,1229,497,2,1
497,1229,498,2,1
498,1229,499,2,1
499,1174,465,0,3
499,1229,500,2,1
500,1229,501,2,1
501,1229,502,2,1
502,1229,503,2,1
503,1229,504,2,1
504,1229,505,2,1
505,1229,506,2,1
505,1242,539,3,0
506,1229,507,2,1
507,1229,508,2,1
507,1249,541,3,0
508,1229,509,2,1
509,1229,476,2,3
510,1229,476,0,2
511,1229,510,1,1
512,1229,511,1,2
512,1242,478,0,3
512,1249,478,0,3
513,1229,512,1,2
514,1229,513,1,2
515,1223,514,1,2
515,1229,514,1,2
516,1229,515,1,2
517,1229,516,1,2
518,1229,517,1,2
519,1229,518,1,2
520,1229,519,1,2
521,1229,520,1,2
522,1229,521,1,2
523,1229,522,1,2
524,1229,523,1,2
525,1229,524,1,2
526,1229,525,1,2
527,1229,526,1,2
528,1174,527,1,2
528,1229,529,2,1
529,1209,530,2,1
529,1229,530,2,1
530,1229,531,2,1
531,1229,532,2,1
532,1229,533,2,1
533,1174,499,0,3
533,1229,534,2,1
534,1229,535,2,1
535,1229,536,2,1
536,1229,537,2,1
537,1229,538,2,1
538,1229,539,2,1
539,1229,540,2,1
539,1242,573,3,0
540,1229,541,2,1
541,1229,542,2,1
541,1249,575,3,0
542,1209,1209,4,0
542,1229,543,2,1
543,1229,510,2,3
544,1229,510,0,2
544,1249,578,2,0
545,1189,511,0,3
545,1229,544,1,1
546,1229,545,1,2
546,1242,512,0,3
546,1249,512,0,3
547,1229,546,1,2
547,1242,513,0,3
547,1249,513,0,3
548,1171,514,0,3
548,1229,547,1,2
549,1223,548,1,2
549,1229,548,1,2
550,1229,549,1,2
551,1229,550,1,2
552,1229,551,1,2
553,1229,552,1,2
554,1229,553,1,2
555,1229,554,1,2
556,1229,555,1,2
557,1229,556,1,2
558,1229,557,1,2
558,1249,524,0,3
559,1223,560,2,1
559,1229,558,1,2
560,1229,559,1,2
561,1229,562,2,1
562,1174,561,1,2
562,1229,563,2,1
563,1229,564,2,1
564,1229,565,2,1
565,1229,566,2,1
566,1229,567,2,1
567,1174,533,0,3
567,1229,568,2,1
568,1229,569,2,1
569,1229,570,2,1
570,1229,571,2,1
571,1229,572,2,1
572,1229,573,2,1
573,1229,574,2,1
573,1242,607,3,0
574,1229,575,2,1
575,1229,576,2,1
575,1249,609,3,0
576,1200,542,0,3
576,1229,577,2,1
576,1249,610,3,0
577,1229,544,2,3
577,1249,611,3,0
578,1229,544,0,2
579,1229,578,1,1
580,1229,579,1,2
581,1229,580,1,2
582,1229,581,1,2
582,1242,548,0,3
583,1229,582,1,2
583,1242,549,0,3
584,1229,583,1,2
585,1229,584,1,2
586,1229,585,1,2
587,1229,586,1,2
588,1229,587,1,2
589,1229,588,1,2
590,1229,589,1,2
591,1229,590,1,2
592,1229,591,1,2
593,1229,592,1,2
594,1229,593,1,2
595,1229,594,1,2
596,1229,597,2,1
597,1229,598,2,1
598,1174,597,1,2
598,1229,599,2,1
599,1229,600,2,1
600,1229,601,2,1
601,1174,567,0,3
601,1229,602,2,1
602,1229,603,2,1
603,1229,604,2,1
604,1229,605,2,1
605,1229,606,2,1
606,1229,607,2,1
607,1229,608,2,1
607,1242,641,3,0
608,1229,609,2,1
609,1229,610,2,1
610,1177,576,0,3
610,1229,611,2,1
611,1229,578,2,3
612,1229,578,0,2
612,1242,646,2,0
613,1229,612,1,1
614,1229,613,1,2
615,1189,581,0,3
615,1229,614,1,2
616,1229,615,1,2
617,1229,616,1,2
617,1242,583,0,3
618,1229,617,1,2
619,1229,618,1,2
620,1229,619,1,2
621,1229,620,1,2
622,1229,621,1,2
623,1229,622,1,2
624,1229,623,1,2
624,1242,625,2,1
625,1229,624,1,2
626,1229,625,1,2
627,1229,626,1,2
628,1229,627,1,2
629,1229,630,2,1
630,1223,631,2,1
630,1229,631,2,1
631,1229,632,2,1
632,1174,631,1,2
632,1229,633,2,1
633,1229,634,2,1
634,1229,635,2,1
635,1174,601,0,3
635,1229,636,2,1
636,1229,637,2,1
637,1229,638,2,1
638,1229,639,2,1
639,1229,640,2,1
640,1229,641,2,1
641,1229,642,2,1
641,1242,675,3,0
642,1229,643,2,1
642,1242,676,3,0
643,1229,644,2,1
643,1242,677,3,0
644,1229,645,2,1
644,1242,678,3,0
645,1229,612,2,3
645,1242,679,3,0
646,1189,680,2,0
646,1229,612,0,2
647,1229,646,1,1
648,1229,647,1,2
649,1229,648,1,2
650,1229,649,1,2
651,1229,650,1,2
652,1229,651,1,2
653,1229,652,1,2
654,1229,653,1,2
655,1229,654,1,2
656,1229,655,1,2
657,1229,656,1,2
658,1229,657,1,2
659,1189,660,2,1
659,1229,658,1,2
660,1229,659,1,2
661,1229,660,1,2
662,1229,661,1,2
663,1229,662,1,2
664,1229,665,2,1
665,1229,666,2,1
666,1229,667,2,1
667,1229,668,2,1
668,1174,667,1,2
668,1229,669,2,1
669,1229,670,2,1
670,1229,671,2,1
671,1229,672,2,1
672,1229,673,2,1
673,1229,674,2,1
674,1229,675,2,1
675,1229,676,2,1
676,1229,677,2,1
677,1189,676,1,2
677,1229,678,2,1
678,1229,679,2,1
679,1229,646,2,3
680,1189,713,3,2
680,1229,646,0,2
681,1229,680,1,1
682,1229,681,1,2
683,1229,682,1,2
684,1229,683,1,2
685,1229,684,1,2
686,1229,685,1,2
687,1229,686,1,2
688,1229,687,1,2
689,1229,688,1,2
690,1229,689,1,2
691,1229,690,1,2
692,1229,691,1,2
693,1189,694,2,1
693,1229,692,1,2
694,1229,693,1,2
695,1229,694,1,2
696,1229,695,1,2
697,1229,698,2,1
698,1229,699,2,1
699,1229,700,2,1
700,1229,701,2,1
701,1229,702,2,1
702,1229,703,2,1
703,1229,704,2,1
704,1229,705,2,1
705,1229,706,2,1
706,1229,707,2,1
707,1229,708,2,1
708,1229,709,2,1
709,1229,710,2,1
710,1229,711,2,1
711,1189,710,1,2
711,1229,712,2,1
712,1189,711,1,2
712,1229,713,2,1
713,1189,712,1,2
713,1229,680,2,3
714,1229,748,2,0
715,1229,714,1,1
716,1229,715,1,2
717,1229,716,1,2
718,1229,717,1,2
719,1229,718,1,2
720,1229,719,1,2
721,1229,720,1,2
722,1229,721,1,2
723,1229,722,1,2
724,1229,723,1,2
725,1229,724,1,2
726,1174,725,1,2
726,1229,725,1,2
727,1229,726,1,2
728,1229,727,1,2
729,1229,728,1,2
730,1229,729,1,2
731,1229,730,1,2
732,1229,733,2,1
733,1229,734,2,1
734,1229,735,2,1
735,1229,736,2,1
736,1229,737,2,1
737,1229,738,2,1
738,1229,739,2,1
739,1229,740,2,1
740,1229,741,2,1
741,1229,742,2,1
742,1229,743,2,1
743,1229,744,2,1
744,1229,745,2,1
745,1229,746,2,1
746,1229,747,2,1
747,1229,714,2,3
748,1227,782,2,0
748,1229,782,2,0
749,1229,748,1,1
750,1229,749,1,2
751,1229,750,1,2
752,1229,751,1,2
753,1229,752,1,2
754,1229,753,1,2
755,1229,754,1,2
756,1229,755,1,2
757,1229,756,1,2
758,1229,757,1,2
759,1229,758,1,2
760,1174,759,1,2
760,1229,759,1,2
761,1174,760,1,2
761,1229,760,1,2
762,1174,761,1,2
762,1229,761,1,2
763,1174,762,1,2
763,1229,762,1,2
764,1229,763,1,2
765,1229,766,2,1
766,1229,767,2,1
767,1229,768,2,1
768,1229,769,2,1
769,1229,770,2,1
770,1229,771,2,1
771,1229,772,2,1
772,1229,773,2,1
773,1229,774,2,1
774,1229,775,2,1
775,1229,776,2,1
776,1229,777,2,1
777,1229,778,2,1
778,1229,779,2,1
779,1229,780,2,1
780,1229,781,2,1
781,1229,748,2,3
782,1229,816,2,0
783,1229,782,1,1
784,1229,783,1,2
785,1229,784,1,2
786,1229,785,1,2
787,1229,786,1,2
788,1182,822,3,0
788,1194,787,1,2
788,1229,787,1,2
789,1229,788,1,2
790,1229,789,1,2
791,1229,790,1,2
792,1229,791,1,2
793,1229,792,1,2
794,1229,793,1,2
795,1229,794,1,2
796,1229,795,1,2
797,1229,796,1,2
798,1229,797,1,2
799,1229,798,1,2
800,1229,801,2,1
801,1229,802,2,1
802,1229,803,2,1
803,1229,804,2,1
804,1229,805,2,1
805,1229,806,2,1
806,1229,807,2,1
807,1229,808,2,1
808,1229,809,2,1
809,1229,810,2,1
810,1229,811,2,1
811,1229,812,2,1
812,1229,813,2,1
813,1229,814,2,1
814,1229,815,2,1
815,1229,782,2,3
816,1229,850,2,0
817,1229,816,1,1
818,1229,817,1,2
819,1229,818,1,2
820,1229,819,1,2
820,1238,854,3,0
821,1229,820,1,2
822,1229,821,1,2
823,1229,822,1,2
824,1229,823,1,2
825,1229,824,1,2
826,1229,825,1,2
827,1229,826,1,2
828,1229,827,1,2
829,1229,828,1,2
830,1229,829,1,2
831,1229,830,1,2
832,1229,831,1,2
833,1229,834,2,1
834,1229,835,2,1
835,1229,836,2,1
836,1229,837,2,1
837,1229,838,2,1
838,1229,839,2,1
839,1229,840,2,1
840,1229,841,2,1
841,1229,842,2,1
842,1229,843,2,1
843,1229,844,2,1
844,1229,845,2,1
845,1229,846,2,1
846,1229,847,2,1
847,1229,848,2,1
848,1229,849,2,1
849,1229,816,2,3
850,1229,884,2,0
850,1232,816,0,2
851,1229,850,1,1
852,1229,851,1,2
853,1229,852,1,2
854,1229,853,1,2
855,1229,854,1,2
856,1229,855,1,2
857,1229,856,1,2
858,1229,857,1,2
859,1229,858,1,2
860,1229,859,1,2
861,1229,860,1,2
862,1229,861,1,2
863,1229,862,1,2
864,1229,863,1,2
865,1229,864,1,2
866,1229,865,1,2
867,1229,866,1,2
868,1229,869,2,1
869,1229,870,2,1
870,1229,871,2,1
871,1229,872,2,1
872,1229,873,2,1
873,1229,874,2,1
874,1229,875,2,1
875,1229,876,2,1
876,1229,877,2,1
877,1161,911,3,0
877,1229,878,2,1
878,1229,879,2,1
879,1229,880,2,1
880,1229,881,2,1
881,1229,882,2,1
882,1229,883,2,1
883,1229,850,2,3
884,1229,918,2,0
885,1229,884,1,1
886,1229,885,1,2
887,1229,886,1,2
888,1229,887,1,2
889,1229,888,1,2
890,1229,889,1,2
891,1229,890,1,2
892,1229,891,1,2
893,1229,892,1,2
894,1229,893,1,2
895,1229,894,1,2
896,1229,895,1,2
897,1226,863,0,3
897,1229,896,1,2
898,1229,897,1,2
899,1229,898,1,2
900,1229,899,1,2
901,1229,902,2,1
902,1229,903,2,1
903,1229,904,2,1
904,1229,905,2,1
905,1229,906,2,1
906,1229,907,2,1
907,1229,908,2,1
908,1229,909,2,1
909,1229,910,2,1
910,1229,911,2,1
911,1229,912,2,1
912,1229,913,2,1
913,1229,914,2,1
914,1229,915,2,1
915,1229,916,2,1
916,1229,917,2,1
917,1229,884,2,3
918,1229,952,2,0
919,1171,953,3,0
919,1212,918,1,1
919,1229,918,1,1
920,1229,919,1,2
921,1229,920,1,2
922,1229,921,1,2
923,1229,922,1,2
924,1229,923,1,2
925,1229,924,1,2
926,1229,925,1,2
927,1229,926,1,2
928,1229,927,1,2
929,1229,928,1,2
930,1229,929,1,2
931,1229,930,1,2
932,1229,931,1,2
933,1229,932,1,2
934,1229,933,1,2
935,1193,969,3,0
935,1229,934,1,2
936,1229,937,2,1
937,1229,938,2,1
938,1229,939,2,1
939,1229,940,2,1
940,1174,974,3,0
940,1229,941,2,1
941,1229,942,2,1
942,1229,943,2,1
943,1229,944,2,1
944,1229,945,2,1
945,1229,946,2,1
946,1229,947,2,1
947,1229,948,2,1
948,1229,949,2,1
949,1229,950,2,1
950,1229,951,2,1
951,1229,918,2,3
952,1229,986,2,0
953,1171,987,3,0
953,1212,952,1,1
953,1229,952,1,1
954,1158,953,1,2
954,1212,920,0,3
954,1229,953,1,2
955,1229,954,1,2
956,1229,955,1,2
957,1189,991,3,0
957,1218,956,1,2
957,1229,956,1,2
958,1229,957,1,2
959,1229,958,1,2
960,1229,959,1,2
961,1229,960,1,2
962,1229,961,1,2
963,1229,962,1,2
964,1229,963,1,2
965,1229,964,1,2
966,1229,965,1,2
967,1229,966,1,2
968,1229,967,1,2
969,1229,970,2,1
970,1229,971,2,1
971,1229,972,2,1
972,1229,973,2,1
973,1229,974,2,1
974,1229,975,2,1
975,1229,976,2,1
976,1229,977,2,1
977,1229,978,2,1
978,1229,979,2,1
979,1229,980,2,1
980,1229,981,2,1
981,1229,982,2,1
982,1229,983,2,1
983,1229,984,2,1
984,1229,985,2,1
985,1229,952,2,3
986,1229,1020,2,0
987,1212,986,1,1
987,1229,986,1,1
988,1212,954,0,3
988,1229,987,1,2
989,1229,988,1,2
990,1229,989,1,2
991,1229,990,1,2
992,1229,991,1,2
993,1229,992,1,2
994,1229,993,1,2
995,1229,994,1,2
996,1229,995,1,2
997,1229,996,1,2
998,1229,997,1,2
999,1229,998,1,2
1000,1229,999,1,2
1001,1229,1000,1,2
1002,1229,1001,1,2
1003,1229,1002,1,2
1004,1229,1005,2,1
1005,1174,1039,3,0
1005,1229,1006,2,1
1006,1229,1007,2,1
1007,1229,1008,2,1
1008,1229,1009,2,1
1009,1229,1010,2,1
1010,1229,1011,2,1
1011,1229,1012,2,1
1012,1229,1013,2,1
1013,1229,1014,2,1
1014,1229,1015,2,1
1015,1229,1016,2,1
1016,1229,1017,2,1
1017,1229,1018,2,1
1018,1229,1019,2,1
1019,1229,986,2,3
1020,1229,1054,2,0
1021,1212,1020,1,1
1021,1229,1020,1,1
1022,1189,1056,3,0
1022,1212,988,0,3
1022,1229,1021,1,2
1023,1229,1022,1,2
1024,1229,1023,1,2
1025,1229,1024,1,2
1026,1229,1025,1,2
1027,1229,1026,1,2
1028,1229,1027,1,2
1029,1229,1028,1,2
1030,1229,1029,1,2
1031,1229,1030,1,2
1032,1229,1031,1,2
1033,1229,1032,1,2
1034,1229,1033,1,2
1035,1229,1034,1,2
1036,1229,1035,1,2
1037,1229,1038,2,1
1038,1229,1039,2,1
1039,1229,1040,2,1
1040,1229,1041,2,1
1041,1229,1042,2,1
1042,1229,1043,2,1
1043,1229,1044,2,1
1044,1229,1045,2,1
1045,1229,1046,2,1
1046,1229,1047,2,1
1047,1229,1048,2,1
1048,1229,1049,2,1
1049,1211,1015,0,3
1049,1229,1050,2,1
1050,1229,1051,2,1
1051,1229,1052,2,1
1052,1229,1053,2,1
1053,1177,1087,3,0
1053,1229,1020,2,3
1054,1229,1088,2,0
1055,1212,1054,1,1
1055,1229,1054,1,1
1056,1229,1055,1,2
1057,1229,1056,1,2
1058,1229,1057,1,2
1059,1229,1058,1,2
1060,1229,1059,1,2
1061,1229,1060,1,2
1062,1229,1061,1,2
1063,1229,1062,1,2
1064,1229,1063,1,2
1065,1229,1064,1,2
1066,1229,1065,1,2
1067,1229,1066,1,2
1068,1229,1067,1,2
1069,1229,1068,1,2
1070,1229,1069,1,2
1071,1174,1105,3,0
1071,1229,1070,1,2
1072,1229,1073,2,1
1073,1229,1074,2,1
1074,1229,1075,2,1
1075,1229,1076,2,1
1076,1229,1077,2,1
1077,1229,1078,2,1
1078,1229,1079,2,1
1079,1229,1080,2,1
1080,1229,1081,2,1
1081,1229,1082,2,1
1082,1229,1083,2,1
1083,1229,1084,2,1
1083,1238,1084,2,1
1084,1229,1085,2,1
1085,1229,1086,2,1
1086,1229,1087,2,1
1087,1229,1054,2,3
1088,1189,1122,2,0
1088,1229,1122,2,0
1089,1229,1088,1,1
1090,1229,1089,1,2
1091,1229,1090,1,2
1092,1229,1091,1,2
1093,1229,1092,1,2
1094,1229,1093,1,2
1095,1229,1094,1,2
1096,1229,1095,1,2
1097,1229,1096,1,2
1098,1229,1097,1,2
1099,1229,1098,1,2
1100,1229,1099,1,2
1101,1229,1100,1,2
1102,1229,1101,1,2
1103,1229,1102,1,2
1104,1229,1103,1,2
1105,1229,1106,2,1
1106,1229,1107,2,1
1107,1229,1108,2,1
1108,1182,1107,1,2
1108,1229,1109,2,1
1109,1229,1110,2,1
1110,1229,1111,2,1
1111,1229,1112,2,1
1112,1229,1113,2,1
1113,1229,1114,2,1
1114,1229,1115,2,1
1115,1229,1116,2,1
1116,1229,1117,2,1
1117,1229,1118,2,1
1117,1241,1083,0,3
1118,1162,1084,0,3
1118,1229,1119,2,1
1119,1171,1120,2,1
1119,1229,1120,2,1
1120,1229,1121,2,1
1121,1229,1088,2,3
1122,1229,0,2,3
1123,1229,1122,1,1
1124,1229,1123,1,2
1125,1229,1124,1,2
1126,1229,1125,1,2
1127,1229,1126,1,2
1128,1229,1127,1,2
1129,1229,1128,1,2
1130,1229,1129,1,2
1131,1229,1130,1,2
1132,1229,1131,1,2
1133,1229,1132,1,2
1134,1229,1133,1,2
1135,1229,1134,1,2
1136,1229,1135,1,2
1137,1174,1138,2,1
1137,1229,1136,1,2
1138,1229,1137,1,2
1139,1229,1138,1,2
1140,1229,1141,2,1
1141,1229,1142,2,1
1142,1229,1143,2,1
1143,1229,1144,2,1
1144,1171,1145,2,1
1144,1229,1145,2,1
1145,1229,1146,2,1
1146,1229,1147,2,1
1147,1229,1148,2,1
1148,1229,1149,2,1
1149,1229,1150,2,1
1150,1229,1151,2,1
1151,1229,1152,2,1
1152,1229,1153,2,1
1153,1229,1154,2,1
1154,1229,1155,2,1
1155,1229,1122,2,3
1156,1229,310,0,4
1157,1174,506,0,4
1157,1229,106,0,4
1158,1229,242,0,4
1159,1229,261,0,4
1160,1214,40,0,4
1160,1229,74,0,4
1161,1229,1150,0,4
1162,1229,275,0,4
1162,1242,242,0,4
1163,1197,676,0,4
1163,1229,309,0,4
1164,1229,1126,0,4
1164,1238,1127,0,4
1165,1229,1153,0,4
1166,1229,141,0,4
1167,1229,73,0,4
1168,1229,260,0,4
1169,1174,573,0,4
1169,1229,141,0,4
1170,1229,237,0,4
1170,1238,4,0,4
1171,1170,208,0,4
1171,1177,208,0,4
1171,1180,208,0,4
1171,1183,208,0,4
1171,1195,208,0,4
1171,1205,208,0,4
1171,1210,208,0,4
1171,1225,208,0,4
1171,1229,208,0,4
1171,1235,208,0,4
1171,1236,208,0,4
1171,1244,208,0,4
1171,1246,208,0,4
1171,1250,208,0,4
1171,1254,208,0,4
1172,1212,926,0,4
1172,1229,367,0,4
1173,1229,210,0,4
1174,1157,295,0,4
1174,1160,295,0,4
1174,1169,295,0,4
1174,1173,725,0,4
1174,1182,725,0,4
1174,1184,295,0,4
1174,1186,295,0,4
1174,1191,295,0,4
1174,1192,295,0,4
1174,1202,692,0,4
1174,1204,692,0,4
1174,1214,295,0,4
1174,1217,295,0,4
1174,1222,295,0,4
1174,1227,295,0,4
1174,1228,295,0,4
1174,1229,295,0,4
1174,1233,295,0,4
1174,1242,295,0,4
1174,1251,295,0,4
1174,1252,295,0,4
1174,1255,295,0,4
1175,1229,175,0,4
1176,1229,1050,0,4
1177,1171,204,0,4
1177,1176,237,0,4
1177,1229,137,0,4
1177,1248,237,0,4
1178,1229,994,0,4
1179,1229,275,0,4
1179,1242,242,0,4
1180,1229,169,0,4
1181,1229,209,0,4
1182,1229,110,0,4
1183,1229,169,0,4
1183,1238,2,0,4
1184,1229,41,0,4
1185,1229,160,0,4
1186,1229,75,0,4
1187,1229,276,0,4
1188,1229,128,0,4
1189,1159,710,0,4
1189,1161,710,0,4
1189,1165,710,0,4
1189,1168,710,0,4
1189,1174,710,0,4
1189,1176,710,0,4
1189,1185,710,0,4
1189,1188,710,0,4
1189,1193,710,0,4
1189,1212,710,0,4
1189,1213,710,0,4
1189,1215,710,0,4
1189,1216,710,0,4
1189,1218,710,0,4
1189,1220,710,0,4
1189,1226,710,0,4
1189,1229,310,0,4
1189,1230,710,0,4
1189,1232,710,0,4
1189,1239,710,0,4
1189,1244,710,0,4
1189,1246,710,0,4
1189,1248,710,0,4
1189,1250,710,0,4
1189,1253,710,0,4
1189,1254,310,0,4
1190,1229,499,0,4
1191,1229,143,0,4
1192,1229,74,0,4
1193,1229,1119,0,4
1194,1229,106,0,4
1194,1238,107,0,4
1194,1255,539,0,4
1195,1229,71,0,4
1195,1238,72,0,4
1196,1229,209,0,4
1197,1163,608,0,4
1197,1229,174,0,4
1198,1208,641,0,4
1198,1229,209,0,4
1199,1229,242,0,4
1200,1209,538,0,4
1200,1229,73,0,4
1200,1251,572,0,4
1201,1229,209,0,4
1201,1242,674,0,4
1202,1174,706,0,4
1202,1229,143,0,4
1203,1229,175,0,4
1204,1229,109,0,4
1205,1229,37,0,4
1206,1229,226,0,4
1207,1229,242,0,4
1208,1198,470,0,4
1208,1229,5,0,4
1209,1157,542,0,4
1209,1167,542,0,4
1209,1178,542,0,4
1209,1190,542,0,4
1209,1194,542,0,4
1209,1195,542,0,4
1209,1200,542,0,4
1209,1205,542,0,4
1209,1208,542,0,4
1209,1222,542,0,4
1209,1227,542,0,4
1209,1228,542,0,4
1209,1229,308,0,4
1209,1236,542,0,4
1209,1242,676,0,4
1209,1247,542,0,4
1209,1252,542,0,4
1210,1229,168,0,4
1211,1229,208,0,4
1212,1172,886,0,4
1212,1178,886,0,4
1212,1210,1086,0,4
1212,1225,1086,0,4
1212,1227,1086,0,4
1212,1228,886,0,4
1212,1229,1120,0,4
1212,1244,819,0,4
1212,1252,886,0,4
1213,1229,30,0,4
1214,1160,40,0,4
1214,1174,538,0,4
1214,1229,74,0,4
1215,1229,261,0,4
1216,1229,1118,0,4
1217,1174,505,0,4
1217,1229,74,0,4
1218,1178,752,0,4
1218,1229,1151,0,4
1219,1229,110,0,4
1220,1229,1153,0,4
1221,1229,276,0,4
1222,1229,433,0,4
1223,1156,243,0,4
1223,1163,243,0,4
1223,1189,243,0,4
1223,1229,242,0,4
1224,1229,342,0,4
1224,1242,676,0,4
1225,1229,169,0,4
1225,1238,1124,0,4
1226,1229,1152,0,4
1227,1229,1094,0,4
1228,1229,1062,0,4
1229,1156,136,0,4
1229,1157,136,0,4
1229,1158,136,0,4
1229,1159,136,0,4
1229,1160,136,0,4
1229,1161,136,0,4
1229,1162,136,0,4
1229,1163,136,0,4
1229,1164,136,0,4
1229,1165,136,0,4
1229,1166,136,0,4
1229,1167,136,0,4
1229,1168,136,0,4
1229,1169,136,0,4
1229,1170,136,0,4
1229,1171,136,0,4
1229,1172,136,0,4
1229,1173,136,0,4
1229,1174,136,0,4
1229,1175,136,0,4
1229,1176,136,0,4
1229,1177,136,0,4
1229,1178,136,0,4
1229,1179,136,0,4
1229,1180,136,0,4
1229,1181,136,0,4
1229,1182,136,0,4
1229,1183,136,0,4
1229,1184,136,0,4
1229,1185,136,0,4
1229,1186,136,0,4
1229,1187,136,0,4
1229,1188,136,0,4
1229,1189,136,0,4
1229,1190,136,0,4
1229,1191,136,0,4
1229,1192,136,0,4
1229,1193,136,0,4
1229,1194,136,0,4
1229,1195,136,0,4
1229,1196,136,0,4
1229,1197,136,0,4
1229,1198,136,0,4
1229,1199,136,0,4
1229,1200,136,0,4
1229,1201,136,0,4
1229,1202,136,0,4
1229,1203,136,0,4
1229,1204,136,0,4
1229,1205,136,0,4
1229,1206,136,0,4
1229,1207,136,0,4
1229,1208,136,0,4
1229,1209,136,0,4
1229,1210,136,0,4
1229,1211,136,0,4
1229,1212,136,0,4
1229,1213,136,0,4
1229,1214,136,0,4
1229,1215,136,0,4
1229,1216,136,0,4
1229,1217,136,0,4
1229,1218,136,0,4
1229,1219,136,0,4
1229,1220,136,0,4
1229,1221,136,0,4
1229,1222,136,0,4
1229,1223,136,0,4
1229,1224,136,0,4
1229,1225,136,0,4
1229,1226,136,0,4
1229,1227,136,0,4
1229,1228,136,0,4
1229,1230,136,0,4
1229,1231,136,0,4
1229,1232,136,0,4
1229,1233,136,0,4
1229,1234,136,0,4
1229,1235,136,0,4
1229,1236,136,0,4
1229,1237,136,0,4
1229,1238,136,0,4
1229,1239,136,0,4
1229,1240,136,0,4
1229,1241,136,0,4
1229,1242,136,0,4
1229,1243,136,0,4
1229,1244,136,0,4
1229,1245,136,0,4
1229,1246,136,0,4
1229,1247,136,0,4
1229,1248,136,0,4
1229,1249,136,0,4
1229,1250,136,0,4
1229,1251,136,0,4
1229,1252,136,0,4
1229,1253,136,0,4
1229,1254,136,0,4
1229,1255,136,0,4
1230,1229,1153,0,4
1231,1229,332,0,4
1232,1229,1150,0,4
1233,1229,142,0,4
1234,1229,1126,0,4
1234,1238,4,0,4
1235,1229,36,0,4
1236,1229,139,0,4
1236,1238,106,0,4
1237,1229,242,0,4
1238,1164,107,0,4
1238,1165,107,0,4
1238,1170,107,0,4
1238,1180,107,0,4
1238,1183,107,0,4
1238,1188,107,0,4
1238,1194,107,0,4
1238,1195,107,0,4
1238,1205,107,0,4
1238,1210,107,0,4
1238,1212,107,0,4
1238,1213,107,0,4
1238,1220,107,0,4
1238,1225,107,0,4
1238,1226,107,0,4
1238,1229,141,0,4
1238,1230,107,0,4
1238,1234,107,0,4
1238,1235,107,0,4
1238,1236,107,0,4
1238,1244,107,0,4
1238,1250,107,0,4
1238,1253,107,0,4
1239,1229,1118,0,4
1240,1229,149,0,4
1241,1229,308,0,4
1242,1162,243,0,4
1242,1174,243,0,4
1242,1179,243,0,4
1242,1201,674,0,4
1242,1209,675,0,4
1242,1224,675,0,4
1242,1229,209,0,4
1242,1243,209,0,4
1242,1249,675,0,4
1243,1229,241,0,4
1243,1242,209,0,4
1244,1171,1153,0,4
1244,1212,819,0,4
1244,1229,1153,0,4
1245,1229,149,0,4
1246,1229,229,0,4
1247,1229,1127,0,4
1248,1189,684,0,4
1248,1229,1051,0,4
1249,1229,275,0,4
1249,1242,675,0,4
1250,1171,986,0,4
1250,1229,986,0,4
1251,1174,641,0,4
1251,1200,641,0,4
1251,1229,209,0,4
1252,1229,1062,0,4
1253,1229,95,0,4
1254,1189,263,0,4
1254,1229,230,0,4
1255,1174,607,0,4
1255,1194,607,0,4
1255,1229,175,0,4
