10,1157,9,0,1
15,1157,14,0,1
33,1163,1155,3,3
44,1157,43,1,2
49,1157,48,1,2
72,1214,73,2,1
73,1214,74,2,1
74,1214,75,2,1
75,1214,76,2,1
76,1214,77,2,1
77,1214,1214,4,0
78,1157,77,1,2
82,1159,48,0,3
87,1167,53,0,3
105,1235,106,2,1
110,1236,109,1,2
111,1236,77,0,3
112,1157,111,1,2
117,1157,116,1,2
118,1157,117,1,2
118,1236,84,0,3
119,1157,118,1,2
119,1236,85,0,3
120,1157,119,1,2
120,1236,86,0,3
121,1157,120,1,2
121,1236,87,0,3
122,1157,121,1,2
123,1157,122,1,2
139,1235,140,2,1
144,1236,143,1,2
145,1236,111,0,3
146,1157,145,1,2
151,1157,150,1,2
152,1157,151,1,2
152,1236,118,0,3
172,1183,138,0,3
178,1236,177,1,2
179,1236,145,0,3
180,1157,179,1,2
185,1157,184,1,2
185,1185,186,2,1
186,1157,185,1,2
186,1236,152,0,3
212,1236,211,1,2
219,1157,218,1,2
220,1157,219,1,2
227,1157,261,3,0
244,1235,210,0,3
246,1236,245,1,2
254,1157,253,1,2
256,1185,257,2,1
274,1235,273,1,2
275,1214,276,2,1
278,1235,244,0,3
280,1236,279,1,2
282,1203,281,1,2
288,1157,287,1,2
290,1185,291,2,1
308,1235,307,1,2
309,1235,308,1,2
310,1235,309,1,2
314,1236,313,1,2
322,1157,321,1,2
323,1235,324,2,1
323,1241,289,0,3
325,1206,326,2,1
326,1157,327,2,1
326,1185,327,2,1
342,1235,341,1,2
351,1173,350,1,2
356,1157,355,1,2
357,1235,358,2,1
360,1157,361,2,1
360,1185,361,2,1
380,1214,346,0,3
390,1157,389,1,2
391,1235,392,2,1
424,1157,423,1,2
425,1235,426,2,1
426,1157,427,2,1
459,1235,460,2,1
464,1206,430,0,3
465,1185,431,0,3
466,1220,465,1,2
485,1214,451,0,3
493,1235,494,2,1
498,1206,464,0,3
517,1255,483,0,3
527,1235,528,2,1
534,1206,500,0,3
544,1206,510,0,2
561,1235,562,2,1
562,1206,561,1,2
570,1185,536,0,3
595,1235,596,2,1
609,1185,575,0,3
613,1241,579,0,3
614,1241,580,0,3
615,1241,581,0,3
616,1241,582,0,3
627,1185,626,1,2
629,1235,630,2,1
661,1185,660,1,2
662,1185,661,1,2
662,1205,661,1,2
663,1185,662,1,2
663,1205,664,2,1
664,1185,663,1,2
665,1185,664,1,2
666,1185,665,1,2
667,1185,666,1,2
696,1205,695,1,2
698,1205,699,2,1
730,1205,729,1,2
734,1205,735,2,1
757,1205,756,1,2
763,1157,762,1,2
764,1157,765,2,1
764,1205,763,1,2
776,1185,810,3,0
791,1205,790,1,2
797,1157,796,1,2
798,1205,797,1,2
808,1185,842,3,0
825,1205,824,1,2
831,1157,830,1,2
832,1205,831,1,2
835,1157,836,2,1
841,1185,875,3,0
859,1205,858,1,2
860,1157,859,1,2
865,1157,864,1,2
866,1205,865,1,2
873,1185,907,3,0
874,1205,840,0,3
893,1205,892,1,2
894,1157,893,1,2
899,1157,898,1,2
927,1205,926,1,2
928,1157,927,1,2
933,1157,932,1,2
939,1185,973,3,0
955,1220,989,3,0
961,1205,960,1,2
962,1157,961,1,2
965,1246,931,0,3
967,1157,966,1,2
975,1157,941,0,3
988,1212,1212,4,0
995,1205,994,1,2
996,1157,995,1,2
1001,1157,1000,1,2
1011,1157,977,0,3
1029,1205,1028,1,2
1030,1157,1029,1,2
1035,1157,1034,1,2
1039,1185,1040,2,1
1046,1157,1012,0,3
1056,1212,1055,1,2
1057,1212,1023,0,3
1058,1212,1024,0,3
1064,1157,1063,1,2
1069,1157,1068,1,2
1071,1185,1072,2,1
1086,1171,1052,0,3
1090,1212,1089,1,2
1090,1241,1091,2,1
1098,1157,1097,1,2
1103,1157,1102,1,2
1131,1205,9,3,3
1132,1157,1131,1,2
1137,1157,1136,1,2
1138,1205,16,3,3
1138,1240,16,3,3
1139,1205,17,3,3
1140,1205,18,3,3
1141,1205,19,3,3
1142,1205,20,3,3
1143,1205,21,3,3
1157,1166,542,0,4
1157,1169,542,0,4
1157,1173,110,0,4
1157,1182,77,0,4
1157,1184,77,0,4
1157,1186,542,0,4
1157,1191,110,0,4
1157,1202,110,0,4
1157,1204,110,0,4
1157,1206,509,0,4
1157,1219,110,0,4
1157,1233,110,0,4
1157,1240,110,0,4
1157,1245,110,0,4
1162,1235,245,0,4
1163,1236,613,0,4
1164,1234,373,0,4
1166,1157,576,0,4
1167,1192,541,0,4
1169,1157,576,0,4
1169,1206,609,0,4
1169,1236,78,0,4
1171,1236,544,0,4
1173,1191,180,0,4
1177,1235,74,0,4
1179,1235,245,0,4
1184,1206,608,0,4
1185,1159,659,0,4
1185,1168,626,0,4
1185,1186,164,0,4
1185,1190,659,0,4
1185,1204,129,0,4
1185,1206,626,0,4
1186,1157,576,0,4
1186,1185,575,0,4
1186,1206,608,0,4
1187,1235,312,0,4
1190,1206,502,0,4
1191,1173,146,0,4
1192,1167,541,0,4
1192,1206,541,0,4
1194,1214,77,0,4
1197,1236,544,0,4
1204,1157,113,0,4
1204,1185,114,0,4
1204,1254,80,0,4
1205,1228,441,0,4
1205,1247,407,0,4
1205,1252,9,0,4
1206,1157,262,0,4
1206,1160,262,0,4
1206,1169,595,0,4
1206,1184,595,0,4
1206,1186,595,0,4
1206,1190,262,0,4
1206,1192,262,0,4
1206,1200,262,0,4
1206,1214,262,0,4
1206,1217,262,0,4
1206,1221,561,0,4
1207,1236,612,0,4
1208,1234,440,0,4
1209,1235,312,0,4
1210,1212,1027,0,4
1212,1157,1023,0,4
1212,1160,1023,0,4
1212,1164,1023,0,4
1212,1166,1023,0,4
1212,1167,1023,0,4
1212,1169,1023,0,4
1212,1170,1023,0,4
1212,1177,1023,0,4
1212,1180,1023,0,4
1212,1183,1023,0,4
1212,1184,1023,0,4
1212,1186,1023,0,4
1212,1192,1023,0,4
1212,1194,1023,0,4
1212,1195,1023,0,4
1212,1200,1023,0,4
1212,1205,1023,0,4
1212,1208,1023,0,4
1212,1210,1023,0,4
1212,1214,1023,0,4
1212,1217,1023,0,4
1212,1225,1023,0,4
1212,1227,1023,0,4
1212,1229,1023,0,4
1212,1233,1023,0,4
1212,1234,1023,0,4
1212,1235,1023,0,4
1212,1236,1023,0,4
1212,1238,1023,0,4
1212,1240,988,0,4
1212,1245,988,0,4
1212,1247,1023,0,4
1214,1177,77,0,4
1214,1188,77,0,4
1214,1194,77,0,4
1214,1206,541,0,4
1214,1229,77,0,4
1214,1236,77,0,4
1214,1251,77,0,4
1214,1253,77,0,4
1216,1218,1121,0,4
1218,1216,1121,0,4
1219,1157,113,0,4
1219,1236,80,0,4
1221,1206,281,0,4
1221,1235,246,0,4
1228,1205,471,0,4
1229,1235,106,0,4
1234,1164,373,0,4
1234,1208,406,0,4
1235,1156,306,0,4
1235,1158,74,0,4
1235,1162,74,0,4
1235,1163,306,0,4
1235,1177,74,0,4
1235,1179,74,0,4
1235,1187,306,0,4
1235,1189,306,0,4
1235,1199,74,0,4
1235,1209,306,0,4
1235,1221,74,0,4
1235,1223,74,0,4
1235,1224,306,0,4
1235,1229,40,0,4
1235,1237,74,0,4
1235,1241,74,0,4
1235,1249,74,0,4
1236,1163,476,0,4
1236,1166,77,0,4
1236,1169,77,0,4
1236,1171,476,0,4
1236,1173,77,0,4
1236,1175,77,0,4
1236,1181,77,0,4
1236,1191,77,0,4
1236,1196,143,0,4
1236,1197,476,0,4
1236,1198,77,0,4
1236,1201,77,0,4
1236,1202,77,0,4
1236,1203,77,0,4
1236,1207,476,0,4
1236,1219,77,0,4
1236,1233,77,0,4
1236,1238,77,0,4
1236,1240,77,0,4
1236,1242,77,0,4
1236,1243,143,0,4
1236,1245,77,0,4
1236,1249,476,0,4
1236,1251,77,0,4
1236,1255,77,0,4
1237,1235,245,0,4
1241,1161,579,0,4
1241,1165,579,0,4
1241,1168,579,0,4
1241,1176,579,0,4
1241,1185,579,0,4
1241,1188,579,0,4
1241,1193,579,0,4
1241,1212,579,0,4
1241,1213,579,0,4
1241,1216,579,0,4
1241,1218,579,0,4
1241,1220,579,0,4
1241,1226,579,0,4
1241,1230,579,0,4
1241,1232,579,0,4
1241,1235,245,0,4
1241,1239,579,0,4
1241,1244,579,0,4
1241,1248,579,0,4
1241,1250,579,0,4
1241,1253,579,0,4
1247,1205,406,0,4
1249,1235,245,0,4
1249,1236,545,0,4
1251,1214,179,0,4
1254,1204,794,0,4
