14,1175,13,0,1
15,1219,49,2,0
17,1175,16,0,1
29,1175,1151,3,3
30,1175,1152,3,3
48,1175,47,1,2
49,1219,83,3,0
51,1175,50,1,2
64,1175,65,2,1
75,1217,41,0,3
75,1219,76,2,1
76,1219,77,2,1
77,1219,78,2,1
78,1219,79,2,1
79,1219,80,2,1
80,1219,81,2,1
81,1219,82,2,1
82,1175,81,1,2
82,1219,83,2,1
83,1219,1219,4,0
85,1175,84,1,2
98,1175,99,2,1
108,1210,107,1,2
115,1208,114,1,2
116,1175,115,1,2
116,1233,115,1,2
119,1175,118,1,2
129,1225,163,3,0
132,1175,133,2,1
146,1169,147,2,1
147,1169,148,2,1
148,1169,1169,4,0
149,1175,183,3,0
150,1175,149,1,2
150,1192,149,1,2
150,1233,149,1,2
153,1233,152,1,2
154,1175,188,3,0
154,1233,153,1,2
155,1175,189,3,0
155,1233,154,1,2
156,1175,190,3,0
156,1233,155,1,2
157,1175,191,3,0
157,1233,156,1,2
158,1175,192,3,0
159,1175,193,3,0
160,1175,194,3,0
163,1225,197,3,0
166,1175,167,2,1
173,1225,207,3,0
184,1233,183,1,2
187,1233,186,1,2
194,1225,228,3,0
195,1225,229,3,0
196,1225,230,3,0
197,1225,231,3,0
199,1233,233,3,0
207,1225,1225,4,0
218,1233,217,1,2
221,1233,220,1,2
232,1233,266,3,0
239,1208,273,3,0
252,1233,251,1,2
255,1233,254,1,2
261,1243,227,0,3
266,1197,300,3,0
289,1233,288,1,2
298,1233,332,3,0
299,1197,333,3,0
300,1197,334,3,0
334,1197,368,3,0
359,1207,358,1,2
365,1197,399,3,0
368,1197,402,3,0
375,1234,1234,4,0
387,1169,386,1,2
393,1234,394,2,1
397,1233,398,2,1
398,1234,399,2,1
399,1234,400,2,1
400,1234,401,2,1
401,1234,402,2,1
402,1197,436,3,0
402,1234,403,2,1
409,1234,375,0,3
421,1169,420,1,2
426,1169,425,1,2
427,1234,428,2,1
436,1197,470,3,0
437,1197,471,3,0
437,1234,403,0,3
443,1234,409,0,3
455,1169,454,1,2
455,1203,454,1,2
460,1159,494,3,0
460,1169,459,1,2
461,1234,462,2,1
463,1233,464,2,1
464,1197,465,2,1
470,1197,504,3,0
470,1218,469,1,2
471,1197,505,3,0
471,1234,437,0,3
477,1197,511,3,0
477,1234,443,0,3
480,1165,446,0,3
487,1169,453,0,3
489,1169,488,1,2
494,1169,493,1,2
495,1234,496,2,1
504,1197,538,3,0
505,1197,539,3,0
505,1234,471,0,3
511,1197,545,3,0
511,1234,477,0,3
529,1234,530,2,1
530,1197,531,2,1
530,1225,564,3,0
530,1243,496,0,3
538,1197,572,3,0
539,1197,573,3,0
539,1234,505,0,3
545,1197,579,3,0
545,1234,511,0,3
563,1234,564,2,1
569,1197,603,3,0
570,1197,604,3,0
571,1197,605,3,0
572,1197,606,3,0
573,1197,607,3,0
573,1234,539,0,3
579,1197,1197,4,0
579,1234,545,0,3
582,1237,581,1,2
590,1190,591,2,1
592,1173,591,1,2
597,1190,631,3,0
597,1234,598,2,1
598,1234,599,2,1
598,1237,599,2,1
607,1234,573,0,3
613,1197,579,0,3
613,1234,579,0,3
616,1237,615,1,2
617,1237,616,1,2
618,1237,617,1,2
619,1237,618,1,2
631,1190,665,3,0
632,1234,633,2,1
632,1237,633,2,1
639,1197,605,0,3
640,1197,606,0,3
641,1197,607,0,3
641,1234,607,0,3
647,1197,613,0,3
647,1234,613,0,3
655,1218,656,2,1
665,1190,699,3,0
665,1205,699,3,0
668,1234,669,2,1
669,1234,670,2,1
675,1197,641,0,3
675,1234,641,0,3
681,1197,647,0,3
681,1234,647,0,3
698,1190,699,2,1
699,1190,733,3,0
702,1234,703,2,1
703,1234,704,2,1
704,1219,670,0,3
709,1197,675,0,3
709,1234,675,0,3
715,1197,681,0,3
715,1234,681,0,3
729,1219,763,3,0
732,1190,733,2,1
733,1190,767,3,0
738,1234,704,0,3
743,1197,709,0,3
743,1234,709,0,3
749,1197,715,0,3
749,1234,715,0,3
762,1219,796,3,0
763,1219,797,3,0
766,1190,767,2,1
767,1190,801,3,0
769,1214,803,3,0
772,1234,738,0,3
777,1197,743,0,3
777,1234,743,0,3
783,1234,749,0,3
784,1195,750,0,3
794,1219,828,3,0
797,1219,831,3,0
800,1190,801,2,1
801,1190,835,3,0
801,1197,802,2,1
808,1234,774,0,3
809,1234,775,0,3
811,1197,777,0,3
811,1234,777,0,3
817,1234,783,0,3
830,1175,829,1,2
831,1219,865,3,0
833,1175,832,1,2
834,1175,835,2,1
834,1190,835,2,1
835,1190,869,3,0
836,1197,837,2,1
842,1234,808,0,3
843,1234,809,0,3
845,1197,811,0,3
845,1234,811,0,3
854,1165,888,3,0
864,1175,863,1,2
865,1219,899,3,0
867,1175,866,1,2
868,1190,869,2,1
869,1175,870,2,1
869,1190,903,3,0
869,1211,903,3,0
870,1175,871,2,1
872,1197,873,2,1
879,1197,845,0,3
879,1234,845,0,3
891,1232,857,0,3
896,1237,930,3,0
898,1175,897,1,2
899,1219,933,3,0
901,1175,900,1,2
903,1190,1190,4,0
903,1237,937,3,0
904,1175,905,2,1
905,1175,906,2,1
908,1157,874,0,3
913,1197,879,0,3
925,1253,891,0,3
930,1221,929,1,2
932,1175,931,1,2
933,1219,967,3,0
935,1175,934,1,2
940,1175,941,2,1
941,1175,942,2,1
942,1197,908,0,3
947,1197,913,0,3
954,1194,920,0,3
966,1175,965,1,2
967,1219,1001,3,0
969,1175,968,1,2
974,1175,975,2,1
975,1175,976,2,1
981,1197,947,0,3
1000,1175,999,1,2
1001,1219,1035,3,0
1003,1175,1002,1,2
1010,1175,976,0,3
1012,1197,978,0,3
1014,1186,1013,1,2
1015,1197,981,0,3
1034,1175,1033,1,2
1035,1219,1069,3,0
1037,1175,1036,1,2
1044,1175,1010,0,3
1049,1197,1015,0,3
1068,1175,1067,1,2
1069,1219,1103,3,0
1071,1175,1070,1,2
1080,1175,1046,0,3
1083,1197,1049,0,3
1102,1175,1101,1,2
1103,1219,1137,3,0
1105,1175,1104,1,2
1114,1175,1080,0,3
1115,1175,1081,0,3
1116,1245,1115,1,2
1136,1175,1135,1,2
1137,1219,15,3,3
1139,1175,1138,1,2
1148,1225,26,3,3
1150,1175,1116,0,3
1151,1175,1117,0,3
1156,1237,649,0,4
1159,1190,732,0,4
1160,1197,511,0,4
1162,1187,581,0,4
1162,1231,514,0,4
1168,1189,632,0,4
1169,1197,148,0,4
1169,1242,148,0,4
1169,1251,148,0,4
1170,1236,343,0,4
1175,1182,646,0,4
1175,1202,646,0,4
1175,1204,646,0,4
1175,1240,183,0,4
1175,1245,183,0,4
1179,1224,315,0,4
1182,1175,678,0,4
1183,1219,75,0,4
1187,1162,581,0,4
1189,1168,616,0,4
1189,1209,316,0,4
1190,1159,903,0,4
1190,1161,903,0,4
1190,1174,903,0,4
1190,1185,903,0,4
1190,1188,903,0,4
1190,1215,903,0,4
1190,1232,903,0,4
1190,1234,506,0,4
1190,1239,903,0,4
1190,1246,903,0,4
1190,1253,903,0,4
1190,1254,903,0,4
1194,1219,80,0,4
1197,1160,579,0,4
1197,1168,579,0,4
1197,1184,579,0,4
1197,1186,579,0,4
1197,1190,579,0,4
1197,1192,579,0,4
1197,1206,579,0,4
1197,1214,579,0,4
1197,1217,579,0,4
1197,1228,579,0,4
1197,1233,579,0,4
1197,1238,579,0,4
1202,1175,646,0,4
1202,1233,612,0,4
1204,1175,679,0,4
1207,1237,249,0,4
1208,1159,409,0,4
1208,1191,12,0,4
1208,1233,12,0,4
1208,1246,409,0,4
1209,1189,316,0,4
1214,1197,511,0,4
1217,1188,46,0,4
1217,1197,511,0,4
1217,1229,46,0,4
1217,1253,46,0,4
1219,1157,83,0,4
1219,1159,678,0,4
1219,1160,83,0,4
1219,1164,83,0,4
1219,1165,83,0,4
1219,1167,83,0,4
1219,1170,83,0,4
1219,1172,83,0,4
1219,1174,678,0,4
1219,1183,83,0,4
1219,1184,83,0,4
1219,1186,83,0,4
1219,1188,83,0,4
1219,1192,83,0,4
1219,1194,83,0,4
1219,1195,83,0,4
1219,1200,83,0,4
1219,1205,83,0,4
1219,1208,83,0,4
1219,1210,83,0,4
1219,1214,83,0,4
1219,1215,678,0,4
1219,1217,83,0,4
1219,1220,83,0,4
1219,1225,83,0,4
1219,1227,83,0,4
1219,1231,83,0,4
1219,1234,83,0,4
1219,1235,83,0,4
1219,1236,83,0,4
1219,1244,83,0,4
1219,1246,678,0,4
1219,1247,83,0,4
1219,1250,83,0,4
1219,1253,83,0,4
1224,1179,315,0,4
1224,1237,283,0,4
1225,1168,207,0,4
1225,1206,207,0,4
1225,1215,207,0,4
1225,1246,207,0,4
1225,1254,207,0,4
1227,1234,375,0,4
1231,1162,339,0,4
1233,1182,115,0,4
1233,1197,579,0,4
1233,1202,612,0,4
1233,1219,115,0,4
1233,1240,149,0,4
1233,1245,115,0,4
1234,1178,375,0,4
1234,1190,375,0,4
1234,1222,375,0,4
1234,1227,375,0,4
1234,1247,375,0,4
1234,1252,375,0,4
1236,1170,411,0,4
1236,1219,80,0,4
1237,1156,615,0,4
1237,1161,615,0,4
1237,1165,615,0,4
1237,1176,615,0,4
1237,1185,615,0,4
1237,1188,615,0,4
1237,1193,615,0,4
1237,1206,581,0,4
1237,1207,249,0,4
1237,1212,615,0,4
1237,1213,615,0,4
1237,1216,615,0,4
1237,1218,615,0,4
1237,1220,615,0,4
1237,1224,283,0,4
1237,1226,615,0,4
1237,1230,615,0,4
1237,1232,615,0,4
1237,1239,615,0,4
1237,1244,615,0,4
1237,1248,615,0,4
1237,1250,615,0,4
1237,1253,615,0,4
1238,1197,579,0,4
1239,1190,659,0,4
1240,1175,189,0,4
1242,1169,182,0,4
1245,1161,979,0,4
1245,1232,979,0,4
1245,1239,979,0,4
1246,1190,731,0,4
1247,1234,375,0,4
1251,1169,182,0,4
1252,1234,475,0,4
1253,1219,68,0,4
