2,1240,1,0,1
8,1174,7,0,1
8,1183,1130,3,3
12,1234,11,0,1
18,1234,17,0,1
19,1234,18,0,1
22,1183,1144,3,3
23,1183,1145,3,3
27,1234,61,2,0
32,1178,31,0,1
36,1240,35,1,2
46,1234,45,1,2
52,1234,51,1,2
53,1234,52,1,2
57,1183,91,3,0
59,1234,93,3,0
66,1178,65,1,2
76,1183,75,1,2
86,1234,85,1,2
87,1234,86,1,2
93,1234,127,3,0
100,1178,99,1,2
110,1183,109,1,2
120,1234,119,1,2
121,1234,120,1,2
134,1178,133,1,2
143,1178,109,0,3
144,1233,110,0,3
155,1234,154,1,2
161,1195,160,1,2
168,1178,167,1,2
179,1178,145,0,3
189,1234,188,1,2
192,1234,193,2,1
201,1202,235,3,0
202,1178,201,1,2
213,1178,179,0,3
223,1234,222,1,2
236,1178,235,1,2
257,1234,256,1,2
258,1234,259,2,1
262,1192,296,3,0
270,1178,269,1,2
273,1216,239,0,3
281,1224,282,2,1
284,1178,250,0,3
291,1234,290,1,2
295,1159,261,0,3
296,1192,330,3,0
304,1178,303,1,2
338,1178,337,1,2
350,1215,349,1,2
354,1178,355,2,1
372,1178,371,1,2
381,1255,380,1,2
388,1178,389,2,1
395,1192,396,2,1
406,1178,405,1,2
409,1178,408,1,1
410,1178,409,1,2
411,1178,410,1,2
412,1178,411,1,2
413,1178,412,1,2
414,1178,413,1,2
422,1178,423,2,1
455,1178,489,3,0
465,1187,499,3,0
487,1223,486,1,2
494,1192,495,2,1
533,1192,567,3,0
534,1192,568,3,0
535,1192,569,3,0
536,1192,570,3,0
537,1192,571,3,0
538,1192,572,3,0
554,1178,588,3,0
559,1228,593,3,0
577,1192,1192,4,0
586,1178,620,3,0
587,1180,586,1,2
605,1163,606,2,1
608,1192,574,0,3
611,1192,577,0,3
622,1189,621,1,2
622,1250,621,1,2
632,1234,633,2,1
642,1192,608,0,3
645,1192,611,0,3
676,1192,642,0,3
679,1192,645,0,3
686,1178,720,3,0
706,1180,707,2,1
710,1192,676,0,3
713,1192,679,0,3
716,1239,750,3,0
738,1234,704,0,3
744,1192,710,0,3
747,1192,713,0,3
767,1192,768,2,1
772,1234,738,0,3
778,1192,744,0,3
781,1192,747,0,3
808,1234,774,0,3
812,1192,778,0,3
815,1192,781,0,3
834,1234,833,1,2
838,1192,839,2,1
843,1234,809,0,3
846,1192,812,0,3
849,1192,815,0,3
851,1211,817,0,3
868,1234,867,1,2
870,1198,904,3,0
880,1192,846,0,3
883,1192,849,0,3
885,1218,919,3,0
902,1234,901,1,2
909,1250,910,2,1
914,1192,880,0,3
917,1192,883,0,3
924,1233,958,3,0
928,1240,929,2,1
936,1234,935,1,2
943,1192,909,0,3
946,1240,945,1,2
948,1192,914,0,3
951,1192,917,0,3
954,1240,953,1,2
955,1240,954,1,2
956,1240,955,1,2
962,1240,963,2,1
970,1234,969,1,2
980,1240,979,1,2
982,1192,948,0,3
985,1192,951,0,3
988,1240,987,1,2
991,1177,1025,3,0
998,1234,997,1,2
1004,1234,1003,1,2
1014,1240,1013,1,2
1016,1192,982,0,3
1019,1192,985,0,3
1022,1240,1021,1,2
1032,1234,1031,1,2
1038,1234,1037,1,2
1048,1192,1014,0,3
1048,1240,1047,1,2
1050,1192,1016,0,3
1052,1178,1051,1,2
1053,1192,1019,0,3
1056,1240,1055,1,2
1061,1240,1095,3,0
1066,1234,1065,1,2
1072,1234,1071,1,2
1073,1234,1072,1,2
1074,1234,1073,1,2
1074,1253,1075,2,1
1075,1234,1074,1,2
1086,1178,1085,1,2
1089,1178,1090,2,1
1090,1240,1089,1,2
1100,1234,1099,1,2
1120,1178,1119,1,2
1124,1240,1123,1,2
1125,1178,1126,2,1
1134,1234,1133,1,2
1140,1234,1139,1,2
1141,1234,1140,1,2
1154,1178,1153,1,2
1157,1166,113,0,4
1162,1179,580,0,4
1165,1240,1091,0,4
1166,1157,113,0,4
1167,1234,45,0,4
1176,1240,988,0,4
1178,1156,439,0,4
1178,1157,439,0,4
1178,1158,439,0,4
1178,1162,439,0,4
1178,1163,439,0,4
1178,1164,405,0,4
1178,1166,439,0,4
1178,1167,439,0,4
1178,1170,405,0,4
1178,1171,439,0,4
1178,1175,439,0,4
1178,1177,405,0,4
1178,1179,439,0,4
1178,1181,439,0,4
1178,1187,439,0,4
1178,1189,439,0,4
1178,1194,439,0,4
1178,1195,405,0,4
1178,1196,439,0,4
1178,1197,439,0,4
1178,1198,439,0,4
1178,1199,439,0,4
1178,1200,439,0,4
1178,1201,439,0,4
1178,1203,439,0,4
1178,1205,405,0,4
1178,1207,439,0,4
1178,1208,439,0,4
1178,1209,439,0,4
1178,1211,439,0,4
1178,1217,439,0,4
1178,1221,439,0,4
1178,1223,439,0,4
1178,1224,439,0,4
1178,1227,405,0,4
1178,1229,405,0,4
1178,1234,405,0,4
1178,1235,405,0,4
1178,1236,439,0,4
1178,1237,439,0,4
1178,1238,439,0,4
1178,1241,439,0,4
1178,1242,439,0,4
1178,1243,439,0,4
1178,1247,405,0,4
1178,1249,439,0,4
1178,1251,439,0,4
1178,1254,933,0,4
1179,1162,580,0,4
1183,1157,74,0,4
1183,1160,1130,0,4
1183,1166,107,0,4
1183,1167,1130,0,4
1183,1169,107,0,4
1183,1182,74,0,4
1183,1184,1130,0,4
1183,1186,1130,0,4
1183,1191,107,0,4
1183,1192,1130,0,4
1183,1194,74,0,4
1183,1195,1130,0,4
1183,1200,1130,0,4
1183,1202,107,0,4
1183,1204,107,0,4
1183,1205,1130,0,4
1183,1214,1130,0,4
1183,1217,1130,0,4
1183,1219,74,0,4
1183,1233,107,0,4
1183,1235,1130,0,4
1183,1236,74,0,4
1183,1238,107,0,4
1183,1245,107,0,4
1192,1168,577,0,4
1192,1190,577,0,4
1192,1206,577,0,4
1194,1178,477,0,4
1201,1249,181,0,4
1203,1223,215,0,4
1203,1251,646,0,4
1205,1183,1132,0,4
1208,1178,409,0,4
1208,1234,1133,0,4
1211,1178,579,0,4
1216,1240,1089,0,4
1223,1203,215,0,4
1224,1178,514,0,4
1230,1244,825,0,4
1234,1160,1132,0,4
1234,1167,1132,0,4
1234,1184,1132,0,4
1234,1186,1132,0,4
1234,1192,1132,0,4
1234,1208,1132,0,4
1234,1214,1132,0,4
1234,1217,1132,0,4
1234,1227,1065,0,4
1234,1228,1065,0,4
1234,1240,1132,0,4
1234,1245,1099,0,4
1234,1247,1099,0,4
1234,1252,1065,0,4
1235,1183,1131,0,4
1240,1165,979,0,4
1240,1176,979,0,4
1240,1193,979,0,4
1240,1212,979,0,4
1240,1216,979,0,4
1240,1220,979,0,4
1240,1226,979,0,4
1240,1230,979,0,4
1240,1244,945,0,4
1240,1248,979,0,4
1240,1250,945,0,4
1241,1178,580,0,4
1244,1230,825,0,4
1245,1183,121,0,4
1249,1201,215,0,4
1250,1206,791,0,4
1251,1203,646,0,4
1254,1178,797,0,4
