0,1220,33,2,1
9,1207,8,0,1
14,1207,13,0,1
25,1196,26,1,0
25,1207,1147,3,3
43,1207,42,1,2
48,1207,47,1,2
56,1240,22,0,2
59,1196,60,2,1
59,1207,60,2,1
77,1207,76,1,2
82,1207,81,1,2
93,1196,94,2,1
93,1207,94,2,1
111,1207,110,1,2
116,1207,115,1,2
122,1185,156,3,0
123,1185,157,3,0
124,1185,158,3,0
124,1195,158,3,0
125,1185,159,3,0
126,1185,160,3,0
127,1196,128,2,1
127,1207,128,2,1
145,1207,144,1,2
150,1207,149,1,2
161,1196,162,2,1
161,1207,162,2,1
162,1185,1185,4,0
176,1196,210,3,0
179,1207,178,1,2
183,1227,182,1,2
184,1207,183,1,2
195,1196,196,2,1
195,1207,196,2,1
196,1217,197,2,1
201,1238,235,3,0
207,1196,241,3,0
208,1196,242,3,0
209,1196,243,3,0
210,1196,244,3,0
213,1207,212,1,2
219,1185,220,2,1
229,1196,230,2,1
229,1207,230,2,1
235,1238,269,3,0
244,1196,1196,4,0
246,1207,245,1,2
247,1166,246,1,2
262,1196,263,2,1
269,1238,303,3,0
275,1217,241,0,3
280,1207,279,1,2
286,1222,287,2,1
287,1207,286,1,2
288,1207,287,1,2
289,1207,288,1,2
290,1185,291,2,1
296,1196,297,2,1
303,1238,337,3,0
304,1196,305,2,1
306,1196,307,1,1
313,1221,312,1,2
314,1207,313,1,2
314,1221,280,0,3
315,1215,316,2,1
321,1207,320,1,2
321,1221,287,0,3
322,1221,288,0,3
332,1238,333,2,1
337,1238,371,3,0
347,1221,346,1,2
348,1207,347,1,2
348,1221,314,0,3
355,1207,354,1,2
355,1221,321,0,3
362,1207,396,3,0
366,1238,367,2,1
371,1238,405,3,0
376,1196,377,2,1
377,1206,411,3,0
381,1221,380,1,2
382,1207,381,1,2
382,1221,348,0,3
389,1207,388,1,2
389,1221,355,0,3
395,1185,361,0,3
400,1238,401,2,1
404,1238,405,2,1
405,1238,439,3,0
410,1196,411,2,1
415,1221,414,1,2
416,1221,382,0,3
423,1207,422,1,2
423,1221,389,0,3
429,1185,395,0,3
434,1238,435,2,1
438,1238,439,2,1
439,1238,473,3,0
449,1221,448,1,2
450,1221,416,0,3
457,1207,456,1,2
457,1221,423,0,3
464,1240,498,3,0
466,1218,465,1,2
468,1238,469,2,1
472,1238,473,2,1
473,1238,507,3,0
476,1220,477,1,1
483,1221,482,1,2
485,1242,484,1,2
491,1221,457,0,3
495,1207,496,2,1
499,1185,465,0,3
502,1238,503,2,1
506,1238,507,2,1
507,1238,541,3,0
515,1196,481,0,3
517,1221,516,1,2
530,1240,564,3,0
535,1185,501,0,3
536,1238,537,2,1
540,1238,541,2,1
541,1238,575,3,0
551,1221,550,1,2
561,1207,562,2,1
567,1238,568,2,1
568,1238,569,2,1
569,1238,570,2,1
570,1238,571,2,1
574,1238,575,2,1
575,1238,1238,4,0
596,1240,597,2,1
619,1156,618,1,2
626,1247,660,3,0
630,1240,631,2,1
661,1240,662,2,1
679,1210,645,0,3
716,1182,682,0,3
739,1239,773,3,0
772,1239,806,3,0
773,1239,807,3,0
804,1239,838,3,0
807,1239,841,3,0
841,1239,875,3,0
875,1239,909,3,0
898,1207,897,1,2
899,1207,900,2,1
904,1239,938,3,0
909,1239,943,3,0
932,1207,931,1,2
937,1239,938,2,1
941,1240,1240,4,0
943,1239,977,3,0
960,1156,959,1,2
961,1207,960,1,2
965,1222,931,0,3
966,1207,965,1,2
966,1222,932,0,3
967,1222,933,0,3
968,1222,934,0,3
969,1222,935,0,3
970,1207,971,2,1
970,1222,936,0,3
971,1222,937,0,3
972,1240,973,2,1
973,1240,974,2,1
975,1240,1240,4,0
977,1239,1011,3,0
983,1239,1017,3,0
995,1207,994,1,2
1000,1207,999,1,2
1003,1240,1004,2,1
1005,1185,1006,2,1
1011,1239,1045,3,0
1017,1239,1051,3,0
1029,1207,1028,1,2
1034,1207,1033,1,2
1036,1239,1037,2,1
1045,1239,1079,3,0
1051,1239,1085,3,0
1055,1196,1056,2,1
1061,1162,1060,1,2
1061,1247,1062,2,1
1062,1247,1063,2,1
1063,1207,1062,1,2
1063,1247,1247,4,0
1068,1207,1067,1,2
1068,1247,1067,1,2
1069,1247,1068,1,2
1070,1247,1069,1,2
1073,1240,1074,2,1
1077,1239,1111,3,0
1078,1239,1112,3,0
1079,1239,1113,3,0
1085,1239,1119,3,0
1097,1207,1096,1,2
1102,1207,1101,1,2
1104,1185,1105,2,1
1110,1207,1076,0,3
1114,1161,1148,3,0
1119,1223,1085,0,3
1119,1239,1239,4,0
1122,1220,1155,3,2
1123,1220,1089,0,3
1124,1220,1090,0,3
1125,1220,1091,0,3
1131,1207,1130,1,2
1136,1185,1137,2,1
1136,1207,1135,1,2
1146,1207,1112,0,3
1158,1249,245,0,4
1162,1187,645,0,4
1164,1183,1096,0,4
1167,1200,42,0,4
1167,1238,541,0,4
1170,1196,239,0,4
1172,1222,929,0,4
1172,1240,963,0,4
1173,1207,711,0,4
1177,1196,240,0,4
1179,1187,645,0,4
1180,1236,71,0,4
1183,1164,1093,0,4
1184,1238,575,0,4
1185,1182,162,0,4
1185,1219,162,0,4
1185,1240,162,0,4
1185,1245,162,0,4
1187,1162,645,0,4
1187,1179,645,0,4
1187,1207,245,0,4
1189,1234,312,0,4
1196,1159,244,0,4
1196,1170,244,0,4
1196,1174,244,0,4
1196,1177,244,0,4
1196,1180,244,0,4
1196,1183,244,0,4
1196,1210,244,0,4
1196,1215,244,0,4
1196,1224,244,0,4
1196,1225,244,0,4
1196,1229,244,0,4
1196,1235,244,0,4
1196,1246,244,0,4
1196,1254,244,0,4
1197,1201,178,0,4
1200,1167,42,0,4
1201,1197,178,0,4
1204,1230,112,0,4
1206,1207,261,0,4
1207,1173,677,0,4
1207,1187,245,0,4
1207,1206,245,0,4
1207,1240,212,0,4
1207,1245,212,0,4
1208,1238,473,0,4
1219,1185,113,0,4
1220,1157,1089,0,4
1220,1160,1089,0,4
1220,1166,1089,0,4
1220,1167,1089,0,4
1220,1169,1089,0,4
1220,1170,1089,0,4
1220,1171,1089,0,4
1220,1177,1089,0,4
1220,1180,1089,0,4
1220,1182,1089,0,4
1220,1183,1089,0,4
1220,1184,1089,0,4
1220,1186,1089,0,4
1220,1191,1089,0,4
1220,1192,1089,0,4
1220,1194,1089,0,4
1220,1195,1089,0,4
1220,1197,1089,0,4
1220,1200,1089,0,4
1220,1204,1089,0,4
1220,1205,1089,0,4
1220,1208,1089,0,4
1220,1214,1089,0,4
1220,1217,1089,0,4
1220,1219,1089,0,4
1220,1229,1089,0,4
1220,1233,1089,0,4
1220,1234,1089,0,4
1220,1235,1089,0,4
1220,1236,1089,0,4
1220,1238,1089,0,4
1220,1255,1089,0,4
1222,1172,930,0,4
1224,1196,278,0,4
1230,1204,1155,0,4
1234,1189,339,0,4
1235,1196,239,0,4
1236,1180,75,0,4
1238,1159,575,0,4
1238,1160,575,0,4
1238,1167,575,0,4
1238,1168,575,0,4
1238,1172,575,0,4
1238,1174,575,0,4
1238,1178,575,0,4
1238,1184,575,0,4
1238,1190,575,0,4
1238,1192,575,0,4
1238,1200,575,0,4
1238,1208,575,0,4
1238,1214,575,0,4
1238,1215,575,0,4
1238,1217,575,0,4
1238,1222,575,0,4
1238,1227,575,0,4
1238,1228,575,0,4
1238,1231,575,0,4
1238,1246,575,0,4
1238,1252,575,0,4
1238,1254,575,0,4
1239,1240,1119,0,4
1239,1245,1119,0,4
1240,1172,975,0,4
1240,1178,975,0,4
1240,1190,941,0,4
1240,1222,941,0,4
1240,1231,941,0,4
1246,1196,264,0,4
1249,1158,245,0,4
1254,1196,266,0,4
