9,1242,8,0,1
12,1173,46,2,0
12,1184,46,2,0
12,1186,46,2,0
12,1188,1134,3,3
12,1191,46,2,0
12,1202,46,2,0
12,1231,1134,3,3
12,1253,1134,3,3
13,1160,47,2,0
13,1169,47,2,0
13,1175,47,2,0
13,1181,47,2,0
13,1192,47,2,0
13,1198,47,2,0
13,1200,47,2,0
13,1201,47,2,0
13,1203,47,2,0
13,1214,47,2,0
13,1217,47,2,0
13,1227,1135,3,3
13,1233,47,2,0
13,1238,47,2,0
13,1251,47,2,0
13,1255,47,2,0
14,1156,48,2,0
14,1157,48,2,0
14,1158,48,2,0
14,1163,48,2,0
14,1166,48,2,0
14,1171,48,2,0
14,1189,48,2,0
14,1194,48,2,0
14,1196,48,2,0
14,1197,48,2,0
14,1199,48,2,0
14,1207,48,2,0
14,1223,48,2,0
14,1236,48,2,0
14,1243,48,2,0
14,1247,1136,3,3
15,1162,49,2,0
15,1164,1137,3,3
15,1179,49,2,0
15,1187,49,2,0
15,1211,49,2,0
15,1221,49,2,0
15,1234,1137,3,3
15,1237,49,2,0
15,1241,49,2,0
15,1249,49,2,0
16,1210,1138,3,3
16,1224,50,2,0
16,1225,1138,3,3
44,1182,45,2,1
66,1240,32,0,2
80,1173,114,3,0
80,1184,46,0,3
80,1191,114,3,0
80,1202,114,3,0
80,1231,46,0,3
81,1175,115,3,0
81,1181,115,3,0
81,1198,115,3,0
81,1201,115,3,0
81,1203,115,3,0
81,1227,47,0,3
81,1233,115,3,0
81,1238,115,3,0
81,1242,115,3,0
81,1251,115,3,0
81,1255,115,3,0
82,1156,116,3,0
82,1158,116,3,0
82,1163,116,3,0
82,1166,116,3,0
82,1171,116,3,0
82,1189,116,3,0
82,1196,116,3,0
82,1197,116,3,0
82,1199,116,3,0
82,1207,116,3,0
82,1208,48,0,3
82,1223,116,3,0
82,1243,116,3,0
82,1247,48,0,3
83,1162,117,3,0
83,1164,49,0,3
83,1179,117,3,0
83,1187,117,3,0
83,1195,49,0,3
83,1209,117,3,0
83,1211,117,3,0
83,1221,117,3,0
83,1234,49,0,3
83,1237,117,3,0
83,1241,117,3,0
83,1249,117,3,0
84,1224,118,3,0
84,1225,50,0,3
109,1240,110,2,1
133,1167,167,3,0
148,1161,182,3,0
148,1173,182,3,0
148,1184,114,0,3
148,1186,114,0,3
148,1191,114,0,3
148,1231,114,0,3
149,1160,115,0,3
149,1175,183,3,0
149,1181,183,3,0
149,1192,115,0,3
149,1198,183,3,0
149,1201,183,3,0
149,1203,183,3,0
149,1214,115,0,3
149,1217,115,0,3
149,1227,115,0,3
149,1232,183,3,0
149,1238,115,0,3
149,1242,183,3,0
149,1251,183,3,0
150,1156,184,3,0
150,1158,184,3,0
150,1163,184,3,0
150,1167,116,0,3
150,1171,184,3,0
150,1189,184,3,0
150,1196,184,3,0
150,1199,184,3,0
150,1200,116,0,3
150,1207,184,3,0
150,1208,116,0,3
150,1223,184,3,0
150,1243,184,3,0
150,1247,116,0,3
151,1157,117,0,3
151,1162,185,3,0
151,1164,117,0,3
151,1179,185,3,0
151,1187,185,3,0
151,1194,117,0,3
151,1195,117,0,3
151,1209,185,3,0
151,1211,185,3,0
151,1221,185,3,0
151,1234,117,0,3
151,1237,185,3,0
151,1241,185,3,0
151,1249,185,3,0
152,1224,186,3,0
159,1210,160,2,1
159,1225,160,2,1
176,1232,175,1,2
177,1245,178,2,1
216,1161,250,3,0
216,1184,182,0,3
216,1186,182,0,3
216,1202,182,0,3
216,1231,182,0,3
217,1160,183,0,3
217,1192,183,0,3
217,1201,183,0,3
217,1214,183,0,3
217,1217,183,0,3
217,1227,183,0,3
217,1232,251,3,0
217,1233,183,0,3
218,1156,252,3,0
218,1163,252,3,0
218,1166,184,0,3
218,1167,184,0,3
218,1169,184,0,3
218,1176,252,3,0
218,1189,252,3,0
218,1200,184,0,3
218,1203,217,1,2
218,1208,184,0,3
218,1216,252,3,0
218,1218,252,3,0
218,1239,252,3,0
218,1247,184,0,3
218,1248,252,3,0
218,1255,184,0,3
219,1157,185,0,3
219,1164,185,0,3
219,1187,253,3,0
219,1194,185,0,3
219,1209,253,3,0
219,1221,253,3,0
219,1234,185,0,3
219,1237,253,3,0
219,1241,253,3,0
220,1224,254,3,0
226,1235,227,2,1
252,1203,251,1,2
284,1161,318,3,0
284,1186,250,0,3
284,1202,250,0,3
285,1160,251,0,3
285,1173,251,0,3
285,1192,251,0,3
285,1214,251,0,3
285,1217,251,0,3
285,1227,251,0,3
285,1232,319,3,0
285,1233,251,0,3
285,1242,251,0,3
285,1251,251,0,3
286,1166,252,0,3
286,1167,252,0,3
286,1169,252,0,3
286,1171,252,0,3
286,1175,252,0,3
286,1176,320,3,0
286,1198,252,0,3
286,1200,252,0,3
286,1203,252,0,3
286,1208,252,0,3
286,1213,320,3,0
286,1216,320,3,0
286,1218,320,3,0
286,1239,320,3,0
286,1247,252,0,3
286,1248,320,3,0
286,1255,252,0,3
287,1157,253,0,3
287,1164,253,0,3
287,1194,253,0,3
287,1196,253,0,3
287,1197,253,0,3
287,1226,321,3,0
287,1230,321,3,0
287,1234,253,0,3
287,1243,253,0,3
287,1249,253,0,3
288,1211,254,0,3
296,1164,297,2,1
296,1170,297,2,1
296,1234,297,2,1
325,1229,326,2,1
336,1247,370,3,0
338,1168,304,0,3
346,1212,345,1,2
352,1161,386,3,0
352,1186,318,0,3
352,1202,318,0,3
353,1160,319,0,3
353,1173,319,0,3
353,1192,319,0,3
353,1214,319,0,3
353,1217,319,0,3
353,1227,319,0,3
353,1232,387,3,0
353,1233,319,0,3
353,1242,319,0,3
353,1251,319,0,3
354,1166,320,0,3
354,1167,320,0,3
354,1169,320,0,3
354,1171,320,0,3
354,1175,320,0,3
354,1176,388,3,0
354,1198,320,0,3
354,1200,320,0,3
354,1203,320,0,3
354,1208,320,0,3
354,1213,388,3,0
354,1216,388,3,0
354,1218,388,3,0
354,1239,388,3,0
354,1247,320,0,3
354,1248,388,3,0
354,1255,320,0,3
355,1157,321,0,3
355,1158,321,0,3
355,1163,321,0,3
355,1189,321,0,3
355,1194,321,0,3
355,1196,321,0,3
355,1197,321,0,3
355,1199,321,0,3
355,1207,321,0,3
355,1220,389,3,0
355,1223,321,0,3
355,1226,389,3,0
355,1230,389,3,0
355,1237,321,0,3
355,1241,321,0,3
355,1243,321,0,3
356,1165,390,3,0
356,1187,322,0,3
356,1211,322,0,3
356,1221,322,0,3
356,1244,390,3,0
356,1250,390,3,0
359,1229,360,2,1
364,1195,365,2,1
364,1205,365,2,1
393,1229,394,2,1
394,1162,428,3,0
394,1179,428,3,0
406,1168,372,0,3
410,1162,444,3,0
420,1161,454,3,0
420,1186,386,0,3
420,1202,386,0,3
421,1160,387,0,3
421,1173,387,0,3
421,1192,387,0,3
421,1214,387,0,3
421,1217,387,0,3
421,1232,455,3,0
421,1233,387,0,3
421,1251,387,0,3
422,1166,388,0,3
422,1167,388,0,3
422,1169,388,0,3
422,1171,388,0,3
422,1175,388,0,3
422,1176,456,3,0
422,1198,388,0,3
422,1200,388,0,3
422,1203,388,0,3
422,1213,456,3,0
422,1216,456,3,0
422,1218,456,3,0
422,1239,456,3,0
422,1248,456,3,0
422,1255,388,0,3
423,1156,389,0,3
423,1157,389,0,3
423,1158,389,0,3
423,1163,389,0,3
423,1189,389,0,3
423,1194,389,0,3
423,1196,389,0,3
423,1197,389,0,3
423,1199,389,0,3
423,1207,389,0,3
423,1220,457,3,0
423,1223,389,0,3
423,1226,457,3,0
423,1230,457,3,0
423,1237,389,0,3
424,1165,458,3,0
424,1187,390,0,3
424,1211,390,0,3
424,1212,458,3,0
424,1221,390,0,3
424,1244,458,3,0
424,1250,458,3,0
427,1229,428,2,1
428,1162,462,3,0
428,1179,462,3,0
428,1249,462,3,0
431,1162,465,3,0
432,1194,433,2,1
432,1236,433,2,1
451,1174,485,3,0
455,1174,489,3,0
465,1162,499,3,0
474,1168,440,0,3
476,1250,442,0,2
488,1161,522,3,0
488,1186,454,0,3
488,1202,454,0,3
489,1160,455,0,3
489,1173,455,0,3
489,1192,455,0,3
489,1214,455,0,3
489,1232,523,3,0
489,1233,455,0,3
490,1166,456,0,3
490,1169,456,0,3
490,1171,456,0,3
490,1175,456,0,3
490,1176,524,3,0
490,1198,456,0,3
490,1203,456,0,3
490,1213,524,3,0
490,1216,524,3,0
490,1218,524,3,0
490,1239,524,3,0
490,1248,524,3,0
490,1255,456,0,3
491,1156,457,0,3
491,1158,457,0,3
491,1193,525,3,0
491,1196,457,0,3
491,1197,457,0,3
491,1199,457,0,3
491,1207,457,0,3
491,1220,525,3,0
491,1223,457,0,3
491,1226,525,3,0
491,1230,525,3,0
492,1165,526,3,0
492,1187,458,0,3
492,1211,458,0,3
492,1212,526,3,0
492,1221,458,0,3
492,1244,526,3,0
492,1250,526,3,0
499,1162,533,3,0
527,1162,528,2,1
532,1162,566,3,0
532,1179,566,3,0
533,1162,567,3,0
534,1162,568,3,0
537,1202,538,2,1
542,1162,576,3,0
542,1168,508,0,3
548,1187,514,0,3
556,1161,590,3,0
556,1202,522,0,3
556,1227,590,3,0
557,1173,523,0,3
557,1232,591,3,0
557,1233,523,0,3
558,1175,524,0,3
558,1176,592,3,0
558,1198,524,0,3
558,1203,524,0,3
558,1213,592,3,0
558,1216,592,3,0
558,1218,592,3,0
558,1239,592,3,0
558,1248,592,3,0
558,1255,524,0,3
559,1158,525,0,3
559,1193,593,3,0
559,1196,525,0,3
559,1199,525,0,3
559,1207,525,0,3
559,1220,593,3,0
559,1223,525,0,3
559,1226,593,3,0
559,1230,593,3,0
560,1165,594,3,0
560,1187,526,0,3
560,1212,594,3,0
560,1221,526,0,3
560,1244,594,3,0
560,1250,594,3,0
565,1162,599,3,0
566,1162,600,3,0
567,1162,601,3,0
567,1179,601,3,0
567,1187,568,2,1
567,1209,568,2,1
567,1224,568,2,1
567,1241,568,2,1
568,1196,569,2,1
568,1211,569,2,1
568,1243,569,2,1
568,1249,569,2,1
576,1162,610,3,0
585,1168,586,2,1
587,1185,588,2,1
587,1219,553,0,3
598,1179,632,3,0
599,1179,633,3,0
600,1179,634,3,0
601,1179,635,3,0
610,1162,1162,4,0
624,1227,658,3,0
625,1173,591,0,3
625,1208,659,3,0
625,1247,659,3,0
626,1164,660,3,0
626,1213,660,3,0
626,1216,660,3,0
626,1218,660,3,0
626,1234,660,3,0
626,1239,660,3,0
627,1193,661,3,0
627,1220,661,3,0
627,1225,661,3,0
627,1226,661,3,0
627,1230,661,3,0
628,1165,662,3,0
628,1212,662,3,0
628,1244,662,3,0
628,1250,662,3,0
629,1180,663,3,0
629,1183,663,3,0
631,1206,597,0,3
632,1179,633,2,1
633,1162,599,0,3
634,1162,600,0,3
635,1162,601,0,3
636,1156,637,2,1
636,1162,602,0,3
636,1163,637,2,1
636,1189,637,2,1
636,1221,637,2,1
644,1162,610,0,3
644,1179,1179,4,0
645,1189,612,2,3
653,1206,654,2,1
654,1159,655,2,1
658,1202,659,2,1
670,1162,636,0,3
670,1179,636,0,3
676,1202,675,1,2
678,1162,644,0,3
678,1179,644,0,3
680,1202,713,3,2
692,1202,693,2,1
692,1227,726,3,0
693,1161,659,0,3
693,1167,727,3,0
693,1208,727,3,0
693,1247,727,3,0
694,1164,728,3,0
694,1213,728,3,0
694,1232,660,0,3
694,1234,728,3,0
695,1170,729,3,0
695,1176,661,0,3
695,1193,729,3,0
695,1205,729,3,0
695,1220,729,3,0
695,1225,729,3,0
695,1226,729,3,0
695,1230,729,3,0
696,1165,730,3,0
696,1212,730,3,0
696,1235,730,3,0
696,1244,730,3,0
696,1250,730,3,0
697,1180,731,3,0
697,1183,731,3,0
704,1179,670,0,3
704,1225,705,2,1
710,1202,709,1,2
711,1202,710,1,2
712,1179,678,0,3
712,1202,711,1,2
713,1202,712,1,2
726,1202,727,2,1
732,1218,698,0,3
738,1179,704,0,3
746,1179,712,0,3
760,1184,794,3,0
760,1186,794,3,0
760,1188,726,0,3
760,1202,761,2,1
760,1227,794,3,0
760,1253,726,0,3
761,1160,795,3,0
761,1161,727,0,3
761,1167,795,3,0
761,1169,795,3,0
761,1192,795,3,0
761,1200,795,3,0
761,1208,795,3,0
761,1214,795,3,0
761,1217,795,3,0
761,1247,795,3,0
762,1157,796,3,0
762,1164,796,3,0
762,1194,796,3,0
762,1195,796,3,0
762,1232,728,0,3
762,1234,796,3,0
762,1239,728,0,3
763,1170,797,3,0
763,1176,729,0,3
763,1205,797,3,0
763,1216,729,0,3
763,1218,729,0,3
763,1225,797,3,0
763,1248,729,0,3
764,1165,798,3,0
764,1212,798,3,0
764,1235,798,3,0
764,1244,798,3,0
764,1250,798,3,0
765,1180,799,3,0
765,1183,799,3,0
772,1179,738,0,3
780,1179,746,0,3
789,1210,788,1,2
791,1174,792,2,1
791,1215,792,2,1
806,1179,772,0,3
807,1190,806,1,2
814,1179,780,0,3
824,1202,858,3,0
828,1184,862,3,0
828,1186,862,3,0
828,1188,794,0,3
828,1191,862,3,0
828,1202,862,3,0
828,1227,862,3,0
828,1253,794,0,3
829,1160,863,3,0
829,1161,795,0,3
829,1167,863,3,0
829,1169,863,3,0
829,1192,863,3,0
829,1200,863,3,0
829,1208,863,3,0
829,1214,863,3,0
829,1217,863,3,0
829,1233,863,3,0
829,1238,863,3,0
829,1247,863,3,0
829,1255,863,3,0
830,1157,864,3,0
830,1164,864,3,0
830,1166,864,3,0
830,1194,864,3,0
830,1195,864,3,0
830,1213,796,0,3
830,1232,796,0,3
830,1234,864,3,0
830,1239,796,0,3
831,1170,865,3,0
831,1176,797,0,3
831,1205,865,3,0
831,1210,865,3,0
831,1216,797,0,3
831,1218,797,0,3
831,1225,865,3,0
831,1248,797,0,3
832,1193,798,0,3
832,1235,866,3,0
833,1180,867,3,0
833,1183,867,3,0
840,1179,806,0,3
848,1179,814,0,3
866,1162,867,2,1
866,1179,867,2,1
874,1179,840,0,3
882,1179,848,0,3
889,1202,923,3,0
896,1173,930,3,0
896,1184,930,3,0
896,1186,930,3,0
896,1188,862,0,3
896,1191,930,3,0
896,1202,930,3,0
896,1227,930,3,0
896,1253,862,0,3
897,1160,931,3,0
897,1161,863,0,3
897,1167,931,3,0
897,1169,931,3,0
897,1181,931,3,0
897,1192,931,3,0
897,1198,931,3,0
897,1200,931,3,0
897,1201,931,3,0
897,1208,931,3,0
897,1214,931,3,0
897,1217,931,3,0
897,1233,931,3,0
897,1238,931,3,0
897,1247,931,3,0
897,1251,931,3,0
897,1255,931,3,0
898,1157,932,3,0
898,1158,932,3,0
898,1164,932,3,0
898,1166,932,3,0
898,1194,932,3,0
898,1195,932,3,0
898,1196,932,3,0
898,1197,932,3,0
898,1199,932,3,0
898,1207,932,3,0
898,1213,864,0,3
898,1223,932,3,0
898,1232,864,0,3
898,1234,932,3,0
898,1239,864,0,3
899,1170,933,3,0
899,1205,933,3,0
899,1210,933,3,0
899,1211,933,3,0
899,1216,865,0,3
899,1218,865,0,3
899,1225,933,3,0
899,1248,865,0,3
900,1235,934,3,0
901,1180,935,3,0
901,1183,935,3,0
908,1179,874,0,3
916,1179,882,0,3
921,1202,955,3,0
937,1162,938,2,1
937,1179,938,2,1
942,1179,908,0,3
950,1179,916,0,3
955,1202,989,3,0
964,1173,998,3,0
964,1184,998,3,0
964,1186,998,3,0
964,1188,930,0,3
964,1191,998,3,0
964,1202,998,3,0
964,1227,998,3,0
964,1231,930,0,3
964,1253,930,0,3
965,1160,999,3,0
965,1167,999,3,0
965,1169,999,3,0
965,1175,999,3,0
965,1181,999,3,0
965,1192,999,3,0
965,1198,999,3,0
965,1200,999,3,0
965,1201,999,3,0
965,1203,999,3,0
965,1208,999,3,0
965,1214,999,3,0
965,1217,999,3,0
965,1233,999,3,0
965,1238,999,3,0
965,1247,999,3,0
965,1251,999,3,0
965,1255,999,3,0
966,1157,1000,3,0
966,1158,1000,3,0
966,1164,1000,3,0
966,1166,1000,3,0
966,1171,1000,3,0
966,1194,1000,3,0
966,1195,1000,3,0
966,1196,1000,3,0
966,1197,1000,3,0
966,1199,1000,3,0
966,1207,1000,3,0
966,1213,932,0,3
966,1223,1000,3,0
966,1232,932,0,3
966,1234,1000,3,0
966,1239,932,0,3
967,1162,1001,3,0
967,1170,1001,3,0
967,1179,1001,3,0
967,1187,1001,3,0
967,1205,1001,3,0
967,1210,1001,3,0
967,1211,1001,3,0
967,1216,933,0,3
967,1218,933,0,3
967,1221,1001,3,0
967,1225,1001,3,0
967,1237,1001,3,0
967,1248,933,0,3
967,1249,1001,3,0
968,1224,1002,3,0
968,1235,1002,3,0
969,1180,1003,3,0
969,1183,1003,3,0
971,1162,972,2,1
971,1179,972,2,1
976,1176,977,2,1
994,1189,993,1,2
994,1190,995,2,1
996,1222,997,2,1
1006,1179,972,0,3
1018,1240,984,0,3
1019,1245,985,0,3
1020,1238,986,0,2
1032,1173,1066,3,0
1032,1184,1066,3,0
1032,1186,1066,3,0
1032,1188,998,0,3
1032,1191,1066,3,0
1032,1202,1066,3,0
1032,1231,998,0,3
1032,1253,998,0,3
1033,1160,1067,3,0
1033,1167,1067,3,0
1033,1169,1067,3,0
1033,1175,1067,3,0
1033,1181,1067,3,0
1033,1192,1067,3,0
1033,1198,1067,3,0
1033,1200,1067,3,0
1033,1201,1067,3,0
1033,1203,1067,3,0
1033,1208,1067,3,0
1033,1214,1067,3,0
1033,1217,1067,3,0
1033,1233,1067,3,0
1033,1238,1067,3,0
1033,1247,1067,3,0
1033,1251,1067,3,0
1033,1255,1067,3,0
1034,1156,1068,3,0
1034,1157,1068,3,0
1034,1158,1068,3,0
1034,1163,1068,3,0
1034,1164,1068,3,0
1034,1166,1068,3,0
1034,1171,1068,3,0
1034,1189,1068,3,0
1034,1194,1068,3,0
1034,1195,1068,3,0
1034,1196,1068,3,0
1034,1197,1068,3,0
1034,1199,1068,3,0
1034,1207,1068,3,0
1034,1213,1000,0,3
1034,1223,1068,3,0
1034,1232,1000,0,3
1034,1234,1068,3,0
1034,1236,1068,3,0
1034,1239,1000,0,3
1034,1243,1068,3,0
1035,1162,1069,3,0
1035,1170,1069,3,0
1035,1179,1069,3,0
1035,1187,1069,3,0
1035,1205,1069,3,0
1035,1211,1069,3,0
1035,1218,1001,0,3
1035,1221,1069,3,0
1035,1237,1069,3,0
1035,1241,1069,3,0
1035,1249,1069,3,0
1036,1224,1070,3,0
1036,1235,1070,3,0
1037,1180,1071,3,0
1037,1183,1071,3,0
1042,1165,1043,2,1
1042,1212,1043,2,1
1042,1244,1043,2,1
1042,1250,1043,2,1
1043,1193,1044,2,1
1044,1216,1045,2,1
1044,1218,1045,2,1
1064,1246,1030,0,3
1066,1246,1032,0,3
1086,1240,1052,0,3
1087,1245,1053,0,3
1100,1173,1134,3,0
1100,1184,1134,3,0
1100,1186,1134,3,0
1100,1188,1066,0,3
1100,1191,1134,3,0
1100,1202,1134,3,0
1100,1231,1066,0,3
1100,1253,1066,0,3
1101,1160,1135,3,0
1101,1167,1135,3,0
1101,1169,1135,3,0
1101,1175,1135,3,0
1101,1181,1135,3,0
1101,1192,1135,3,0
1101,1198,1135,3,0
1101,1200,1135,3,0
1101,1201,1135,3,0
1101,1203,1135,3,0
1101,1214,1135,3,0
1101,1217,1135,3,0
1101,1233,1135,3,0
1101,1238,1135,3,0
1101,1251,1135,3,0
1101,1255,1135,3,0
1102,1156,1136,3,0
1102,1157,1136,3,0
1102,1158,1136,3,0
1102,1163,1136,3,0
1102,1166,1136,3,0
1102,1171,1136,3,0
1102,1189,1136,3,0
1102,1194,1136,3,0
1102,1195,1136,3,0
1102,1196,1136,3,0
1102,1197,1136,3,0
1102,1199,1136,3,0
1102,1207,1136,3,0
1102,1213,1068,0,3
1102,1223,1136,3,0
1102,1236,1136,3,0
1102,1243,1136,3,0
1103,1162,1137,3,0
1103,1179,1137,3,0
1103,1187,1137,3,0
1103,1205,1137,3,0
1103,1211,1137,3,0
1103,1221,1137,3,0
1103,1237,1137,3,0
1103,1241,1137,3,0
1103,1249,1137,3,0
1104,1210,1070,0,3
1104,1224,1138,3,0
1104,1235,1138,3,0
1111,1179,1077,0,3
1112,1220,1113,2,1
1112,1230,1113,2,1
1121,1202,1088,2,3
1126,1205,1127,2,1
1154,1240,1120,0,3
1155,1245,1121,0,3
1156,1207,279,0,4
1157,1194,541,0,4
1158,1189,279,0,4
1162,1157,610,0,4
1162,1160,610,0,4
1162,1166,610,0,4
1162,1169,610,0,4
1162,1175,610,0,4
1162,1181,610,0,4
1162,1184,610,0,4
1162,1186,610,0,4
1162,1190,610,0,4
1162,1191,610,0,4
1162,1192,610,0,4
1162,1198,610,0,4
1162,1200,610,0,4
1162,1201,610,0,4
1162,1202,610,0,4
1162,1203,610,0,4
1162,1204,610,0,4
1162,1214,610,0,4
1162,1217,610,0,4
1162,1219,610,0,4
1162,1233,610,0,4
1162,1238,610,0,4
1162,1242,610,0,4
1162,1251,610,0,4
1164,1207,405,0,4
1165,1202,1155,0,4
1165,1219,1155,0,4
1165,1244,1155,0,4
1173,1202,710,0,4
1176,1248,1052,0,4
1179,1175,644,0,4
1179,1181,644,0,4
1179,1182,644,0,4
1179,1191,644,0,4
1179,1198,644,0,4
1179,1201,644,0,4
1179,1202,644,0,4
1179,1203,644,0,4
1179,1204,644,0,4
1179,1219,644,0,4
1179,1233,644,0,4
1179,1237,278,0,4
1179,1242,644,0,4
1179,1251,644,0,4
1189,1158,279,0,4
1192,1217,574,0,4
1193,1212,787,0,4
1194,1157,541,0,4
1202,1156,675,0,4
1202,1158,675,0,4
1202,1161,675,0,4
1202,1163,675,0,4
1202,1165,145,0,4
1202,1173,709,0,4
1202,1175,675,0,4
1202,1176,675,0,4
1202,1181,675,0,4
1202,1187,675,0,4
1202,1188,675,0,4
1202,1189,675,0,4
1202,1193,675,0,4
1202,1196,675,0,4
1202,1198,675,0,4
1202,1199,675,0,4
1202,1201,675,0,4
1202,1203,675,0,4
1202,1207,675,0,4
1202,1209,675,0,4
1202,1212,675,0,4
1202,1213,675,0,4
1202,1216,675,0,4
1202,1218,675,0,4
1202,1220,145,0,4
1202,1221,675,0,4
1202,1223,675,0,4
1202,1226,675,0,4
1202,1230,675,0,4
1202,1232,675,0,4
1202,1237,642,0,4
1202,1239,675,0,4
1202,1241,675,0,4
1202,1242,675,0,4
1202,1248,675,0,4
1202,1250,145,0,4
1202,1251,675,0,4
1202,1253,145,0,4
1207,1156,279,0,4
1207,1164,644,0,4
1209,1221,645,0,4
1212,1193,787,0,4
1217,1192,574,0,4
1219,1165,112,0,4
1220,1202,1155,0,4
1221,1209,645,0,4
1227,1234,404,0,4
1230,1248,1154,0,4
1233,1179,642,0,4
1234,1227,405,0,4
1237,1179,278,0,4
1237,1202,644,0,4
1241,1249,278,0,4
1242,1162,644,0,4
1242,1179,644,0,4
1244,1165,1155,0,4
1247,1231,438,0,4
1248,1176,1052,0,4
1248,1230,1086,0,4
1249,1241,278,0,4
1250,1202,1089,0,4
1251,1162,644,0,4
1253,1202,98,0,4
