2,1208,1124,3,3
14,1208,13,0,1
15,1208,14,0,1
16,1208,15,0,1
17,1208,16,0,1
18,1208,17,0,1
19,1208,18,0,1
25,1228,59,2,0
29,1252,30,1,0
57,1208,91,3,0
65,1252,66,2,1
136,1252,137,1,1
138,1245,139,2,1
139,1245,140,2,1
140,1245,141,2,1
140,1255,141,2,1
141,1245,142,2,1
141,1255,142,2,1
142,1245,143,2,1
142,1255,143,2,1
143,1255,1255,4,0
150,1245,1245,4,0
189,1208,223,3,0
241,1252,207,0,3
245,1158,244,1,2
252,1245,218,0,3
254,1193,288,3,0
267,1217,301,3,0
273,1160,274,2,1
275,1252,241,0,3
279,1158,278,1,2
285,1166,284,1,2
285,1222,286,2,1
286,1158,285,1,2
286,1245,252,0,3
287,1158,286,1,2
288,1158,287,1,2
289,1158,288,1,2
289,1193,323,3,0
311,1252,277,0,3
313,1158,312,1,2
320,1158,319,1,2
320,1245,286,0,3
326,1255,360,3,0
335,1200,369,3,0
346,1245,312,0,3
346,1252,312,0,3
354,1158,353,1,2
354,1245,320,0,3
359,1193,393,3,0
359,1238,393,3,0
361,1162,395,3,0
372,1193,373,2,1
380,1245,346,0,3
382,1252,348,0,3
388,1158,387,1,2
388,1245,354,0,3
394,1193,393,1,2
406,1193,407,2,1
414,1245,380,0,3
422,1158,421,1,2
422,1245,388,0,3
427,1203,461,3,0
429,1193,428,1,2
440,1193,441,2,1
440,1245,441,2,1
448,1245,414,0,3
456,1245,422,0,3
465,1171,499,3,0
482,1206,483,2,1
482,1245,448,0,3
490,1245,456,0,3
494,1158,495,2,1
516,1245,482,0,3
525,1211,491,0,3
550,1245,516,0,3
559,1171,560,2,1
560,1225,594,3,0
584,1245,550,0,3
597,1171,631,3,0
598,1171,632,3,0
599,1171,633,3,0
600,1171,634,3,0
601,1171,635,3,0
617,1245,583,0,3
618,1245,584,0,3
626,1164,660,3,0
627,1206,593,0,3
628,1206,594,0,3
629,1206,595,0,3
630,1206,596,0,3
642,1171,1171,4,0
645,1254,612,2,3
659,1208,658,1,2
670,1171,636,0,3
676,1171,642,0,3
693,1208,692,1,2
694,1208,695,2,1
704,1171,670,0,3
710,1171,676,0,3
727,1208,726,1,2
730,1208,731,2,1
738,1171,704,0,3
744,1171,710,0,3
754,1235,753,1,2
761,1208,760,1,2
772,1171,738,0,3
778,1171,744,0,3
790,1208,789,1,2
795,1208,794,1,2
806,1171,772,0,3
812,1171,778,0,3
824,1208,823,1,2
829,1208,828,1,2
840,1171,806,0,3
846,1171,812,0,3
855,1180,854,1,2
858,1208,857,1,2
863,1208,862,1,2
865,1171,866,2,1
870,1208,836,0,3
874,1171,840,0,3
880,1171,846,0,3
892,1208,891,1,2
897,1208,896,1,2
900,1171,901,2,1
904,1208,870,0,3
908,1171,874,0,3
914,1171,880,0,3
926,1208,925,1,2
931,1208,930,1,2
936,1171,937,2,1
942,1171,908,0,3
948,1171,914,0,3
960,1208,959,1,2
964,1222,930,0,3
965,1208,964,1,2
965,1222,931,0,3
966,1222,932,0,3
967,1222,933,0,3
968,1222,934,0,3
969,1222,935,0,3
970,1171,971,2,1
970,1222,936,0,3
971,1222,937,0,3
976,1171,942,0,3
982,1171,948,0,3
994,1208,993,1,2
999,1208,998,1,2
1010,1171,976,0,3
1028,1208,1027,1,2
1033,1208,1032,1,2
1036,1220,1002,0,3
1044,1171,1010,0,3
1062,1208,1061,1,2
1063,1252,1252,4,0
1067,1208,1066,1,2
1070,1206,1071,2,1
1076,1171,1042,0,3
1078,1171,1044,0,3
1081,1252,1082,2,1
1096,1208,1095,1,2
1101,1208,1100,1,2
1109,1165,1110,2,1
1112,1171,1078,0,3
1117,1169,1083,0,3
1130,1208,1129,1,2
1141,1193,1107,0,3
1142,1193,1108,0,3
1142,1231,20,3,3
1143,1193,1109,0,3
1144,1193,1110,0,3
1154,1193,1120,0,3
1156,1222,678,0,4
1157,1236,75,0,4
1157,1255,109,0,4
1158,1168,676,0,4
1158,1206,244,0,4
1161,1252,1119,0,4
1168,1158,660,0,4
1168,1206,261,0,4
1171,1168,642,0,4
1171,1191,642,0,4
1171,1202,642,0,4
1171,1204,642,0,4
1171,1206,642,0,4
1171,1209,609,0,4
1171,1219,642,0,4
1171,1223,643,0,4
1171,1233,642,0,4
1183,1210,1092,0,4
1186,1239,42,0,4
1191,1202,674,0,4
1193,1252,1087,0,4
1195,1252,7,0,4
1199,1201,211,0,4
1201,1199,211,0,4
1202,1171,675,0,4
1202,1191,674,0,4
1202,1245,145,0,4
1204,1171,674,0,4
1205,1252,1129,0,4
1205,1255,7,0,4
1206,1168,261,0,4
1208,1213,1129,0,4
1208,1229,1129,0,4
1208,1240,7,0,4
1208,1245,7,0,4
1209,1171,610,0,4
1210,1183,1092,0,4
1216,1252,1086,0,4
1217,1254,539,0,4
1218,1252,1120,0,4
1219,1171,674,0,4
1222,1156,435,0,4
1223,1171,643,0,4
1225,1252,1059,0,4
1226,1252,1121,0,4
1232,1252,1119,0,4
1233,1171,642,0,4
1236,1157,75,0,4
1239,1186,1119,0,4
1239,1252,1119,0,4
1240,1208,150,0,4
1245,1156,150,0,4
1245,1158,150,0,4
1245,1162,150,0,4
1245,1163,150,0,4
1245,1171,150,0,4
1245,1173,150,0,4
1245,1175,150,0,4
1245,1179,150,0,4
1245,1181,150,0,4
1245,1187,150,0,4
1245,1189,150,0,4
1245,1196,150,0,4
1245,1197,150,0,4
1245,1198,150,0,4
1245,1199,150,0,4
1245,1201,150,0,4
1245,1202,150,0,4
1245,1203,150,0,4
1245,1207,150,0,4
1245,1208,116,0,4
1245,1209,150,0,4
1245,1211,150,0,4
1245,1221,150,0,4
1245,1223,150,0,4
1245,1224,150,0,4
1245,1237,150,0,4
1245,1241,150,0,4
1245,1242,150,0,4
1245,1243,150,0,4
1245,1249,150,0,4
1245,1251,150,0,4
1245,1255,150,0,4
1247,1252,1096,0,4
1247,1255,1129,0,4
1252,1161,1063,0,4
1252,1164,1063,0,4
1252,1170,1063,0,4
1252,1177,1063,0,4
1252,1180,1063,0,4
1252,1183,1063,0,4
1252,1193,1063,0,4
1252,1195,1063,0,4
1252,1205,1063,0,4
1252,1216,1063,0,4
1252,1218,1063,0,4
1252,1225,1063,0,4
1252,1226,1063,0,4
1252,1227,1063,0,4
1252,1229,1063,0,4
1252,1232,1063,0,4
1252,1234,1063,0,4
1252,1235,1063,0,4
1252,1239,1063,0,4
1252,1247,1063,0,4
1255,1157,143,0,4
1255,1164,143,0,4
1255,1170,143,0,4
1255,1194,143,0,4
1255,1195,143,0,4
1255,1205,143,0,4
1255,1225,143,0,4
1255,1234,143,0,4
1255,1235,143,0,4
1255,1236,143,0,4
1255,1247,143,0,4
