12,1208,11,0,1
17,1208,16,0,1
18,1208,17,0,1
19,1208,18,0,1
20,1208,19,0,1
21,1208,20,0,1
24,1225,58,2,0
25,1230,26,1,0
46,1208,45,1,2
51,1208,50,1,2
61,1208,95,3,0
81,1192,80,1,2
85,1208,84,1,2
102,1214,136,2,0
103,1214,104,2,1
104,1214,105,2,1
107,1210,106,1,2
135,1214,169,3,0
136,1214,170,2,0
138,1214,139,2,1
158,1178,159,2,1
169,1214,203,3,0
170,1214,204,2,0
174,1214,175,2,1
204,1214,238,2,0
208,1214,209,2,1
224,1178,225,2,1
228,1180,194,0,3
238,1214,272,2,0
244,1214,210,0,3
261,1168,295,3,0
262,1168,296,3,0
263,1168,297,3,0
264,1168,298,3,0
272,1214,306,2,0
278,1214,244,0,3
289,1178,290,2,1
293,1208,294,2,1
295,1168,296,2,1
298,1168,1168,4,0
306,1214,340,2,0
313,1214,279,0,3
326,1168,327,2,1
340,1214,374,2,0
347,1214,313,0,3
348,1214,314,0,3
374,1214,408,2,0
377,1209,411,3,0
383,1214,349,0,3
396,1168,397,2,1
397,1178,431,3,0
398,1178,432,3,0
399,1178,433,3,0
400,1178,434,3,0
400,1209,401,2,1
401,1178,435,3,0
408,1214,442,2,0
409,1199,443,3,0
411,1209,445,3,0
417,1214,383,0,3
418,1214,384,0,3
431,1178,432,2,1
431,1243,465,3,0
434,1209,435,2,1
438,1178,1178,4,0
442,1214,476,2,0
445,1209,479,3,0
453,1214,419,0,3
454,1214,420,0,3
458,1178,459,2,1
459,1208,460,2,1
459,1214,425,0,3
468,1209,469,2,1
468,1249,469,2,1
475,1208,1208,4,0
476,1214,510,2,0
477,1189,511,3,0
477,1214,511,3,0
478,1209,479,2,1
478,1214,512,3,0
479,1209,513,3,0
479,1214,513,3,0
480,1214,514,3,0
481,1214,515,3,0
482,1214,516,3,0
488,1214,454,0,3
488,1242,487,1,2
493,1208,494,2,1
493,1214,494,2,1
502,1209,503,2,1
505,1208,471,0,3
509,1208,475,0,3
512,1209,513,2,1
513,1209,547,3,0
514,1162,548,3,0
515,1162,549,3,0
516,1162,550,3,0
527,1208,528,2,1
535,1168,501,0,3
536,1209,537,2,1
539,1208,505,0,3
543,1208,509,0,3
546,1209,547,2,1
547,1209,1209,4,0
561,1208,562,2,1
563,1178,564,2,1
570,1209,571,2,1
573,1208,539,0,3
577,1208,543,0,3
581,1162,580,1,2
582,1162,548,0,3
583,1162,549,0,3
584,1162,550,0,3
595,1208,596,2,1
599,1178,600,2,1
607,1208,573,0,3
611,1208,577,0,3
615,1162,614,1,2
629,1208,630,2,1
631,1170,665,3,0
641,1208,607,0,3
645,1208,611,0,3
656,1235,690,3,0
665,1208,666,2,1
665,1235,699,3,0
667,1235,701,3,0
675,1208,641,0,3
679,1208,645,0,3
690,1235,724,3,0
700,1208,701,2,1
702,1235,736,3,0
703,1178,669,0,3
709,1208,675,0,3
713,1208,679,0,3
723,1180,722,1,2
724,1235,758,3,0
736,1208,737,2,1
737,1235,771,3,0
743,1208,709,0,3
747,1208,713,0,3
758,1235,792,3,0
770,1208,771,2,1
771,1235,805,3,0
777,1208,743,0,3
781,1208,747,0,3
807,1235,806,1,2
811,1208,777,0,3
815,1208,781,0,3
842,1235,841,1,2
843,1178,809,0,3
845,1208,811,0,3
849,1208,815,0,3
860,1165,859,1,2
872,1233,906,3,0
876,1208,842,0,3
879,1178,845,0,3
879,1208,845,0,3
883,1208,849,0,3
895,1211,894,1,2
910,1208,876,0,3
913,1208,879,0,3
917,1208,883,0,3
947,1208,913,0,3
951,1208,917,0,3
957,1180,991,3,0
958,1255,992,3,0
981,1208,947,0,3
1009,1168,1043,3,0
1075,1168,1076,2,1
1091,1162,1092,2,1
1092,1209,1058,0,3
1098,1235,1235,4,0
1107,1235,1106,1,2
1108,1235,1107,1,2
1109,1235,1108,1,2
1110,1235,1109,1,2
1111,1235,1110,1,2
1134,1208,1133,1,2
1140,1168,1141,2,1
1156,1162,315,0,4
1156,1168,283,0,4
1162,1156,281,0,4
1162,1161,548,0,4
1162,1163,248,0,4
1162,1165,548,0,4
1162,1176,548,0,4
1162,1185,548,0,4
1162,1188,548,0,4
1162,1189,248,0,4
1162,1193,548,0,4
1162,1206,548,0,4
1162,1212,548,0,4
1162,1213,548,0,4
1162,1216,548,0,4
1162,1218,548,0,4
1162,1220,548,0,4
1162,1226,548,0,4
1162,1230,548,0,4
1162,1232,548,0,4
1162,1239,548,0,4
1162,1244,548,0,4
1162,1248,548,0,4
1162,1250,548,0,4
1162,1253,548,0,4
1163,1162,282,0,4
1166,1209,545,0,4
1167,1214,510,0,4
1168,1156,298,0,4
1168,1163,298,0,4
1168,1173,298,0,4
1168,1189,298,0,4
1168,1207,298,0,4
1168,1221,298,0,4
1168,1240,298,0,4
1168,1242,298,0,4
1168,1245,298,0,4
1173,1168,183,0,4
1173,1242,182,0,4
1175,1208,612,0,4
1178,1168,438,0,4
1178,1182,967,0,4
1178,1206,438,0,4
1182,1178,83,0,4
1186,1239,46,0,4
1189,1162,282,0,4
1189,1167,647,0,4
1189,1168,283,0,4
1189,1211,282,0,4
1189,1228,647,0,4
1189,1252,647,0,4
1192,1182,80,0,4
1192,1204,80,0,4
1192,1219,80,0,4
1199,1178,613,0,4
1199,1208,613,0,4
1199,1222,613,0,4
1199,1227,613,0,4
1205,1208,375,0,4
1206,1178,264,0,4
1207,1168,216,0,4
1208,1175,442,0,4
1208,1184,11,0,4
1208,1186,11,0,4
1208,1190,475,0,4
1208,1192,11,0,4
1208,1205,375,0,4
1208,1214,11,0,4
1208,1228,475,0,4
1208,1240,11,0,4
1208,1245,11,0,4
1208,1252,475,0,4
1209,1157,547,0,4
1209,1160,547,0,4
1209,1166,547,0,4
1209,1167,547,0,4
1209,1169,547,0,4
1209,1178,547,0,4
1209,1184,547,0,4
1209,1186,547,0,4
1209,1190,547,0,4
1209,1192,547,0,4
1209,1194,547,0,4
1209,1195,547,0,4
1209,1200,547,0,4
1209,1205,547,0,4
1209,1208,547,0,4
1209,1214,547,0,4
1209,1217,547,0,4
1209,1222,547,0,4
1209,1227,547,0,4
1209,1228,547,0,4
1209,1236,547,0,4
1209,1247,547,0,4
1209,1252,547,0,4
1210,1212,1029,0,4
1211,1189,247,0,4
1212,1210,1025,0,4
1214,1167,510,0,4
1214,1185,543,0,4
1214,1208,46,0,4
1214,1236,46,0,4
1221,1168,283,0,4
1227,1235,1100,0,4
1235,1227,1098,0,4
1235,1228,1098,0,4
1235,1252,1098,0,4
1236,1214,45,0,4
1239,1186,1089,0,4
1242,1168,216,0,4
1242,1173,182,0,4
