2,1240,3,1,0
12,1225,11,0,1
20,1156,21,1,0
20,1158,21,1,0
20,1163,21,1,0
20,1176,21,1,0
20,1189,21,1,0
20,1199,21,1,0
20,1248,21,1,0
21,1175,22,1,0
21,1181,22,1,0
21,1198,22,1,0
21,1201,22,1,0
21,1203,22,1,0
21,1242,22,1,0
21,1251,22,1,0
23,1172,24,1,0
23,1173,24,1,0
23,1185,22,0,1
23,1191,24,1,0
23,1202,24,1,0
23,1204,24,1,0
23,1231,24,1,0
23,1254,24,1,0
24,1182,1146,3,3
24,1222,58,2,0
25,1228,26,1,0
25,1246,59,2,0
26,1159,60,2,0
26,1174,60,2,0
26,1190,60,2,0
26,1215,60,2,0
27,1168,61,2,0
27,1206,61,2,0
28,1245,1150,3,3
34,1195,35,1,1
35,1170,34,1,1
35,1195,1195,4,0
36,1170,2,0,2
43,1208,9,0,2
45,1170,11,0,2
47,1177,81,3,0
49,1210,83,3,0
52,1225,53,2,1
53,1241,54,2,1
53,1252,87,3,0
54,1208,55,2,1
55,1247,56,2,1
61,1228,62,2,1
66,1195,67,2,1
67,1195,34,2,3
69,1170,68,1,1
70,1170,36,0,3
70,1240,71,2,1
70,1245,71,2,1
79,1170,45,0,3
86,1210,120,3,0
86,1252,120,3,0
87,1165,88,2,1
87,1193,88,2,1
87,1212,88,2,1
87,1220,88,2,1
87,1230,88,2,1
87,1241,88,2,1
87,1244,88,2,1
88,1176,89,2,1
88,1208,89,2,1
88,1216,89,2,1
88,1226,89,2,1
88,1248,89,2,1
89,1218,90,2,1
89,1239,90,2,1
89,1247,90,2,1
90,1161,91,2,1
90,1232,91,2,1
91,1172,92,2,1
91,1173,92,2,1
91,1231,92,2,1
91,1254,92,2,1
92,1185,126,3,0
92,1222,126,3,0
93,1246,127,3,0
94,1159,128,3,0
94,1174,128,3,0
94,1190,128,3,0
94,1215,128,3,0
95,1168,129,3,0
95,1206,129,3,0
103,1170,102,1,1
104,1170,70,0,3
110,1184,76,0,3
110,1186,76,0,3
110,1192,76,0,3
110,1214,76,0,3
111,1160,77,0,3
111,1167,77,0,3
111,1200,77,0,3
111,1217,77,0,3
113,1170,79,0,3
113,1195,79,0,3
116,1225,117,2,1
119,1180,120,2,1
119,1183,120,2,1
120,1170,121,2,1
120,1210,154,3,0
120,1225,121,2,1
121,1195,122,2,1
121,1241,122,2,1
122,1167,123,2,1
122,1208,123,2,1
123,1160,124,2,1
123,1217,124,2,1
123,1247,124,2,1
124,1184,125,2,1
124,1227,125,2,1
132,1228,133,2,1
137,1170,136,1,1
152,1252,186,3,0
154,1210,188,3,0
155,1165,156,2,1
155,1193,156,2,1
155,1195,156,2,1
155,1212,156,2,1
155,1220,156,2,1
155,1230,156,2,1
155,1241,156,2,1
155,1244,156,2,1
156,1167,157,2,1
156,1176,157,2,1
156,1208,157,2,1
156,1216,157,2,1
156,1226,157,2,1
156,1248,157,2,1
157,1160,158,2,1
157,1192,158,2,1
157,1213,158,2,1
157,1217,158,2,1
157,1218,158,2,1
157,1239,158,2,1
157,1247,158,2,1
158,1161,159,2,1
158,1184,159,2,1
158,1227,159,2,1
158,1232,159,2,1
159,1172,160,2,1
159,1231,160,2,1
159,1254,160,2,1
160,1222,194,3,0
161,1246,195,3,0
162,1159,196,3,0
162,1174,196,3,0
162,1190,196,3,0
162,1215,196,3,0
163,1164,197,3,0
163,1168,197,3,0
164,1210,198,3,0
166,1228,167,2,1
171,1170,170,1,1
177,1202,143,0,3
177,1204,143,0,3
177,1219,143,0,3
178,1191,144,0,3
178,1233,144,0,3
179,1166,145,0,3
179,1169,145,0,3
179,1238,145,0,3
181,1236,147,0,3
185,1173,184,1,2
185,1210,219,3,0
186,1210,220,3,0
187,1210,221,3,0
188,1170,189,2,1
188,1210,222,3,0
189,1194,190,2,1
189,1195,190,2,1
189,1235,190,2,1
189,1241,190,2,1
190,1167,191,2,1
190,1208,191,2,1
191,1160,192,2,1
191,1192,192,2,1
191,1217,192,2,1
191,1247,192,2,1
192,1184,193,2,1
192,1227,193,2,1
197,1164,231,3,0
198,1210,232,3,0
205,1170,204,1,1
206,1245,207,2,1
223,1165,224,2,1
223,1193,224,2,1
223,1194,224,2,1
223,1195,224,2,1
223,1212,224,2,1
223,1220,224,2,1
223,1230,224,2,1
223,1235,224,2,1
223,1241,224,2,1
223,1244,224,2,1
224,1166,225,2,1
224,1167,225,2,1
224,1176,225,2,1
224,1205,225,2,1
224,1208,225,2,1
224,1216,225,2,1
224,1226,225,2,1
224,1234,225,2,1
224,1248,225,2,1
225,1160,226,2,1
225,1192,226,2,1
225,1213,226,2,1
225,1217,226,2,1
225,1218,226,2,1
225,1239,226,2,1
225,1247,226,2,1
226,1161,227,2,1
226,1184,227,2,1
226,1227,227,2,1
226,1232,227,2,1
227,1172,228,2,1
227,1204,228,2,1
227,1231,228,2,1
228,1185,194,0,3
228,1222,262,3,0
230,1190,264,3,0
231,1164,265,3,0
232,1210,1210,4,0
236,1228,202,0,3
236,1252,202,0,3
238,1241,272,2,0
246,1173,212,0,3
247,1175,213,0,3
247,1181,213,0,3
247,1196,213,0,3
247,1198,213,0,3
247,1201,213,0,3
247,1203,213,0,3
248,1171,214,0,3
248,1197,214,0,3
248,1255,214,0,3
249,1209,283,3,0
251,1252,252,2,1
256,1170,257,2,1
257,1194,258,2,1
257,1195,258,2,1
257,1235,258,2,1
257,1241,258,2,1
258,1164,259,2,1
258,1166,259,2,1
258,1167,259,2,1
258,1197,259,2,1
258,1205,259,2,1
258,1208,259,2,1
258,1234,259,2,1
259,1160,260,2,1
259,1192,260,2,1
259,1217,260,2,1
259,1247,260,2,1
260,1173,261,2,1
260,1184,261,2,1
260,1227,261,2,1
265,1164,299,3,0
268,1177,1177,4,0
272,1241,306,2,0
272,1243,273,1,1
273,1243,1243,4,0
274,1245,275,2,1
278,1185,279,2,1
288,1177,254,0,3
291,1165,292,2,1
291,1193,292,2,1
291,1194,292,2,1
291,1195,292,2,1
291,1212,292,2,1
291,1220,292,2,1
291,1230,292,2,1
291,1241,292,2,1
291,1244,292,2,1
292,1164,293,2,1
292,1166,293,2,1
292,1167,293,2,1
292,1171,293,2,1
292,1176,293,2,1
292,1197,293,2,1
292,1205,293,2,1
292,1208,293,2,1
292,1216,293,2,1
292,1226,293,2,1
292,1234,293,2,1
292,1248,293,2,1
293,1160,294,2,1
293,1192,294,2,1
293,1213,294,2,1
293,1217,294,2,1
293,1218,294,2,1
293,1239,294,2,1
293,1247,294,2,1
294,1161,295,2,1
294,1173,295,2,1
294,1184,295,2,1
294,1227,295,2,1
294,1232,295,2,1
295,1172,296,2,1
295,1186,296,2,1
295,1202,296,2,1
295,1204,296,2,1
296,1185,262,0,3
296,1222,330,3,0
297,1246,263,0,3
298,1190,332,3,0
299,1164,333,3,0
300,1206,266,0,3
302,1177,268,0,3
304,1241,338,3,0
304,1243,305,2,1
305,1241,339,3,0
305,1243,272,2,3
306,1241,1241,4,0
308,1228,274,0,3
316,1158,282,0,3
316,1207,282,0,3
316,1223,282,0,3
317,1237,283,0,3
317,1243,283,0,3
317,1249,283,0,3
323,1177,289,0,3
325,1168,291,0,3
325,1194,326,2,1
325,1195,326,2,1
325,1199,326,2,1
325,1207,326,2,1
325,1223,326,2,1
325,1243,326,2,1
325,1249,326,2,1
326,1164,327,2,1
326,1166,327,2,1
326,1167,327,2,1
326,1171,327,2,1
326,1197,327,2,1
326,1205,327,2,1
326,1208,327,2,1
326,1234,327,2,1
327,1160,328,2,1
327,1164,328,2,1
327,1192,328,2,1
327,1217,328,2,1
327,1242,328,2,1
327,1247,328,2,1
327,1251,328,2,1
328,1173,329,2,1
328,1184,329,2,1
328,1227,329,2,1
332,1164,333,2,1
333,1164,367,3,0
335,1243,336,2,1
336,1177,302,0,3
336,1241,337,2,1
340,1241,306,0,2
342,1168,343,2,1
342,1245,343,2,1
343,1159,344,2,1
344,1215,345,2,1
345,1246,346,2,1
346,1185,347,2,1
350,1174,384,3,0
354,1177,355,2,1
355,1164,356,2,1
355,1239,321,0,3
356,1164,357,2,1
356,1177,322,0,3
357,1164,358,2,1
358,1164,359,2,1
359,1164,360,2,1
359,1165,360,2,1
359,1193,360,2,1
359,1194,360,2,1
359,1199,360,2,1
359,1207,360,2,1
359,1210,360,2,1
359,1212,360,2,1
359,1220,360,2,1
359,1223,360,2,1
359,1225,360,2,1
359,1230,360,2,1
359,1237,360,2,1
359,1243,360,2,1
359,1249,360,2,1
360,1164,361,2,1
360,1166,361,2,1
360,1167,361,2,1
360,1171,361,2,1
360,1176,361,2,1
360,1197,361,2,1
360,1208,361,2,1
360,1216,361,2,1
360,1226,361,2,1
360,1248,361,2,1
361,1157,362,2,1
361,1160,362,2,1
361,1192,362,2,1
361,1213,362,2,1
361,1217,362,2,1
361,1218,362,2,1
361,1239,362,2,1
361,1242,362,2,1
361,1247,362,2,1
361,1251,362,2,1
362,1161,363,2,1
362,1173,363,2,1
362,1184,363,2,1
362,1227,363,2,1
362,1232,363,2,1
363,1186,364,2,1
363,1202,364,2,1
363,1204,364,2,1
364,1185,330,0,3
364,1254,330,0,3
365,1246,331,0,3
366,1159,332,0,3
366,1164,367,2,1
366,1190,400,3,0
366,1215,332,0,3
367,1164,1164,4,0
367,1168,333,0,3
368,1206,334,0,3
370,1177,336,0,3
370,1241,371,2,1
383,1174,384,2,1
385,1156,351,0,3
385,1163,351,0,3
385,1189,351,0,3
386,1174,420,3,0
388,1177,389,2,1
391,1177,357,0,3
393,1163,394,2,1
393,1189,394,2,1
393,1194,394,2,1
393,1199,394,2,1
393,1207,394,2,1
393,1223,394,2,1
393,1237,394,2,1
393,1243,394,2,1
393,1249,394,2,1
394,1166,395,2,1
394,1167,395,2,1
394,1171,395,2,1
394,1197,395,2,1
394,1208,395,2,1
395,1157,396,2,1
395,1160,396,2,1
395,1192,396,2,1
395,1217,396,2,1
395,1242,396,2,1
395,1247,396,2,1
395,1251,396,2,1
396,1173,397,2,1
396,1184,397,2,1
396,1227,397,2,1
404,1177,370,0,3
410,1168,411,2,1
410,1245,411,2,1
411,1159,412,2,1
411,1206,412,2,1
412,1174,413,2,1
412,1215,413,2,1
413,1228,379,0,3
413,1246,414,2,1
414,1185,415,2,1
417,1174,418,2,1
420,1174,454,3,0
422,1177,423,2,1
424,1177,390,0,3
427,1156,428,2,1
427,1162,428,2,1
427,1163,428,2,1
427,1165,428,2,1
427,1170,428,2,1
427,1179,428,2,1
427,1189,428,2,1
427,1193,428,2,1
427,1199,428,2,1
427,1207,428,2,1
427,1210,428,2,1
427,1220,428,2,1
427,1223,428,2,1
427,1225,428,2,1
427,1230,428,2,1
427,1235,428,2,1
427,1237,428,2,1
427,1243,428,2,1
427,1249,428,2,1
428,1166,429,2,1
428,1167,429,2,1
428,1171,429,2,1
428,1196,429,2,1
428,1197,429,2,1
428,1211,429,2,1
428,1216,429,2,1
428,1226,429,2,1
428,1248,429,2,1
429,1157,430,2,1
429,1160,430,2,1
429,1192,430,2,1
429,1213,430,2,1
429,1217,430,2,1
429,1239,430,2,1
429,1242,430,2,1
429,1251,430,2,1
430,1161,431,2,1
430,1173,431,2,1
430,1184,431,2,1
430,1232,431,2,1
431,1172,432,2,1
431,1186,432,2,1
431,1191,432,2,1
431,1202,432,2,1
431,1204,432,2,1
431,1231,432,2,1
432,1185,398,0,3
432,1254,398,0,3
433,1233,467,3,0
433,1246,399,0,3
434,1159,400,0,3
434,1190,468,3,0
434,1215,400,0,3
435,1168,401,0,3
436,1206,402,0,3
438,1177,404,0,3
440,1165,474,3,0
448,1228,449,2,1
451,1174,452,2,1
456,1174,490,3,0
456,1177,457,2,1
459,1177,425,0,3
459,1224,460,2,1
461,1156,462,2,1
461,1162,462,2,1
461,1163,462,2,1
461,1179,462,2,1
461,1189,462,2,1
461,1199,462,2,1
461,1207,462,2,1
461,1223,462,2,1
461,1237,462,2,1
461,1243,462,2,1
461,1249,462,2,1
462,1166,463,2,1
462,1167,463,2,1
462,1171,463,2,1
462,1196,463,2,1
462,1197,463,2,1
462,1211,463,2,1
463,1157,464,2,1
463,1160,464,2,1
463,1192,464,2,1
463,1200,464,2,1
463,1217,464,2,1
463,1242,464,2,1
463,1251,464,2,1
464,1169,465,2,1
464,1173,465,2,1
464,1184,465,2,1
464,1233,465,2,1
472,1177,438,0,3
478,1168,479,2,1
478,1245,479,2,1
479,1159,480,2,1
479,1206,480,2,1
480,1174,481,2,1
480,1215,481,2,1
481,1246,482,2,1
482,1178,483,2,1
482,1185,483,2,1
482,1228,483,2,1
485,1174,486,2,1
490,1174,524,3,0
490,1177,491,2,1
492,1177,458,0,3
495,1156,496,2,1
495,1162,496,2,1
495,1163,496,2,1
495,1170,496,2,1
495,1179,496,2,1
495,1189,496,2,1
495,1199,496,2,1
495,1207,496,2,1
495,1210,496,2,1
495,1223,496,2,1
495,1225,496,2,1
495,1230,496,2,1
495,1235,496,2,1
495,1237,496,2,1
495,1243,496,2,1
495,1249,496,2,1
496,1166,497,2,1
496,1171,497,2,1
496,1196,497,2,1
496,1197,497,2,1
496,1205,497,2,1
496,1211,497,2,1
496,1221,497,2,1
496,1226,497,2,1
497,1164,498,2,1
497,1213,498,2,1
497,1234,498,2,1
497,1242,498,2,1
497,1251,498,2,1
497,1255,498,2,1
498,1161,499,2,1
498,1169,499,2,1
498,1173,499,2,1
498,1184,499,2,1
498,1232,499,2,1
498,1233,499,2,1
499,1172,500,2,1
499,1186,500,2,1
499,1191,500,2,1
499,1202,500,2,1
499,1204,500,2,1
499,1231,500,2,1
500,1185,466,0,3
500,1228,499,1,2
500,1254,466,0,3
501,1246,467,0,3
502,1159,468,0,3
502,1215,468,0,3
503,1245,537,3,0
504,1206,470,0,3
504,1220,470,0,3
506,1177,472,0,3
509,1241,475,0,3
515,1228,516,2,1
518,1252,519,2,1
519,1174,520,2,1
523,1224,489,0,3
524,1177,525,2,1
525,1174,559,3,0
527,1177,493,0,3
527,1224,528,2,1
529,1156,530,2,1
529,1162,530,2,1
529,1163,530,2,1
529,1179,530,2,1
529,1189,530,2,1
529,1199,530,2,1
529,1207,530,2,1
529,1223,530,2,1
529,1237,530,2,1
529,1241,530,2,1
529,1243,530,2,1
529,1249,530,2,1
530,1166,531,2,1
530,1171,531,2,1
530,1196,531,2,1
530,1197,531,2,1
530,1211,531,2,1
530,1221,531,2,1
531,1242,532,2,1
531,1251,532,2,1
531,1255,532,2,1
532,1169,533,2,1
532,1173,533,2,1
532,1184,533,2,1
532,1233,533,2,1
534,1228,533,1,2
535,1228,534,1,2
536,1228,535,1,2
537,1228,536,1,2
538,1228,537,1,2
539,1228,538,1,2
540,1177,506,0,3
540,1228,539,1,2
541,1228,540,1,2
542,1228,541,1,2
546,1168,547,2,1
546,1245,547,2,1
547,1159,548,2,1
547,1206,548,2,1
548,1174,549,2,1
548,1215,549,2,1
549,1228,583,3,0
549,1246,550,2,1
550,1178,551,2,1
550,1185,551,2,1
550,1252,551,2,1
553,1174,554,2,1
558,1177,559,2,1
560,1177,526,0,3
563,1156,564,2,1
563,1163,564,2,1
563,1170,564,2,1
563,1189,564,2,1
563,1199,564,2,1
563,1207,564,2,1
563,1210,564,2,1
563,1223,564,2,1
563,1225,564,2,1
563,1235,564,2,1
563,1241,564,2,1
564,1195,565,2,1
564,1196,565,2,1
564,1205,565,2,1
564,1221,565,2,1
565,1164,566,2,1
565,1208,566,2,1
565,1234,566,2,1
565,1242,566,2,1
565,1251,566,2,1
565,1255,566,2,1
566,1173,567,2,1
566,1227,567,2,1
566,1233,567,2,1
566,1247,567,2,1
567,1172,568,2,1
567,1191,568,2,1
567,1202,568,2,1
567,1204,568,2,1
567,1231,568,2,1
568,1185,534,0,3
568,1228,567,1,2
568,1254,534,0,3
570,1159,536,0,3
570,1215,536,0,3
571,1245,605,3,0
587,1174,588,2,1
592,1177,593,2,1
595,1174,594,1,2
597,1156,598,2,1
597,1163,598,2,1
597,1189,598,2,1
597,1199,598,2,1
597,1207,598,2,1
597,1223,598,2,1
597,1241,598,2,1
598,1187,599,2,1
598,1196,599,2,1
598,1221,599,2,1
599,1201,600,2,1
599,1242,600,2,1
599,1251,600,2,1
599,1255,600,2,1
600,1173,601,2,1
600,1233,601,2,1
602,1228,601,1,2
615,1159,616,2,1
616,1174,617,2,1
616,1215,617,2,1
617,1246,618,2,1
618,1178,619,2,1
618,1185,619,2,1
618,1228,619,2,1
618,1252,619,2,1
621,1174,622,2,1
623,1252,624,2,1
626,1177,627,2,1
628,1177,594,0,3
629,1174,628,1,2
631,1170,632,2,1
631,1210,632,2,1
631,1225,632,2,1
631,1235,632,2,1
632,1194,633,2,1
632,1195,633,2,1
632,1205,633,2,1
632,1236,633,2,1
633,1157,634,2,1
633,1164,634,2,1
633,1167,634,2,1
633,1200,634,2,1
633,1208,634,2,1
633,1217,634,2,1
633,1234,634,2,1
634,1160,635,2,1
634,1173,635,2,1
634,1214,635,2,1
634,1227,635,2,1
634,1247,635,2,1
635,1172,636,2,1
635,1231,636,2,1
636,1228,635,1,2
636,1254,602,0,3
638,1159,604,0,3
638,1215,604,0,3
639,1190,605,0,3
639,1240,673,3,0
639,1245,673,3,0
659,1252,660,2,1
660,1177,661,2,1
665,1174,664,1,2
668,1173,669,2,1
670,1228,669,1,2
680,1228,714,2,0
684,1174,685,2,1
684,1215,685,2,1
685,1246,686,2,1
686,1178,687,2,1
686,1222,687,2,1
686,1228,687,2,1
686,1252,687,2,1
690,1174,1174,4,0
691,1174,690,1,2
692,1174,691,1,2
693,1174,692,1,2
694,1174,693,1,2
694,1177,695,2,1
695,1174,694,1,2
696,1177,662,0,3
699,1162,700,2,1
699,1170,700,2,1
699,1210,700,2,1
699,1225,700,2,1
699,1235,700,2,1
700,1174,699,1,2
700,1194,701,2,1
700,1195,701,2,1
700,1197,701,2,1
700,1205,701,2,1
700,1211,701,2,1
700,1236,701,2,1
701,1164,702,2,1
701,1166,702,2,1
701,1167,702,2,1
701,1200,702,2,1
701,1208,702,2,1
701,1217,702,2,1
701,1234,702,2,1
701,1238,702,2,1
701,1255,702,2,1
702,1160,703,2,1
702,1169,703,2,1
702,1192,703,2,1
702,1214,703,2,1
702,1227,703,2,1
702,1247,703,2,1
703,1172,704,2,1
703,1184,704,2,1
703,1186,704,2,1
703,1231,704,2,1
704,1228,703,1,2
704,1254,670,0,3
706,1215,672,0,3
707,1190,673,0,3
707,1240,741,3,0
707,1245,741,3,0
720,1204,719,1,2
723,1161,689,0,3
723,1232,689,0,3
723,1239,689,0,3
724,1248,690,0,3
725,1176,691,0,3
725,1193,759,3,0
727,1177,761,3,0
729,1177,695,0,3
729,1252,695,0,3
733,1176,734,2,1
738,1228,737,1,2
754,1178,755,2,1
754,1222,755,2,1
754,1228,755,2,1
754,1252,755,2,1
764,1177,730,0,3
767,1162,768,2,1
767,1170,768,2,1
767,1176,768,2,1
767,1209,768,2,1
767,1224,768,2,1
767,1225,768,2,1
767,1235,768,2,1
767,1248,768,2,1
768,1158,769,2,1
768,1179,769,2,1
768,1187,769,2,1
768,1194,769,2,1
768,1195,769,2,1
768,1197,769,2,1
768,1199,769,2,1
768,1205,769,2,1
768,1207,769,2,1
768,1211,769,2,1
768,1221,769,2,1
768,1223,769,2,1
768,1236,769,2,1
768,1237,769,2,1
768,1241,769,2,1
768,1243,769,2,1
768,1249,769,2,1
769,1164,770,2,1
769,1166,770,2,1
769,1167,770,2,1
769,1171,770,2,1
769,1175,770,2,1
769,1181,770,2,1
769,1196,770,2,1
769,1198,770,2,1
769,1200,770,2,1
769,1201,770,2,1
769,1203,770,2,1
769,1208,770,2,1
769,1217,770,2,1
769,1234,770,2,1
769,1238,770,2,1
769,1242,770,2,1
769,1251,770,2,1
769,1255,770,2,1
770,1160,771,2,1
770,1169,771,2,1
770,1192,771,2,1
770,1214,771,2,1
770,1227,771,2,1
770,1233,771,2,1
770,1247,771,2,1
771,1172,772,2,1
771,1184,772,2,1
771,1186,772,2,1
771,1191,772,2,1
771,1202,772,2,1
771,1204,772,2,1
771,1231,772,2,1
772,1228,771,1,2
772,1254,738,0,3
775,1190,741,0,3
775,1240,809,3,0
775,1245,809,3,0
791,1213,757,0,3
793,1216,759,0,3
793,1250,827,3,0
795,1177,829,3,0
801,1176,802,2,1
801,1216,802,2,1
801,1248,802,2,1
802,1239,803,2,1
806,1228,805,1,2
813,1228,814,2,1
822,1178,823,2,1
822,1222,823,2,1
822,1228,823,2,1
822,1252,823,2,1
826,1233,860,3,0
833,1252,799,0,3
835,1162,836,2,1
835,1170,836,2,1
835,1176,836,2,1
835,1209,836,2,1
835,1216,836,2,1
835,1224,836,2,1
835,1248,836,2,1
836,1156,837,2,1
836,1158,837,2,1
836,1163,837,2,1
836,1179,837,2,1
836,1187,837,2,1
836,1189,837,2,1
836,1194,837,2,1
836,1195,837,2,1
836,1197,837,2,1
836,1199,837,2,1
836,1205,837,2,1
836,1207,837,2,1
836,1211,837,2,1
836,1221,837,2,1
836,1223,837,2,1
836,1236,837,2,1
836,1237,837,2,1
836,1239,837,2,1
836,1241,837,2,1
836,1243,837,2,1
836,1249,837,2,1
837,1166,838,2,1
837,1167,838,2,1
837,1171,838,2,1
837,1175,838,2,1
837,1181,838,2,1
837,1196,838,2,1
837,1198,838,2,1
837,1200,838,2,1
837,1201,838,2,1
837,1203,838,2,1
837,1208,838,2,1
837,1217,838,2,1
837,1234,838,2,1
837,1238,838,2,1
837,1242,838,2,1
837,1251,838,2,1
837,1255,838,2,1
838,1160,839,2,1
838,1169,839,2,1
838,1192,839,2,1
838,1214,839,2,1
838,1227,839,2,1
838,1233,839,2,1
838,1247,839,2,1
839,1172,840,2,1
839,1173,840,2,1
839,1184,840,2,1
839,1186,840,2,1
839,1191,840,2,1
839,1202,840,2,1
839,1204,840,2,1
839,1231,840,2,1
840,1182,806,0,3
840,1228,839,1,2
843,1190,809,0,3
843,1240,877,3,0
843,1245,877,3,0
847,1228,848,2,1
860,1251,894,3,0
861,1230,827,0,3
863,1177,897,3,0
869,1176,870,2,1
869,1216,870,2,1
869,1248,870,2,1
869,1252,835,0,3
870,1213,871,2,1
870,1239,871,2,1
872,1161,873,2,1
874,1228,873,1,2
879,1228,880,2,1
880,1195,881,2,1
888,1190,889,2,1
890,1178,891,2,1
890,1222,891,2,1
890,1228,891,2,1
890,1252,891,2,1
898,1212,864,0,3
903,1162,904,2,1
903,1176,904,2,1
903,1209,904,2,1
903,1216,904,2,1
903,1224,904,2,1
903,1248,904,2,1
904,1156,905,2,1
904,1158,905,2,1
904,1163,905,2,1
904,1179,905,2,1
904,1189,905,2,1
904,1194,905,2,1
904,1195,905,2,1
904,1197,905,2,1
904,1199,905,2,1
904,1207,905,2,1
904,1211,905,2,1
904,1213,905,2,1
904,1221,905,2,1
904,1223,905,2,1
904,1236,905,2,1
904,1237,905,2,1
904,1239,905,2,1
904,1241,905,2,1
904,1243,905,2,1
904,1249,905,2,1
905,1166,906,2,1
905,1167,906,2,1
905,1171,906,2,1
905,1175,906,2,1
905,1181,906,2,1
905,1196,906,2,1
905,1198,906,2,1
905,1200,906,2,1
905,1201,906,2,1
905,1203,906,2,1
905,1208,906,2,1
905,1217,906,2,1
905,1238,906,2,1
905,1242,906,2,1
905,1251,906,2,1
905,1255,906,2,1
906,1160,907,2,1
906,1161,907,2,1
906,1169,907,2,1
906,1192,907,2,1
906,1214,907,2,1
906,1227,907,2,1
906,1232,907,2,1
906,1233,907,2,1
906,1247,907,2,1
907,1173,908,2,1
907,1184,908,2,1
907,1186,908,2,1
907,1191,908,2,1
907,1202,908,2,1
907,1204,908,2,1
907,1254,908,2,1
908,1182,874,0,3
908,1228,907,1,2
909,1246,943,3,0
911,1190,877,0,3
911,1206,945,3,0
931,1177,965,3,0
937,1176,938,2,1
937,1216,938,2,1
937,1248,938,2,1
938,1213,939,2,1
938,1239,939,2,1
940,1161,941,2,1
940,1232,941,2,1
942,1228,941,1,2
958,1228,959,2,1
958,1252,959,2,1
968,1206,1002,3,0
970,1244,1004,3,0
971,1162,972,2,1
971,1209,972,2,1
971,1216,972,2,1
971,1224,972,2,1
971,1248,972,2,1
972,1156,973,2,1
972,1158,973,2,1
972,1163,973,2,1
972,1179,973,2,1
972,1189,973,2,1
972,1194,973,2,1
972,1197,973,2,1
972,1199,973,2,1
972,1207,973,2,1
972,1211,973,2,1
972,1213,973,2,1
972,1221,973,2,1
972,1223,973,2,1
972,1226,973,2,1
972,1236,973,2,1
972,1237,973,2,1
972,1239,973,2,1
972,1241,973,2,1
972,1243,973,2,1
972,1249,973,2,1
973,1166,974,2,1
973,1167,974,2,1
973,1171,974,2,1
973,1175,974,2,1
973,1181,974,2,1
973,1196,974,2,1
973,1198,974,2,1
973,1200,974,2,1
973,1201,974,2,1
973,1203,974,2,1
973,1217,974,2,1
973,1238,974,2,1
973,1242,974,2,1
973,1251,974,2,1
973,1255,974,2,1
974,1160,975,2,1
974,1161,975,2,1
974,1169,975,2,1
974,1192,975,2,1
974,1214,975,2,1
974,1232,975,2,1
974,1233,975,2,1
974,1252,940,0,3
975,1173,976,2,1
975,1184,976,2,1
975,1186,976,2,1
975,1191,976,2,1
975,1202,976,2,1
975,1204,976,2,1
975,1254,976,2,1
976,1182,942,0,3
976,1228,975,1,2
977,1246,1011,3,0
978,1159,1012,3,0
978,1174,1012,3,0
978,1215,1012,3,0
979,1206,1013,3,0
979,1240,945,0,3
993,1172,959,0,3
993,1231,959,0,3
997,1225,1031,3,0
999,1177,1033,3,0
1004,1212,1005,2,1
1004,1244,1038,3,0
1005,1165,1006,2,1
1005,1216,1006,2,1
1005,1248,1006,2,1
1006,1213,1007,2,1
1006,1226,1007,2,1
1006,1239,1007,2,1
1007,1218,1008,2,1
1008,1161,1009,2,1
1008,1232,1009,2,1
1010,1252,976,0,3
1022,1240,1023,2,1
1028,1252,1027,1,2
1038,1244,1072,3,0
1039,1162,1040,2,1
1039,1165,1040,2,1
1039,1209,1040,2,1
1039,1224,1040,2,1
1040,1156,1041,2,1
1040,1158,1041,2,1
1040,1163,1041,2,1
1040,1179,1041,2,1
1040,1189,1041,2,1
1040,1197,1041,2,1
1040,1199,1041,2,1
1040,1207,1041,2,1
1040,1213,1041,2,1
1040,1221,1041,2,1
1040,1223,1041,2,1
1040,1226,1041,2,1
1040,1237,1041,2,1
1040,1239,1041,2,1
1040,1241,1041,2,1
1040,1243,1041,2,1
1040,1249,1041,2,1
1041,1166,1042,2,1
1041,1171,1042,2,1
1041,1175,1042,2,1
1041,1181,1042,2,1
1041,1196,1042,2,1
1041,1198,1042,2,1
1041,1200,1042,2,1
1041,1201,1042,2,1
1041,1203,1042,2,1
1041,1217,1042,2,1
1041,1218,1042,2,1
1041,1238,1042,2,1
1041,1242,1042,2,1
1041,1251,1042,2,1
1041,1255,1042,2,1
1042,1160,1043,2,1
1042,1161,1043,2,1
1042,1169,1043,2,1
1042,1192,1043,2,1
1042,1214,1043,2,1
1042,1232,1043,2,1
1042,1233,1043,2,1
1043,1172,1044,2,1
1043,1173,1044,2,1
1043,1184,1044,2,1
1043,1186,1044,2,1
1043,1191,1044,2,1
1043,1202,1044,2,1
1043,1204,1044,2,1
1043,1231,1044,2,1
1043,1254,1044,2,1
1044,1182,1010,0,3
1045,1246,1079,3,0
1046,1159,1080,3,0
1046,1174,1080,3,0
1046,1215,1080,3,0
1047,1168,1081,3,0
1047,1206,1081,3,0
1048,1244,1082,3,0
1048,1245,1014,0,3
1056,1225,1055,1,2
1062,1252,1061,1,2
1063,1252,1062,1,2
1064,1252,1063,1,2
1065,1252,1064,1,2
1066,1183,1100,3,0
1066,1252,1065,1,2
1067,1177,1101,3,0
1067,1252,1066,1,2
1068,1252,1067,1,2
1069,1252,1068,1,2
1072,1244,1106,3,0
1073,1165,1074,2,1
1074,1213,1075,2,1
1074,1226,1075,2,1
1074,1239,1075,2,1
1075,1218,1076,2,1
1076,1161,1077,2,1
1076,1232,1077,2,1
1082,1244,1116,3,0
1085,1241,1086,2,1
1090,1225,1089,1,2
1090,1240,1091,2,1
1099,1225,1098,1,2
1100,1225,1099,1,2
1101,1225,1100,1,2
1102,1225,1101,1,2
1103,1225,1102,1,2
1107,1209,1108,2,1
1107,1224,1108,2,1
1108,1156,1109,2,1
1108,1158,1109,2,1
1108,1163,1109,2,1
1108,1179,1109,2,1
1108,1189,1109,2,1
1108,1197,1109,2,1
1108,1199,1109,2,1
1108,1207,1109,2,1
1108,1213,1109,2,1
1108,1223,1109,2,1
1108,1237,1109,2,1
1108,1243,1109,2,1
1108,1249,1109,2,1
1109,1166,1110,2,1
1109,1171,1110,2,1
1109,1175,1110,2,1
1109,1181,1110,2,1
1109,1196,1110,2,1
1109,1198,1110,2,1
1109,1201,1110,2,1
1109,1203,1110,2,1
1109,1238,1110,2,1
1109,1242,1110,2,1
1109,1251,1110,2,1
1110,1233,1111,2,1
1111,1172,1112,2,1
1111,1173,1112,2,1
1111,1184,1112,2,1
1111,1186,1112,2,1
1111,1191,1112,2,1
1111,1202,1112,2,1
1111,1204,1112,2,1
1111,1231,1112,2,1
1111,1252,1145,3,0
1111,1254,1112,2,1
1112,1182,1078,0,3
1112,1222,1146,3,0
1113,1246,1147,3,0
1114,1159,1148,3,0
1114,1174,1148,3,0
1114,1215,1148,3,0
1115,1168,1149,3,0
1115,1206,1149,3,0
1116,1244,1150,3,0
1116,1245,1082,0,3
1130,1227,1096,0,3
1131,1234,1097,0,3
1134,1225,1133,1,2
1135,1177,13,3,3
1137,1244,1138,2,1
1138,1244,1139,2,1
1139,1244,1140,2,1
1140,1225,1141,2,1
1140,1244,1141,2,1
1141,1244,1142,2,1
1142,1213,1143,2,1
1150,1241,1151,2,1
1150,1244,1244,4,0
1157,1170,71,0,4
1158,1171,240,0,4
1159,1243,293,0,4
1161,1244,1148,0,4
1162,1196,640,0,4
1162,1199,240,0,4
1163,1189,708,0,4
1164,1159,367,0,4
1164,1168,367,0,4
1164,1170,368,0,4
1164,1172,367,0,4
1164,1174,367,0,4
1164,1185,367,0,4
1164,1206,367,0,4
1164,1215,367,0,4
1164,1231,367,0,4
1164,1241,368,0,4
1164,1246,367,0,4
1164,1254,367,0,4
1165,1230,1150,0,4
1166,1208,105,0,4
1168,1174,656,0,4
1168,1206,623,0,4
1168,1241,292,0,4
1170,1157,2,0,4
1170,1160,2,0,4
1170,1164,368,0,4
1170,1166,2,0,4
1170,1167,2,0,4
1170,1169,2,0,4
1170,1171,68,0,4
1170,1173,68,0,4
1170,1175,68,0,4
1170,1181,68,0,4
1170,1182,2,0,4
1170,1184,2,0,4
1170,1186,2,0,4
1170,1191,2,0,4
1170,1192,2,0,4
1170,1194,2,0,4
1170,1195,2,0,4
1170,1196,302,0,4
1170,1197,68,0,4
1170,1198,68,0,4
1170,1200,2,0,4
1170,1201,68,0,4
1170,1202,68,0,4
1170,1203,68,0,4
1170,1204,2,0,4
1170,1211,369,0,4
1170,1214,2,0,4
1170,1217,2,0,4
1170,1219,2,0,4
1170,1233,2,0,4
1170,1238,68,0,4
1170,1240,2,0,4
1170,1241,335,0,4
1170,1242,68,0,4
1170,1245,2,0,4
1170,1251,68,0,4
1170,1255,68,0,4
1171,1158,240,0,4
1171,1207,240,0,4
1171,1223,240,0,4
1172,1177,331,0,4
1174,1164,293,0,4
1174,1168,690,0,4
1174,1177,259,0,4
1174,1219,690,0,4
1175,1251,672,0,4
1177,1159,268,0,4
1177,1168,268,0,4
1177,1172,268,0,4
1177,1174,268,0,4
1177,1178,268,0,4
1177,1190,268,0,4
1177,1215,268,0,4
1177,1222,268,0,4
1177,1231,268,0,4
1177,1246,268,0,4
1177,1254,268,0,4
1180,1210,233,0,4
1189,1163,708,0,4
1193,1226,783,0,4
1194,1170,71,0,4
1195,1161,35,0,4
1195,1165,35,0,4
1195,1170,36,0,4
1195,1176,35,0,4
1195,1180,35,0,4
1195,1183,35,0,4
1195,1193,35,0,4
1195,1210,35,0,4
1195,1212,35,0,4
1195,1213,35,0,4
1195,1216,35,0,4
1195,1218,35,0,4
1195,1220,35,0,4
1195,1225,35,0,4
1195,1226,35,0,4
1195,1230,35,0,4
1195,1232,35,0,4
1195,1235,35,0,4
1195,1239,35,0,4
1195,1244,35,0,4
1195,1248,35,0,4
1195,1250,35,0,4
1196,1162,640,0,4
1196,1170,240,0,4
1199,1162,240,0,4
1205,1228,1125,0,4
1206,1168,623,0,4
1207,1171,240,0,4
1207,1211,240,0,4
1208,1166,3,0,4
1209,1221,307,0,4
1210,1180,233,0,4
1210,1185,232,0,4
1210,1206,232,0,4
1210,1254,232,0,4
1211,1170,573,0,4
1211,1207,240,0,4
1211,1223,240,0,4
1211,1255,639,0,4
1212,1244,850,0,4
1215,1243,293,0,4
1216,1244,1149,0,4
1218,1244,1149,0,4
1221,1209,307,0,4
1223,1171,240,0,4
1223,1211,240,0,4
1225,1227,1089,0,4
1225,1228,1055,0,4
1225,1247,1089,0,4
1225,1252,1055,0,4
1226,1193,783,0,4
1226,1244,1150,0,4
1227,1225,1092,0,4
1228,1156,532,0,4
1228,1157,532,0,4
1228,1158,532,0,4
1228,1160,532,0,4
1228,1162,532,0,4
1228,1163,532,0,4
1228,1166,532,0,4
1228,1167,499,0,4
1228,1169,532,0,4
1228,1171,532,0,4
1228,1173,532,0,4
1228,1175,532,0,4
1228,1179,532,0,4
1228,1181,532,0,4
1228,1184,532,0,4
1228,1186,532,0,4
1228,1187,532,0,4
1228,1189,532,0,4
1228,1191,532,0,4
1228,1192,532,0,4
1228,1194,499,0,4
1228,1195,499,0,4
1228,1196,532,0,4
1228,1197,532,0,4
1228,1198,532,0,4
1228,1199,532,0,4
1228,1200,532,0,4
1228,1201,532,0,4
1228,1202,532,0,4
1228,1203,532,0,4
1228,1205,1060,0,4
1228,1207,532,0,4
1228,1208,499,0,4
1228,1209,532,0,4
1228,1211,532,0,4
1228,1214,532,0,4
1228,1217,532,0,4
1228,1221,532,0,4
1228,1223,532,0,4
1228,1224,532,0,4
1228,1233,532,0,4
1228,1236,499,0,4
1228,1237,532,0,4
1228,1238,532,0,4
1228,1241,532,0,4
1228,1242,532,0,4
1228,1243,532,0,4
1228,1249,532,0,4
1228,1251,532,0,4
1228,1255,532,0,4
1230,1165,1150,0,4
1230,1253,28,0,4
1231,1241,330,0,4
1233,1178,637,0,4
1233,1222,637,0,4
1234,1241,368,0,4
1235,1241,335,0,4
1240,1245,147,0,4
1241,1159,306,0,4
1241,1164,306,0,4
1241,1168,306,0,4
1241,1170,306,0,4
1241,1172,306,0,4
1241,1174,306,0,4
1241,1177,306,0,4
1241,1180,306,0,4
1241,1183,306,0,4
1241,1210,306,0,4
1241,1215,306,0,4
1241,1225,306,0,4
1241,1228,640,0,4
1241,1231,306,0,4
1241,1234,306,0,4
1241,1235,306,0,4
1241,1246,306,0,4
1241,1254,306,0,4
1243,1159,273,0,4
1243,1170,273,0,4
1243,1174,273,0,4
1243,1215,273,0,4
1243,1249,640,0,4
1244,1161,1150,0,4
1244,1176,1150,0,4
1244,1212,850,0,4
1244,1216,1150,0,4
1244,1218,1150,0,4
1244,1226,1150,0,4
1244,1232,1150,0,4
1244,1239,1150,0,4
1244,1248,1150,0,4
1245,1170,80,0,4
1245,1240,147,0,4
1249,1243,640,0,4
1251,1170,208,0,4
1251,1175,672,0,4
1252,1240,1060,0,4
1252,1245,1060,0,4
1253,1230,93,0,4
1254,1177,261,0,4
1255,1211,639,0,4
