7,1195,8,1,0
9,1210,8,0,1
19,1210,1141,3,3
43,1210,42,1,2
49,1188,50,2,1
56,1231,22,0,2
64,1202,65,2,1
68,1208,102,2,0
75,1195,41,0,3
77,1210,76,1,2
83,1188,84,2,1
98,1202,99,2,1
101,1188,100,1,2
102,1188,135,3,2
103,1188,102,1,1
104,1188,103,1,2
108,1202,142,3,0
109,1202,143,3,0
110,1202,144,3,0
111,1202,145,3,0
112,1202,146,3,0
130,1206,129,1,2
132,1202,133,2,1
135,1188,134,1,2
148,1202,1202,4,0
150,1188,184,3,0
166,1202,167,2,1
170,1202,171,1,1
181,1216,180,1,2
230,1169,264,3,0
248,1179,247,1,2
257,1165,291,3,0
275,1202,276,2,1
281,1188,315,3,0
282,1179,281,1,2
291,1179,290,1,2
292,1179,291,1,2
293,1179,292,1,2
294,1179,293,1,2
295,1179,294,1,2
311,1202,312,2,1
313,1188,347,3,0
318,1181,317,1,2
325,1179,324,1,2
331,1179,365,3,0
345,1202,346,2,1
350,1209,349,1,2
428,1179,427,1,2
430,1224,396,0,3
450,1202,416,0,3
462,1179,461,1,2
464,1179,465,2,1
479,1188,480,2,1
496,1179,495,1,2
510,1169,1169,4,0
511,1188,512,2,1
530,1179,529,1,2
536,1169,537,2,1
537,1169,538,2,1
538,1169,539,2,1
555,1202,521,0,3
578,1174,544,0,2
657,1216,691,3,0
660,1178,694,3,0
664,1216,698,3,0
665,1216,699,3,0
666,1216,700,3,0
671,1173,672,2,1
687,1235,686,1,2
741,1176,742,2,1
754,1213,755,2,1
755,1213,756,2,1
756,1213,757,2,1
757,1213,758,2,1
758,1213,1213,4,0
782,1188,783,1,1
810,1213,811,2,1
817,1188,818,2,1
853,1188,854,2,1
879,1246,913,3,0
884,1197,850,0,2
885,1195,851,0,3
923,1188,924,2,1
963,1156,962,1,2
972,1220,938,0,3
991,1202,992,2,1
993,1213,959,0,3
1013,1157,1012,1,2
1046,1193,1047,2,1
1063,1210,1062,1,2
1063,1213,1029,0,3
1064,1210,1030,0,3
1073,1210,1039,0,3
1074,1210,1040,0,3
1078,1201,1044,0,3
1090,1202,1091,2,1
1097,1188,1063,0,3
1097,1210,1096,1,2
1098,1210,1064,0,3
1107,1210,1073,0,3
1122,1202,1123,1,1
1131,1210,1130,1,2
1132,1210,1098,0,3
1133,1188,1099,0,3
1137,1188,1103,0,3
1141,1210,1107,0,3
1157,1210,79,0,4
1158,1196,613,0,4
1160,1169,510,0,4
1164,1169,374,0,4
1165,1213,758,0,4
1169,1157,510,0,4
1169,1159,510,0,4
1169,1160,510,0,4
1169,1164,510,0,4
1169,1172,510,0,4
1169,1174,510,0,4
1169,1178,510,0,4
1169,1190,510,0,4
1169,1194,510,0,4
1169,1200,510,0,4
1169,1215,510,0,4
1169,1217,510,0,4
1169,1222,510,0,4
1169,1228,510,0,4
1169,1231,510,0,4
1169,1234,510,0,4
1169,1246,510,0,4
1169,1247,510,0,4
1169,1252,510,0,4
1169,1254,510,0,4
1172,1184,965,0,4
1177,1202,143,0,4
1177,1229,142,0,4
1179,1163,281,0,4
1179,1189,281,0,4
1179,1242,614,0,4
1180,1202,141,0,4
1184,1172,13,0,4
1188,1157,100,0,4
1188,1160,100,0,4
1188,1164,133,0,4
1188,1166,100,0,4
1188,1167,100,0,4
1188,1169,100,0,4
1188,1170,100,0,4
1188,1177,100,0,4
1188,1180,100,0,4
1188,1183,100,0,4
1188,1184,100,0,4
1188,1186,100,0,4
1188,1191,100,0,4
1188,1192,100,0,4
1188,1194,100,0,4
1188,1195,100,0,4
1188,1197,693,0,4
1188,1200,100,0,4
1188,1204,693,0,4
1188,1205,133,0,4
1188,1208,133,0,4
1188,1210,100,0,4
1188,1213,693,0,4
1188,1214,100,0,4
1188,1217,100,0,4
1188,1219,693,0,4
1188,1225,133,0,4
1188,1229,100,0,4
1188,1233,100,0,4
1188,1234,133,0,4
1188,1235,100,0,4
1188,1236,100,0,4
1188,1238,100,0,4
1188,1244,100,0,4
1188,1247,133,0,4
1188,1250,727,0,4
1188,1255,693,0,4
1195,1177,43,0,4
1195,1210,343,0,4
1196,1158,613,0,4
1197,1188,579,0,4
1197,1202,147,0,4
1202,1157,148,0,4
1202,1164,148,0,4
1202,1170,148,0,4
1202,1177,148,0,4
1202,1180,148,0,4
1202,1183,148,0,4
1202,1194,148,0,4
1202,1195,148,0,4
1202,1197,148,0,4
1202,1205,148,0,4
1202,1210,148,0,4
1202,1225,148,0,4
1202,1229,148,0,4
1202,1234,148,0,4
1202,1235,148,0,4
1202,1244,148,0,4
1202,1255,148,0,4
1204,1188,678,0,4
1208,1188,408,0,4
1208,1253,408,0,4
1210,1157,1096,0,4
1210,1160,1096,0,4
1210,1164,1030,0,4
1210,1167,1096,0,4
1210,1182,1096,0,4
1210,1184,1096,0,4
1210,1186,1096,0,4
1210,1192,1096,0,4
1210,1194,1096,0,4
1210,1195,207,0,4
1210,1200,1096,0,4
1210,1204,1096,0,4
1210,1205,1030,0,4
1210,1208,1030,0,4
1210,1214,1096,0,4
1210,1217,1096,0,4
1210,1219,1096,0,4
1210,1227,1030,0,4
1210,1234,1030,0,4
1210,1236,1096,0,4
1210,1245,106,0,4
1210,1247,1030,0,4
1213,1165,758,0,4
1213,1188,692,0,4
1213,1193,758,0,4
1213,1212,758,0,4
1216,1161,691,0,4
1216,1168,691,0,4
1216,1185,691,0,4
1216,1206,691,0,4
1216,1232,691,0,4
1219,1188,678,0,4
1219,1254,82,0,4
1225,1202,140,0,4
1229,1177,142,0,4
1234,1169,374,0,4
1242,1179,613,0,4
1245,1210,120,0,4
1250,1188,791,0,4
1254,1219,796,0,4
1255,1188,579,0,4
