4,1194,3,0,1
5,1160,4,0,1
6,1204,7,1,0
8,1160,7,0,1
9,1194,8,0,1
11,1234,10,0,1
12,1234,11,0,1
15,1229,16,1,0
20,1194,21,1,0
31,1229,32,1,0
38,1194,37,1,2
39,1160,38,1,2
43,1194,42,1,2
49,1229,48,1,2
53,1247,87,3,0
54,1194,55,2,1
65,1229,66,2,1
72,1194,71,1,2
73,1214,72,1,2
78,1214,44,0,3
79,1160,78,1,2
79,1214,45,0,3
80,1160,79,1,2
80,1214,46,0,3
81,1160,80,1,2
81,1214,47,0,3
82,1160,81,1,2
82,1214,48,0,3
82,1229,81,1,2
83,1160,82,1,2
83,1214,49,0,3
83,1229,84,2,1
85,1234,119,3,0
88,1194,89,2,1
99,1229,100,2,1
107,1214,106,1,2
110,1214,109,1,2
116,1229,115,1,2
117,1229,116,1,2
133,1229,134,2,1
141,1214,140,1,2
144,1214,143,1,2
150,1229,149,1,2
151,1229,152,2,1
156,1160,190,3,0
167,1229,168,2,1
168,1229,1229,4,0
175,1214,174,1,2
178,1214,177,1,2
188,1160,222,3,0
209,1214,208,1,2
212,1214,211,1,2
218,1234,219,2,1
224,1238,225,2,1
243,1214,242,1,2
246,1214,245,1,2
251,1216,285,3,0
277,1214,276,1,2
280,1214,279,1,2
284,1234,285,2,1
308,1220,307,1,2
311,1214,310,1,2
314,1214,313,1,2
345,1214,344,1,2
348,1214,347,1,2
354,1160,355,2,1
366,1174,332,0,3
379,1214,378,1,2
382,1214,381,1,2
394,1175,395,2,1
394,1203,395,2,1
413,1214,412,1,2
416,1214,415,1,2
420,1214,421,2,1
447,1214,446,1,2
450,1214,449,1,2
452,1214,453,2,1
457,1209,491,3,0
481,1214,480,1,2
484,1214,483,1,2
531,1160,565,3,0
532,1246,531,1,2
540,1224,1224,4,0
581,1158,580,1,2
585,1222,619,3,0
590,1168,624,3,0
591,1168,625,3,0
592,1168,626,3,0
622,1234,623,2,1
689,1234,688,1,2
693,1234,694,2,1
718,1234,717,1,2
719,1160,718,1,2
722,1160,721,1,2
723,1234,722,1,2
724,1160,725,2,1
746,1229,780,3,0
752,1234,751,1,2
753,1160,752,1,2
756,1160,755,1,2
757,1194,756,1,2
757,1234,756,1,2
758,1194,759,2,1
763,1234,729,0,3
780,1229,814,3,0
782,1217,815,3,2
786,1194,785,1,2
786,1234,785,1,2
787,1160,786,1,2
790,1160,789,1,2
791,1194,790,1,2
791,1234,790,1,2
795,1160,796,2,1
797,1229,796,1,2
813,1229,814,2,1
820,1194,819,1,2
820,1234,819,1,2
821,1160,820,1,2
824,1160,823,1,2
825,1194,824,1,2
825,1234,824,1,2
829,1160,830,2,1
829,1194,830,2,1
831,1229,832,2,1
833,1234,799,0,3
847,1229,848,2,1
854,1194,853,1,2
854,1234,853,1,2
855,1160,854,1,2
858,1160,857,1,2
859,1194,858,1,2
859,1234,858,1,2
865,1229,864,1,2
869,1234,835,0,3
881,1229,882,2,1
888,1194,887,1,2
888,1234,887,1,2
889,1160,888,1,2
892,1160,891,1,2
893,1194,892,1,2
893,1234,892,1,2
899,1160,865,0,3
899,1194,865,0,3
899,1229,900,2,1
904,1234,870,0,3
915,1229,916,2,1
922,1194,921,1,2
922,1234,921,1,2
923,1160,922,1,2
926,1160,925,1,2
927,1194,926,1,2
927,1196,961,3,0
927,1234,926,1,2
933,1229,932,1,2
936,1220,937,2,1
945,1226,979,3,0
949,1229,950,2,1
956,1194,955,1,2
956,1234,955,1,2
957,1160,956,1,2
960,1160,959,1,2
961,1194,960,1,2
961,1234,960,1,2
967,1229,968,2,1
969,1194,935,0,3
983,1177,1017,3,0
983,1229,984,2,1
986,1189,1019,3,2
990,1194,989,1,2
990,1234,989,1,2
991,1160,990,1,2
994,1160,993,1,2
995,1194,994,1,2
995,1234,994,1,2
1001,1229,1000,1,2
1004,1165,1005,2,1
1005,1160,971,0,3
1005,1194,971,0,3
1017,1229,1018,2,1
1024,1194,1023,1,2
1024,1234,1023,1,2
1025,1160,1024,1,2
1028,1160,1027,1,2
1029,1194,1028,1,2
1029,1234,1028,1,2
1035,1229,1036,2,1
1040,1194,1006,0,3
1051,1229,1052,2,1
1058,1194,1057,1,2
1058,1234,1057,1,2
1059,1160,1058,1,2
1062,1160,1061,1,2
1063,1194,1062,1,2
1063,1234,1062,1,2
1069,1229,1068,1,2
1074,1194,1075,2,1
1085,1229,1086,2,1
1092,1194,1091,1,2
1092,1234,1091,1,2
1093,1160,1092,1,2
1096,1160,1095,1,2
1097,1194,1096,1,2
1103,1229,1104,2,1
1108,1194,1109,2,1
1119,1229,1120,2,1
1126,1194,1125,1,2
1126,1234,1125,1,2
1127,1160,1126,1,2
1130,1160,1129,1,2
1131,1194,1130,1,2
1131,1234,1130,1,2
1132,1234,1131,1,2
1133,1234,1132,1,2
1134,1234,1133,1,2
1135,1234,1134,1,2
1136,1234,1135,1,2
1137,1229,1136,1,2
1137,1234,1136,1,2
1142,1194,1143,2,1
1153,1229,1154,2,1
1157,1224,537,0,4
1160,1194,536,0,4
1160,1240,72,0,4
1160,1245,72,0,4
1165,1229,1151,0,4
1166,1207,139,0,4
1171,1255,173,0,4
1173,1214,706,0,4
1175,1242,672,0,4
1179,1207,640,0,4
1180,1229,167,0,4
1181,1238,672,0,4
1181,1251,672,0,4
1191,1214,638,0,4
1192,1194,105,0,4
1194,1160,536,0,4
1194,1192,105,0,4
1194,1214,536,0,4
1200,1224,536,0,4
1202,1229,141,0,4
1205,1224,436,0,4
1205,1229,35,0,4
1207,1166,207,0,4
1207,1179,640,0,4
1208,1229,3,0,4
1209,1224,607,0,4
1214,1173,570,0,4
1214,1182,72,0,4
1214,1191,570,0,4
1214,1194,536,0,4
1214,1202,72,0,4
1214,1204,72,0,4
1214,1219,72,0,4
1214,1240,39,0,4
1214,1245,39,0,4
1220,1229,1151,0,4
1224,1157,540,0,4
1224,1167,540,0,4
1224,1178,540,0,4
1224,1190,540,0,4
1224,1194,540,0,4
1224,1195,540,0,4
1224,1200,540,0,4
1224,1205,540,0,4
1224,1208,540,0,4
1224,1209,607,0,4
1224,1222,540,0,4
1224,1227,540,0,4
1224,1228,540,0,4
1224,1236,540,0,4
1224,1247,540,0,4
1224,1252,540,0,4
1227,1234,400,0,4
1228,1229,1060,0,4
1229,1157,168,0,4
1229,1160,168,0,4
1229,1161,168,0,4
1229,1165,168,0,4
1229,1166,168,0,4
1229,1167,168,0,4
1229,1169,168,0,4
1229,1176,168,0,4
1229,1180,168,0,4
1229,1182,168,0,4
1229,1183,168,0,4
1229,1184,168,0,4
1229,1185,168,0,4
1229,1186,168,0,4
1229,1188,168,0,4
1229,1191,168,0,4
1229,1192,168,0,4
1229,1193,168,0,4
1229,1194,168,0,4
1229,1195,168,0,4
1229,1200,168,0,4
1229,1202,168,0,4
1229,1204,168,0,4
1229,1205,168,0,4
1229,1208,168,0,4
1229,1212,168,0,4
1229,1213,168,0,4
1229,1214,168,0,4
1229,1216,168,0,4
1229,1217,168,0,4
1229,1218,168,0,4
1229,1219,168,0,4
1229,1220,168,0,4
1229,1226,168,0,4
1229,1228,168,0,4
1229,1230,168,0,4
1229,1232,168,0,4
1229,1233,168,0,4
1229,1236,168,0,4
1229,1238,168,0,4
1229,1239,168,0,4
1229,1240,168,0,4
1229,1244,168,0,4
1229,1245,168,0,4
1229,1247,168,0,4
1229,1248,168,0,4
1229,1250,168,0,4
1229,1252,168,0,4
1229,1253,168,0,4
1234,1227,400,0,4
1234,1228,1091,0,4
1234,1240,2,0,4
1234,1245,2,0,4
1234,1247,401,0,4
1234,1252,1091,0,4
1238,1181,638,0,4
1240,1229,147,0,4
1242,1175,672,0,4
1244,1229,1151,0,4
1245,1160,113,0,4
1245,1214,80,0,4
1247,1229,1125,0,4
1247,1234,435,0,4
1250,1229,1018,0,4
1251,1181,672,0,4
1252,1229,1060,0,4
1255,1171,173,0,4
