0,1207,1122,3,2
1,1173,2,1,0
8,1208,1130,3,3
9,1208,1131,3,3
10,1208,1132,3,3
21,1254,22,1,0
28,1208,29,1,0
33,1202,0,1,2
36,1208,37,2,1
60,1228,94,3,0
86,1254,87,2,1
106,1208,107,2,1
118,1254,119,2,1
155,1205,121,0,3
189,1232,223,3,0
230,1169,229,1,2
233,1182,267,3,0
238,1173,239,1,1
239,1197,273,3,0
250,1238,249,1,2
273,1197,307,3,0
299,1251,333,3,0
307,1197,341,3,0
313,1167,279,0,3
341,1197,375,3,0
343,1173,344,2,1
375,1197,409,3,0
379,1173,380,2,1
397,1198,431,3,0
402,1197,403,2,1
408,1197,409,1,1
409,1197,443,3,0
413,1173,414,2,1
423,1246,457,3,0
428,1162,394,0,3
431,1249,465,3,0
436,1197,437,2,1
442,1197,443,1,1
443,1197,477,3,0
454,1160,453,1,2
467,1228,468,2,1
468,1228,469,2,1
469,1228,470,2,1
470,1197,471,2,1
470,1228,471,2,1
471,1228,472,2,1
472,1228,1228,4,0
476,1197,477,1,1
477,1197,511,3,0
498,1224,464,0,3
504,1197,505,2,1
510,1197,511,1,1
511,1197,545,3,0
512,1224,546,3,0
518,1173,484,0,3
520,1189,519,1,2
538,1197,539,2,1
544,1197,545,1,1
545,1197,1197,4,0
554,1225,553,1,2
571,1197,572,2,1
572,1197,573,2,1
580,1211,579,1,2
581,1211,547,0,3
581,1241,580,1,2
582,1211,548,0,3
583,1211,549,0,3
584,1211,550,0,3
592,1178,626,3,0
597,1241,598,2,1
614,1211,613,1,2
615,1241,614,1,2
616,1241,615,1,2
617,1241,616,1,2
618,1241,617,1,2
623,1173,589,0,3
631,1241,632,2,1
646,1173,679,3,2
647,1173,646,1,1
648,1173,647,1,2
649,1173,648,1,2
661,1202,662,2,1
662,1173,663,2,1
679,1202,678,1,2
680,1173,713,3,2
680,1202,713,3,2
681,1202,680,1,1
682,1202,681,1,2
689,1208,723,3,0
695,1202,696,2,1
696,1173,697,2,1
713,1202,712,1,2
729,1202,730,2,1
763,1202,764,2,1
782,1188,816,2,0
797,1254,796,1,2
816,1239,850,2,0
821,1208,822,2,1
827,1202,861,3,0
853,1208,854,2,1
876,1206,875,1,2
880,1254,914,3,0
892,1202,926,3,0
894,1173,928,3,0
917,1247,883,0,3
924,1202,958,3,0
926,1241,960,3,0
937,1241,971,3,0
958,1202,992,3,0
959,1173,993,3,0
981,1208,982,2,1
1006,1220,972,0,3
1044,1254,1078,3,0
1058,1173,1059,2,1
1058,1241,1059,2,1
1092,1173,1093,2,1
1114,1161,1115,2,1
1121,1169,1087,0,3
1132,1208,1208,4,0
1143,1254,1144,2,1
1150,1208,1151,2,1
1151,1228,29,3,3
1158,1173,215,0,4
1161,1245,1088,0,4
1162,1249,247,0,4
1164,1208,1132,0,4
1165,1202,1124,0,4
1167,1197,477,0,4
1168,1241,265,0,4
1173,1156,713,0,4
1173,1158,216,0,4
1173,1161,713,0,4
1173,1163,713,0,4
1173,1165,713,0,4
1173,1176,713,0,4
1173,1185,713,0,4
1173,1187,679,0,4
1173,1188,713,0,4
1173,1189,713,0,4
1173,1193,713,0,4
1173,1207,216,0,4
1173,1209,216,0,4
1173,1212,713,0,4
1173,1213,713,0,4
1173,1216,713,0,4
1173,1218,713,0,4
1173,1220,713,0,4
1173,1221,713,0,4
1173,1223,216,0,4
1173,1224,216,0,4
1173,1226,713,0,4
1173,1230,713,0,4
1173,1232,713,0,4
1173,1239,713,0,4
1173,1241,679,0,4
1173,1244,713,0,4
1173,1248,713,0,4
1173,1250,713,0,4
1173,1253,713,0,4
1175,1202,148,0,4
1176,1231,689,0,4
1179,1242,214,0,4
1182,1188,710,0,4
1185,1228,166,0,4
1185,1246,661,0,4
1186,1197,577,0,4
1187,1211,281,0,4
1188,1182,694,0,4
1196,1202,613,0,4
1197,1159,545,0,4
1197,1160,545,0,4
1197,1167,545,0,4
1197,1172,545,0,4
1197,1174,545,0,4
1197,1178,545,0,4
1197,1184,545,0,4
1197,1186,545,0,4
1197,1190,545,0,4
1197,1192,545,0,4
1197,1200,545,0,4
1197,1205,545,0,4
1197,1208,545,0,4
1197,1214,545,0,4
1197,1217,545,0,4
1197,1222,545,0,4
1197,1227,545,0,4
1197,1228,545,0,4
1197,1231,545,0,4
1197,1236,545,0,4
1197,1252,545,0,4
1200,1197,510,0,4
1202,1156,678,0,4
1202,1158,678,0,4
1202,1161,678,0,4
1202,1163,678,0,4
1202,1165,148,0,4
1202,1173,678,0,4
1202,1175,148,0,4
1202,1176,678,0,4
1202,1181,678,0,4
1202,1187,678,0,4
1202,1188,678,0,4
1202,1189,678,0,4
1202,1193,678,0,4
1202,1196,645,0,4
1202,1198,678,0,4
1202,1199,678,0,4
1202,1201,678,0,4
1202,1203,148,0,4
1202,1207,678,0,4
1202,1212,678,0,4
1202,1213,678,0,4
1202,1216,678,0,4
1202,1218,678,0,4
1202,1220,148,0,4
1202,1221,678,0,4
1202,1223,678,0,4
1202,1226,678,0,4
1202,1230,148,0,4
1202,1232,678,0,4
1202,1239,678,0,4
1202,1241,645,0,4
1202,1242,678,0,4
1202,1248,678,0,4
1202,1250,148,0,4
1202,1251,678,0,4
1202,1253,148,0,4
1203,1202,148,0,4
1205,1197,409,0,4
1207,1173,215,0,4
1208,1161,1132,0,4
1208,1164,1132,0,4
1208,1165,1132,0,4
1208,1170,1132,0,4
1208,1176,1132,0,4
1208,1177,1132,0,4
1208,1180,1132,0,4
1208,1183,1132,0,4
1208,1193,1132,0,4
1208,1197,409,0,4
1208,1210,1132,0,4
1208,1212,1132,0,4
1208,1213,1132,0,4
1208,1216,1132,0,4
1208,1218,1132,0,4
1208,1220,1132,0,4
1208,1225,1132,0,4
1208,1226,1132,0,4
1208,1229,1132,0,4
1208,1230,1132,0,4
1208,1232,1132,0,4
1208,1234,1132,0,4
1208,1235,1132,0,4
1208,1239,1132,0,4
1208,1244,1132,0,4
1208,1248,1132,0,4
1208,1250,1132,0,4
1209,1173,282,0,4
1211,1161,547,0,4
1211,1165,547,0,4
1211,1176,547,0,4
1211,1185,547,0,4
1211,1187,247,0,4
1211,1188,547,0,4
1211,1193,547,0,4
1211,1212,547,0,4
1211,1213,547,0,4
1211,1216,547,0,4
1211,1218,547,0,4
1211,1220,547,0,4
1211,1221,247,0,4
1211,1224,247,0,4
1211,1226,547,0,4
1211,1230,547,0,4
1211,1232,547,0,4
1211,1239,547,0,4
1211,1248,547,0,4
1211,1250,547,0,4
1211,1253,547,0,4
1211,1255,180,0,4
1220,1202,1124,0,4
1221,1211,248,0,4
1223,1173,215,0,4
1224,1160,580,0,4
1224,1173,281,0,4
1224,1190,580,0,4
1224,1200,580,0,4
1224,1211,281,0,4
1224,1214,580,0,4
1224,1217,580,0,4
1228,1159,472,0,4
1228,1168,472,0,4
1228,1174,472,0,4
1228,1185,472,0,4
1228,1206,472,0,4
1228,1215,472,0,4
1228,1246,472,0,4
1228,1254,472,0,4
1230,1202,1124,0,4
1231,1176,898,0,4
1234,1208,1132,0,4
1236,1197,477,0,4
1241,1161,614,0,4
1241,1165,614,0,4
1241,1168,281,0,4
1241,1176,614,0,4
1241,1185,614,0,4
1241,1188,614,0,4
1241,1193,614,0,4
1241,1202,614,0,4
1241,1206,580,0,4
1241,1212,614,0,4
1241,1213,614,0,4
1241,1216,614,0,4
1241,1218,614,0,4
1241,1220,614,0,4
1241,1226,614,0,4
1241,1230,614,0,4
1241,1232,614,0,4
1241,1239,614,0,4
1241,1244,614,0,4
1241,1248,614,0,4
1241,1250,614,0,4
1241,1253,614,0,4
1242,1179,215,0,4
1242,1251,215,0,4
1246,1185,729,0,4
1249,1162,247,0,4
1250,1202,1092,0,4
1251,1242,215,0,4
1253,1202,101,0,4
1254,1190,796,0,4
1254,1228,268,0,4
1255,1211,180,0,4
