31,1175,1153,3,3
45,1227,44,1,2
105,1210,104,1,2
150,1227,149,1,2
157,1229,156,1,2
171,1194,172,2,1
173,1224,207,3,0
198,1202,199,2,1
200,1202,201,2,1
232,1202,233,2,1
234,1202,235,2,1
236,1167,270,3,0
236,1202,270,3,0
238,1202,272,2,0
244,1209,245,2,1
245,1209,1209,4,0
255,1225,256,2,1
263,1171,297,3,0
266,1202,267,2,1
268,1202,269,2,1
271,1225,1225,4,0
273,1202,307,3,0
289,1225,290,2,1
296,1171,330,3,0
297,1171,331,3,0
297,1225,263,0,3
300,1202,301,2,1
302,1202,303,2,1
305,1225,271,0,3
313,1179,279,0,3
323,1225,324,2,1
331,1171,365,3,0
331,1225,297,0,3
334,1202,335,2,1
336,1202,337,2,1
337,1200,371,3,0
339,1225,305,0,3
343,1202,377,3,0
348,1193,347,1,2
357,1225,358,2,1
362,1171,396,3,0
365,1171,399,3,0
365,1225,331,0,3
368,1202,369,2,1
370,1202,371,2,1
373,1225,339,0,3
376,1208,375,1,2
378,1202,412,3,0
391,1225,392,2,1
399,1171,433,3,0
399,1225,365,0,3
399,1236,400,2,1
400,1171,434,3,0
402,1202,403,2,1
404,1202,405,2,1
407,1225,373,0,3
408,1227,374,0,2
409,1227,375,0,3
410,1227,376,0,3
411,1227,377,0,3
412,1198,378,0,3
412,1202,446,3,0
412,1227,378,0,3
425,1225,426,2,1
429,1181,463,3,0
433,1171,467,3,0
433,1225,399,0,3
434,1171,468,3,0
436,1202,437,2,1
438,1202,439,2,1
440,1171,474,3,0
440,1227,439,1,2
441,1225,407,0,3
448,1202,447,1,2
459,1225,460,2,1
462,1199,463,2,1
467,1171,501,3,0
467,1225,433,0,3
468,1171,502,3,0
470,1202,471,2,1
472,1202,473,2,1
474,1171,508,3,0
475,1225,441,0,3
482,1202,481,1,2
493,1225,494,2,1
494,1162,460,0,3
501,1225,467,0,3
502,1171,536,3,0
504,1202,505,2,1
506,1202,507,2,1
508,1171,542,3,0
509,1225,475,0,3
518,1202,517,1,2
527,1225,528,2,1
535,1225,501,0,3
536,1171,570,3,0
540,1202,541,2,1
542,1171,576,3,0
543,1225,509,0,3
553,1202,552,1,2
562,1225,563,2,1
569,1225,535,0,3
570,1171,604,3,0
574,1202,575,2,1
576,1171,610,3,0
577,1225,543,0,3
598,1225,599,2,1
599,1171,600,2,1
600,1171,601,2,1
601,1171,602,2,1
602,1171,603,2,1
603,1171,604,2,1
603,1225,569,0,3
610,1171,1171,4,0
611,1225,577,0,3
612,1202,645,3,2
613,1202,612,1,1
614,1202,613,1,2
615,1202,614,1,2
616,1202,615,1,2
623,1202,622,1,2
632,1225,633,2,1
637,1225,603,0,3
643,1202,1202,4,0
644,1202,643,1,2
645,1202,644,1,2
671,1225,637,0,3
702,1225,668,0,3
705,1225,671,0,3
738,1225,704,0,3
739,1225,705,0,3
740,1239,741,2,1
780,1197,746,0,3
784,1227,785,2,1
868,1165,834,0,3
893,1249,892,1,2
916,1239,950,3,0
1018,1194,984,0,3
1062,1209,1061,1,2
1073,1168,1039,0,3
1096,1209,1095,1,2
1109,1165,1110,2,1
1130,1209,1129,1,2
1147,1181,1113,0,3
1158,1181,213,0,4
1158,1227,578,0,4
1162,1255,212,0,4
1166,1202,609,0,4
1166,1227,78,0,4
1167,1171,542,0,4
1167,1227,10,0,4
1167,1254,508,0,4
1168,1225,263,0,4
1169,1202,609,0,4
1169,1227,78,0,4
1171,1160,610,0,4
1171,1166,610,0,4
1171,1167,610,0,4
1171,1169,610,0,4
1171,1178,610,0,4
1171,1184,610,0,4
1171,1186,610,0,4
1171,1190,610,0,4
1171,1192,610,0,4
1171,1200,610,0,4
1171,1206,610,0,4
1171,1208,610,0,4
1171,1214,610,0,4
1171,1217,610,0,4
1171,1222,610,0,4
1171,1228,610,0,4
1171,1233,610,0,4
1171,1238,610,0,4
1171,1247,610,0,4
1171,1252,610,0,4
1179,1221,612,0,4
1181,1158,213,0,4
1184,1232,44,0,4
1187,1241,612,0,4
1195,1227,407,0,4
1199,1227,578,0,4
1200,1227,541,0,4
1200,1231,541,0,4
1202,1162,643,0,4
1202,1166,643,0,4
1202,1169,643,0,4
1202,1171,643,0,4
1202,1172,643,0,4
1202,1178,643,0,4
1202,1179,643,0,4
1202,1209,643,0,4
1202,1211,643,0,4
1202,1222,643,0,4
1202,1224,643,0,4
1202,1227,643,0,4
1202,1228,643,0,4
1202,1231,643,0,4
1202,1233,643,0,4
1202,1243,643,0,4
1202,1249,643,0,4
1202,1252,643,0,4
1202,1254,643,0,4
1208,1171,474,0,4
1212,1250,1089,0,4
1215,1225,265,0,4
1217,1227,541,0,4
1221,1179,612,0,4
1224,1180,445,0,4
1224,1241,312,0,4
1225,1159,271,0,4
1225,1168,271,0,4
1225,1174,271,0,4
1225,1215,271,0,4
1225,1231,271,0,4
1227,1156,406,0,4
1227,1157,439,0,4
1227,1158,406,0,4
1227,1162,406,0,4
1227,1163,406,0,4
1227,1166,1098,0,4
1227,1167,1098,0,4
1227,1169,1098,0,4
1227,1171,406,0,4
1227,1175,439,0,4
1227,1179,406,0,4
1227,1181,439,0,4
1227,1187,406,0,4
1227,1189,406,0,4
1227,1194,439,0,4
1227,1195,406,0,4
1227,1196,439,0,4
1227,1197,406,0,4
1227,1198,439,0,4
1227,1199,406,0,4
1227,1200,439,0,4
1227,1201,439,0,4
1227,1202,439,0,4
1227,1203,439,0,4
1227,1207,439,0,4
1227,1209,406,0,4
1227,1211,406,0,4
1227,1217,439,0,4
1227,1221,406,0,4
1227,1223,439,0,4
1227,1224,406,0,4
1227,1236,406,0,4
1227,1237,406,0,4
1227,1238,439,0,4
1227,1241,406,0,4
1227,1242,439,0,4
1227,1243,406,0,4
1227,1249,406,0,4
1227,1251,439,0,4
1227,1255,439,0,4
1231,1202,336,0,4
1232,1184,1121,0,4
1233,1171,610,0,4
1233,1202,643,0,4
1235,1236,340,0,4
1236,1227,408,0,4
1236,1235,408,0,4
1241,1187,612,0,4
1241,1224,312,0,4
1243,1227,545,0,4
1250,1212,1089,0,4
1255,1162,178,0,4
