6,1197,5,0,1
12,1197,11,0,1
21,1237,1143,3,3
22,1237,1144,3,3
25,1172,59,2,0
30,1207,31,1,0
31,1225,65,2,0
40,1197,39,1,2
46,1197,45,1,2
59,1172,93,3,0
65,1225,99,3,0
74,1197,73,1,2
80,1197,79,1,2
93,1172,127,3,0
108,1197,107,1,2
114,1197,113,1,2
120,1185,121,2,1
127,1172,161,3,0
142,1197,141,1,2
148,1197,147,1,2
152,1172,153,2,1
156,1235,157,2,1
161,1172,195,3,0
175,1195,174,1,2
176,1197,175,1,2
189,1225,190,2,1
190,1225,191,2,1
195,1172,229,3,0
201,1225,1225,4,0
205,1212,204,1,1
216,1173,215,1,2
217,1197,216,1,2
218,1172,219,2,1
218,1197,217,1,2
219,1197,218,1,2
220,1197,219,1,2
221,1197,220,1,2
229,1172,263,3,0
232,1219,233,2,1
239,1212,238,1,1
242,1207,1207,4,0
259,1197,293,3,0
260,1207,261,2,1
263,1172,297,3,0
268,1219,269,2,1
272,1223,273,1,1
273,1223,274,2,1
274,1223,275,2,1
275,1207,241,0,3
275,1223,276,2,1
276,1207,242,0,3
276,1223,1223,4,0
283,1172,284,2,1
294,1207,295,2,1
297,1172,331,3,0
326,1172,360,3,0
327,1172,361,3,0
328,1172,362,3,0
329,1172,363,3,0
330,1172,364,3,0
331,1172,365,3,0
332,1172,366,3,0
338,1207,339,2,1
340,1209,306,0,2
342,1230,376,3,0
366,1172,1172,4,0
371,1195,372,2,1
374,1207,340,0,2
399,1172,365,0,3
400,1172,366,0,3
408,1223,374,0,2
418,1172,419,2,1
433,1172,399,0,3
434,1172,400,0,3
454,1172,455,2,1
467,1172,433,0,3
468,1172,434,0,3
501,1172,467,0,3
502,1172,468,0,3
508,1230,509,2,1
509,1244,476,2,3
513,1207,479,0,3
531,1244,532,2,1
535,1172,501,0,3
536,1172,502,0,3
549,1219,515,0,3
559,1172,560,2,1
565,1244,566,2,1
569,1172,535,0,3
570,1172,536,0,3
585,1219,551,0,3
595,1172,561,0,3
599,1244,600,2,1
603,1172,569,0,3
604,1172,570,0,3
629,1172,595,0,3
633,1244,634,2,1
637,1172,603,0,3
638,1172,604,0,3
646,1219,680,2,0
651,1240,650,1,2
659,1237,660,2,1
667,1244,668,2,1
671,1172,637,0,3
672,1172,638,0,3
673,1219,707,3,0
674,1219,708,3,0
675,1219,709,3,0
675,1237,1237,4,0
676,1219,710,3,0
677,1219,711,3,0
678,1219,712,3,0
679,1219,713,3,0
693,1237,694,2,1
700,1203,701,2,1
701,1203,702,2,1
701,1244,702,2,1
702,1203,703,2,1
702,1237,668,0,3
703,1203,704,2,1
705,1172,671,0,3
706,1172,672,0,3
708,1203,1203,4,0
709,1237,675,0,3
727,1237,728,2,1
735,1244,736,2,1
736,1237,702,0,3
739,1172,705,0,3
740,1172,706,0,3
743,1237,709,0,3
761,1237,762,2,1
769,1172,735,0,3
769,1244,770,2,1
770,1237,736,0,3
773,1172,739,0,3
774,1172,740,0,3
777,1237,743,0,3
782,1230,816,2,0
783,1230,817,3,0
784,1230,818,3,0
785,1230,819,3,0
795,1237,796,2,1
803,1230,804,2,1
803,1244,804,2,1
804,1237,770,0,3
805,1172,771,0,3
807,1172,773,0,3
808,1172,774,0,3
810,1242,776,0,3
811,1237,777,0,3
816,1244,850,2,0
817,1244,851,3,0
818,1244,852,3,0
819,1230,1230,4,0
829,1237,830,2,1
837,1230,838,2,1
837,1244,838,2,1
838,1237,804,0,3
841,1172,807,0,3
842,1172,808,0,3
845,1237,811,0,3
850,1244,884,2,0
851,1244,885,3,0
852,1244,886,3,0
863,1237,864,2,1
870,1244,871,2,1
872,1237,838,0,3
876,1172,842,0,3
879,1237,845,0,3
884,1244,885,1,1
885,1244,886,2,1
886,1244,1244,4,0
897,1237,898,2,1
898,1197,899,2,1
906,1237,872,0,3
913,1237,879,0,3
916,1208,882,0,3
916,1244,917,2,1
919,1244,885,0,3
920,1250,919,1,2
921,1207,955,3,0
925,1161,924,1,2
932,1237,933,2,1
940,1237,906,0,3
947,1237,913,0,3
954,1250,953,1,2
955,1250,921,0,3
967,1250,933,0,3
974,1237,940,0,3
981,1237,947,0,3
988,1250,987,1,2
989,1250,955,0,3
1001,1250,967,0,3
1004,1197,970,0,3
1008,1237,974,0,3
1015,1237,981,0,3
1022,1250,1021,1,2
1026,1197,1025,1,2
1032,1197,1031,1,2
1037,1237,1003,0,3
1038,1197,1004,0,3
1042,1237,1008,0,3
1049,1237,1015,0,3
1056,1250,1055,1,2
1057,1253,1023,0,3
1060,1197,1059,1,2
1066,1197,1065,1,2
1072,1237,1038,0,3
1074,1197,1040,0,3
1076,1237,1042,0,3
1094,1197,1093,1,2
1100,1197,1099,1,2
1106,1237,1072,0,3
1110,1237,1076,0,3
1121,1207,1088,2,3
1127,1209,1126,1,2
1128,1197,1127,1,2
1134,1197,1133,1,2
1142,1172,20,3,3
1144,1237,1110,0,3
1147,1172,25,3,3
1158,1219,709,0,4
1161,1172,686,0,4
1161,1222,686,0,4
1161,1231,686,0,4
1162,1163,276,0,4
1163,1162,277,0,4
1166,1255,142,0,4
1168,1243,626,0,4
1171,1182,641,0,4
1171,1219,176,0,4
1172,1159,366,0,4
1172,1168,366,0,4
1172,1174,366,0,4
1172,1185,366,0,4
1172,1206,366,0,4
1172,1215,366,0,4
1172,1246,366,0,4
1173,1197,211,0,4
1173,1203,708,0,4
1175,1197,642,0,4
1175,1237,675,0,4
1176,1239,1083,0,4
1180,1183,169,0,4
1181,1197,642,0,4
1181,1219,708,0,4
1181,1237,675,0,4
1182,1171,706,0,4
1183,1180,169,0,4
1184,1232,41,0,4
1187,1219,710,0,4
1195,1171,72,0,4
1195,1173,72,0,4
1195,1175,72,0,4
1195,1181,72,0,4
1195,1198,72,0,4
1195,1201,72,0,4
1195,1203,72,0,4
1195,1207,72,0,4
1195,1242,72,0,4
1195,1251,72,0,4
1196,1244,642,0,4
1197,1173,209,0,4
1197,1175,642,0,4
1197,1181,642,0,4
1197,1198,642,0,4
1197,1201,642,0,4
1197,1203,642,0,4
1197,1230,608,0,4
1197,1240,175,0,4
1197,1245,175,0,4
1198,1197,642,0,4
1198,1219,708,0,4
1198,1237,675,0,4
1201,1197,642,0,4
1201,1207,210,0,4
1201,1219,708,0,4
1201,1237,675,0,4
1203,1173,708,0,4
1203,1182,708,0,4
1203,1197,642,0,4
1203,1219,708,0,4
1203,1237,675,0,4
1204,1230,673,0,4
1205,1207,38,0,4
1206,1172,259,0,4
1207,1159,242,0,4
1207,1170,242,0,4
1207,1174,242,0,4
1207,1177,242,0,4
1207,1180,242,0,4
1207,1183,242,0,4
1207,1195,242,0,4
1207,1201,210,0,4
1207,1205,242,0,4
1207,1210,242,0,4
1207,1215,242,0,4
1207,1219,709,0,4
1207,1225,242,0,4
1207,1229,242,0,4
1207,1234,242,0,4
1207,1235,242,0,4
1207,1236,242,0,4
1207,1246,242,0,4
1207,1254,242,0,4
1209,1249,276,0,4
1210,1250,168,0,4
1211,1219,175,0,4
1211,1244,609,0,4
1213,1225,63,0,4
1219,1158,707,0,4
1219,1161,707,0,4
1219,1162,707,0,4
1219,1171,110,0,4
1219,1175,707,0,4
1219,1176,707,0,4
1219,1179,707,0,4
1219,1181,707,0,4
1219,1187,707,0,4
1219,1196,707,0,4
1219,1197,707,0,4
1219,1198,707,0,4
1219,1199,707,0,4
1219,1201,707,0,4
1219,1203,707,0,4
1219,1207,707,0,4
1219,1209,707,0,4
1219,1211,110,0,4
1219,1221,707,0,4
1219,1223,707,0,4
1219,1224,707,0,4
1219,1230,707,0,4
1219,1232,707,0,4
1219,1237,707,0,4
1219,1241,707,0,4
1219,1242,707,0,4
1219,1243,707,0,4
1219,1249,707,0,4
1219,1251,707,0,4
1221,1219,710,0,4
1225,1185,201,0,4
1225,1188,201,0,4
1225,1213,201,0,4
1225,1226,1124,0,4
1225,1253,201,0,4
1226,1225,1152,0,4
1230,1156,819,0,4
1230,1158,819,0,4
1230,1162,819,0,4
1230,1163,819,0,4
1230,1171,819,0,4
1230,1173,819,0,4
1230,1175,819,0,4
1230,1179,819,0,4
1230,1181,819,0,4
1230,1182,819,0,4
1230,1187,819,0,4
1230,1189,819,0,4
1230,1196,819,0,4
1230,1197,819,0,4
1230,1198,819,0,4
1230,1199,819,0,4
1230,1201,819,0,4
1230,1202,819,0,4
1230,1203,819,0,4
1230,1204,819,0,4
1230,1207,819,0,4
1230,1209,819,0,4
1230,1211,819,0,4
1230,1219,819,0,4
1230,1221,819,0,4
1230,1223,819,0,4
1230,1224,819,0,4
1230,1237,819,0,4
1230,1241,819,0,4
1230,1242,819,0,4
1230,1243,819,0,4
1230,1249,819,0,4
1230,1251,819,0,4
1232,1184,1150,0,4
1234,1207,1126,0,4
1236,1207,140,0,4
1236,1249,140,0,4
1237,1173,675,0,4
1237,1175,675,0,4
1237,1181,675,0,4
1237,1182,675,0,4
1237,1198,675,0,4
1237,1201,675,0,4
1237,1202,675,0,4
1237,1203,675,0,4
1237,1204,675,0,4
1237,1219,675,0,4
1237,1251,675,0,4
1239,1176,1117,0,4
1243,1168,642,0,4
1244,1156,886,0,4
1244,1158,886,0,4
1244,1162,886,0,4
1244,1163,886,0,4
1244,1173,886,0,4
1244,1175,886,0,4
1244,1179,886,0,4
1244,1181,886,0,4
1244,1187,886,0,4
1244,1189,886,0,4
1244,1196,886,0,4
1244,1198,886,0,4
1244,1199,886,0,4
1244,1201,886,0,4
1244,1203,886,0,4
1244,1207,886,0,4
1244,1209,886,0,4
1244,1211,886,0,4
1244,1221,886,0,4
1244,1223,886,0,4
1244,1224,886,0,4
1244,1237,886,0,4
1244,1241,886,0,4
1244,1242,886,0,4
1244,1243,886,0,4
1244,1249,886,0,4
1244,1251,886,0,4
1249,1209,276,0,4
1249,1236,242,0,4
1250,1178,887,0,4
1250,1210,1154,0,4
1250,1225,1087,0,4
1250,1227,1087,0,4
1250,1228,1020,0,4
1250,1252,1020,0,4
1251,1219,708,0,4
1251,1237,675,0,4
1255,1166,142,0,4
