1,1215,0,0,0
5,1185,1127,3,3
5,1199,4,0,1
11,1199,10,0,1
14,1174,15,1,0
17,1210,51,2,0
21,1199,22,1,0
26,1185,25,0,1
34,1183,67,3,2
35,1183,1,0,2
39,1199,38,1,2
40,1185,41,2,1
45,1199,44,1,2
49,1183,15,0,2
50,1183,16,0,2
55,1163,56,2,1
55,1199,56,2,1
60,1185,59,1,2
62,1163,63,2,1
68,1183,101,3,2
69,1183,35,0,3
73,1199,72,1,2
74,1185,75,2,1
74,1214,73,1,2
78,1214,44,0,3
79,1174,80,2,1
79,1199,78,1,2
79,1214,45,0,3
80,1214,46,0,3
81,1214,47,0,3
82,1214,48,0,3
83,1183,49,0,3
83,1214,49,0,3
84,1184,50,0,3
84,1214,50,0,3
87,1252,121,3,0
89,1199,90,2,1
94,1185,93,1,2
102,1183,135,3,2
103,1183,69,0,3
107,1199,106,1,2
108,1185,109,2,1
108,1214,107,1,2
113,1199,112,1,2
123,1199,124,2,1
124,1217,125,2,1
128,1185,127,1,2
128,1227,162,3,0
129,1185,128,1,2
129,1217,130,2,1
130,1185,129,1,2
130,1217,164,3,0
131,1185,130,1,2
131,1217,165,3,0
132,1185,131,1,2
133,1185,132,1,2
136,1183,169,3,2
141,1199,140,1,2
142,1185,143,2,1
142,1214,141,1,2
147,1199,146,1,2
153,1252,187,3,0
157,1199,158,2,1
158,1217,159,2,1
160,1185,159,1,2
163,1217,164,2,1
165,1217,199,3,0
170,1183,203,3,2
175,1199,174,1,2
176,1214,175,1,2
181,1199,180,1,2
191,1199,192,2,1
192,1217,193,2,1
194,1185,193,1,2
196,1185,195,1,2
197,1217,198,2,1
201,1217,235,3,0
204,1183,237,3,2
209,1185,243,3,0
209,1199,208,1,2
210,1214,209,1,2
225,1199,226,2,1
226,1217,227,2,1
228,1185,227,1,2
230,1185,229,1,2
231,1217,232,2,1
235,1186,269,3,0
235,1217,269,3,0
238,1183,271,3,2
241,1185,275,3,0
244,1214,243,1,2
252,1252,253,2,1
256,1174,290,3,0
257,1174,291,3,0
258,1174,292,3,0
259,1174,293,3,0
260,1217,261,2,1
262,1185,261,1,2
264,1185,263,1,2
265,1217,266,2,1
271,1170,270,1,2
271,1217,305,3,0
272,1243,273,1,1
273,1243,274,2,1
274,1243,1243,4,0
275,1253,274,1,2
278,1214,277,1,2
293,1174,1174,4,0
294,1217,295,2,1
296,1185,295,1,2
298,1185,297,1,2
299,1217,300,2,1
305,1217,339,3,0
305,1243,272,2,3
306,1217,339,3,2
308,1163,1163,4,0
312,1214,311,1,2
326,1163,327,2,1
328,1217,329,2,1
330,1185,329,1,2
332,1185,331,1,2
333,1217,334,2,1
340,1179,341,1,1
340,1185,374,2,0
340,1217,373,3,2
341,1163,307,0,3
341,1179,1179,4,0
342,1163,308,0,3
346,1214,345,1,2
360,1163,361,2,1
362,1217,363,2,1
364,1185,363,1,2
366,1185,365,1,2
367,1217,368,2,1
376,1217,375,1,2
376,1236,375,1,2
380,1214,379,1,2
396,1217,397,2,1
398,1185,397,1,2
400,1185,399,1,2
401,1217,402,2,1
410,1217,409,1,2
411,1217,410,1,2
414,1214,413,1,2
421,1214,422,2,1
432,1185,431,1,2
434,1185,433,1,2
446,1217,445,1,2
448,1214,447,1,2
451,1222,485,3,0
453,1214,454,2,1
458,1222,424,0,3
459,1222,425,0,3
460,1222,426,0,3
461,1222,427,0,3
462,1222,428,0,3
463,1222,429,0,3
464,1222,430,0,3
465,1222,431,0,3
466,1185,465,1,2
468,1185,467,1,2
473,1185,474,2,1
474,1163,475,2,1
481,1217,480,1,2
482,1214,481,1,2
500,1185,499,1,2
502,1185,501,1,2
503,1255,537,3,0
504,1217,1217,4,0
505,1217,504,1,2
506,1217,505,1,2
507,1185,508,2,1
507,1217,506,1,2
508,1217,507,1,2
509,1217,508,1,2
512,1243,478,0,3
519,1252,520,2,1
521,1222,555,3,0
534,1185,533,1,2
536,1185,535,1,2
539,1185,540,2,1
543,1156,509,0,3
556,1222,590,3,0
568,1185,567,1,2
568,1222,534,0,3
570,1185,569,1,2
575,1177,541,0,3
579,1163,545,0,3
592,1222,626,3,0
602,1222,568,0,3
624,1252,625,2,1
626,1222,660,3,0
636,1222,602,0,3
670,1222,636,0,3
696,1222,730,3,0
704,1222,670,0,3
717,1170,716,1,2
730,1252,696,0,3
731,1222,730,1,2
738,1222,704,0,3
753,1194,752,1,2
772,1222,738,0,3
801,1222,800,1,2
806,1222,772,0,3
815,1195,849,3,0
834,1252,800,0,3
836,1222,835,1,2
840,1222,806,0,3
861,1199,862,2,1
870,1252,836,0,3
872,1222,871,1,2
874,1222,840,0,3
876,1161,910,3,0
877,1234,843,0,3
883,1232,849,0,3
889,1190,923,3,0
889,1199,888,1,2
895,1199,894,1,2
908,1222,874,0,3
910,1185,909,1,2
923,1199,922,1,2
929,1199,928,1,2
932,1175,966,3,0
932,1199,933,2,1
944,1185,943,1,2
957,1199,956,1,2
963,1199,962,1,2
966,1199,967,2,1
975,1252,941,0,3
978,1185,977,1,2
984,1185,985,2,1
987,1163,1021,3,0
988,1156,987,1,2
991,1199,990,1,2
997,1199,996,1,2
1002,1199,968,0,3
1003,1176,1004,2,1
1011,1252,977,0,3
1012,1185,1011,1,2
1025,1199,1024,1,2
1029,1252,1028,1,2
1031,1199,1030,1,2
1036,1199,1002,0,3
1038,1174,1072,3,0
1046,1185,1045,1,2
1050,1166,1016,0,3
1052,1177,1086,3,0
1059,1199,1058,1,2
1063,1252,1062,1,2
1064,1252,1063,1,2
1065,1199,1064,1,2
1065,1252,1064,1,2
1066,1252,1065,1,2
1067,1252,1066,1,2
1068,1252,1067,1,2
1069,1252,1068,1,2
1070,1252,1069,1,2
1072,1199,1038,0,3
1080,1185,1079,1,2
1087,1163,1121,3,0
1090,1185,1056,0,3
1093,1199,1092,1,2
1099,1199,1098,1,2
1104,1174,1138,3,0
1106,1199,1072,0,3
1109,1241,1110,2,1
1112,1252,1146,3,0
1114,1185,1113,1,2
1127,1199,1126,1,2
1133,1199,1132,1,2
1143,1199,1109,0,3
1148,1185,1147,1,2
1153,1163,1154,2,1
1156,1221,709,0,4
1159,1163,294,0,4
1163,1159,308,0,4
1163,1162,308,0,4
1163,1164,308,0,4
1163,1170,308,0,4
1163,1172,308,0,4
1163,1174,308,0,4
1163,1177,308,0,4
1163,1179,308,0,4
1163,1180,308,0,4
1163,1183,308,0,4
1163,1195,675,0,4
1163,1205,308,0,4
1163,1210,308,0,4
1163,1215,308,0,4
1163,1225,308,0,4
1163,1231,308,0,4
1163,1234,308,0,4
1163,1235,308,0,4
1163,1246,308,0,4
1163,1249,308,0,4
1163,1254,308,0,4
1164,1217,402,0,4
1166,1167,106,0,4
1166,1183,140,0,4
1167,1166,72,0,4
1168,1174,293,0,4
1169,1233,107,0,4
1170,1199,269,0,4
1170,1207,269,0,4
1170,1211,269,0,4
1170,1234,369,0,4
1171,1241,641,0,4
1172,1231,365,0,4
1173,1214,707,0,4
1174,1168,293,0,4
1174,1206,293,0,4
1174,1240,293,0,4
1174,1245,293,0,4
1175,1199,208,0,4
1175,1208,640,0,4
1177,1176,236,0,4
1177,1245,102,0,4
1179,1163,308,0,4
1181,1199,208,0,4
1183,1157,1,0,4
1183,1158,168,0,4
1183,1160,1,0,4
1183,1166,168,0,4
1183,1167,1,0,4
1183,1169,1,0,4
1183,1171,168,0,4
1183,1173,168,0,4
1183,1175,168,0,4
1183,1181,168,0,4
1183,1182,1,0,4
1183,1184,1,0,4
1183,1186,1,0,4
1183,1191,1,0,4
1183,1192,1,0,4
1183,1194,1,0,4
1183,1195,1,0,4
1183,1196,168,0,4
1183,1197,168,0,4
1183,1198,168,0,4
1183,1199,168,0,4
1183,1200,1,0,4
1183,1201,168,0,4
1183,1202,168,0,4
1183,1203,168,0,4
1183,1204,1,0,4
1183,1207,168,0,4
1183,1211,168,0,4
1183,1214,1,0,4
1183,1217,1,0,4
1183,1219,1,0,4
1183,1223,168,0,4
1183,1233,1,0,4
1183,1236,1,0,4
1183,1237,168,0,4
1183,1238,168,0,4
1183,1240,168,0,4
1183,1242,168,0,4
1183,1243,168,0,4
1183,1245,1,0,4
1183,1251,168,0,4
1183,1255,168,0,4
1184,1185,603,0,4
1185,1157,159,0,4
1185,1160,159,0,4
1185,1164,159,0,4
1185,1166,159,0,4
1185,1167,159,0,4
1185,1169,159,0,4
1185,1170,159,0,4
1185,1172,159,0,4
1185,1177,159,0,4
1185,1178,159,0,4
1185,1180,159,0,4
1185,1183,159,0,4
1185,1184,622,0,4
1185,1192,159,0,4
1185,1194,159,0,4
1185,1195,159,0,4
1185,1200,159,0,4
1185,1205,159,0,4
1185,1208,159,0,4
1185,1210,159,0,4
1185,1214,159,0,4
1185,1217,159,0,4
1185,1222,655,0,4
1185,1225,159,0,4
1185,1227,159,0,4
1185,1228,655,0,4
1185,1231,159,0,4
1185,1233,159,0,4
1185,1234,159,0,4
1185,1235,159,0,4
1185,1236,159,0,4
1185,1238,159,0,4
1185,1247,159,0,4
1185,1252,159,0,4
1191,1214,639,0,4
1195,1163,437,0,4
1195,1217,470,0,4
1197,1253,173,0,4
1198,1199,208,0,4
1199,1173,208,0,4
1199,1175,208,0,4
1199,1181,208,0,4
1199,1198,208,0,4
1199,1201,208,0,4
1199,1202,674,0,4
1199,1203,208,0,4
1199,1240,208,0,4
1199,1245,208,0,4
1201,1199,208,0,4
1202,1199,672,0,4
1203,1199,208,0,4
1203,1208,640,0,4
1205,1163,370,0,4
1205,1207,437,0,4
1207,1205,641,0,4
1208,1175,469,0,4
1208,1203,469,0,4
1211,1224,607,0,4
1211,1249,641,0,4
1214,1173,571,0,4
1214,1182,73,0,4
1214,1191,571,0,4
1214,1202,73,0,4
1214,1204,73,0,4
1214,1219,73,0,4
1214,1240,40,0,4
1214,1245,40,0,4
1215,1163,294,0,4
1217,1159,504,0,4
1217,1164,504,0,4
1217,1172,504,0,4
1217,1185,504,0,4
1217,1195,504,0,4
1217,1215,504,0,4
1217,1231,504,0,4
1217,1234,504,0,4
1217,1236,504,0,4
1217,1246,504,0,4
1217,1254,504,0,4
1221,1156,709,0,4
1222,1185,927,0,4
1222,1186,432,0,4
1222,1202,432,0,4
1222,1204,432,0,4
1222,1219,432,0,4
1224,1211,608,0,4
1227,1188,434,0,4
1227,1253,434,0,4
1228,1185,1029,0,4
1231,1172,365,0,4
1233,1169,107,0,4
1234,1170,369,0,4
1234,1217,402,0,4
1235,1243,370,0,4
1236,1217,504,0,4
1237,1183,275,0,4
1241,1171,641,0,4
1243,1170,274,0,4
1243,1174,274,0,4
1243,1235,574,0,4
1245,1177,114,0,4
1245,1214,81,0,4
1246,1163,261,0,4
1249,1163,308,0,4
1249,1211,641,0,4
1252,1240,1061,0,4
1252,1245,1061,0,4
1252,1254,1028,0,4
1253,1197,127,0,4
1254,1252,824,0,4
1255,1252,639,0,4
