20,1211,21,1,0
45,1174,46,2,1
49,1180,15,0,2
54,1211,55,2,1
86,1235,120,3,0
88,1211,89,2,1
118,1235,152,3,0
120,1235,154,3,0
122,1211,123,2,1
155,1235,189,3,0
156,1211,157,2,1
175,1185,176,2,1
175,1192,174,1,2
189,1235,223,3,0
190,1211,191,2,1
196,1200,230,3,0
197,1200,231,3,0
199,1200,200,2,1
204,1211,238,2,0
205,1211,239,3,0
223,1235,257,3,0
224,1211,225,2,1
231,1200,265,3,0
232,1235,266,3,0
233,1200,234,2,1
234,1200,235,2,1
236,1211,270,3,0
237,1211,271,3,0
239,1211,1211,4,0
240,1178,206,0,3
257,1211,258,2,1
257,1235,291,3,0
265,1200,299,3,0
266,1235,300,3,0
269,1200,270,2,1
271,1237,238,2,3
273,1211,239,0,3
293,1201,294,2,1
299,1200,333,3,0
299,1201,333,3,0
300,1235,334,3,0
301,1211,302,2,1
303,1200,304,2,1
321,1235,322,2,1
322,1235,323,2,1
323,1235,324,2,1
324,1235,325,2,1
325,1235,326,2,1
327,1201,328,2,1
332,1201,333,2,1
333,1200,367,3,0
334,1235,1235,4,0
335,1201,369,3,0
339,1200,305,0,3
361,1201,362,2,1
366,1201,367,2,1
367,1200,401,3,0
369,1201,403,3,0
371,1211,372,2,1
373,1200,339,0,3
374,1200,340,0,2
385,1197,351,0,3
387,1217,388,2,1
389,1172,355,0,3
390,1172,356,0,3
390,1195,391,2,1
391,1172,357,0,3
392,1172,358,0,3
393,1172,359,0,3
394,1172,360,0,3
395,1172,361,0,3
395,1201,396,2,1
396,1172,362,0,3
397,1172,363,0,3
398,1172,364,0,3
400,1201,401,2,1
401,1200,435,3,0
405,1201,439,3,0
408,1200,374,0,2
409,1200,375,0,3
418,1234,417,1,2
429,1201,430,2,1
434,1201,435,2,1
435,1200,469,3,0
439,1201,473,3,0
444,1200,410,0,3
445,1200,411,0,3
451,1172,485,3,0
463,1201,464,2,1
468,1201,469,2,1
469,1200,503,3,0
472,1224,506,3,0
476,1211,442,0,2
479,1200,445,0,3
486,1200,487,2,1
494,1224,495,2,1
497,1201,498,2,1
502,1201,503,2,1
503,1200,537,3,0
504,1200,538,3,0
505,1200,539,3,0
505,1224,506,2,1
506,1200,540,3,0
506,1224,540,3,0
507,1200,541,3,0
508,1200,542,3,0
510,1201,543,3,2
522,1172,556,3,0
528,1224,529,2,1
531,1201,532,2,1
536,1201,537,2,1
539,1224,540,2,1
540,1224,574,3,0
544,1201,577,3,2
544,1221,577,3,2
556,1172,590,3,0
562,1224,563,2,1
570,1201,571,2,1
573,1179,574,2,1
573,1224,574,2,1
574,1224,1224,4,0
580,1201,579,1,2
592,1172,626,3,0
615,1201,614,1,2
639,1201,1201,4,0
640,1201,639,1,2
641,1201,640,1,2
642,1201,641,1,2
643,1201,642,1,2
644,1201,643,1,2
662,1172,661,1,2
696,1172,695,1,2
710,1187,676,0,3
732,1172,731,1,2
758,1174,724,0,3
759,1174,725,0,3
760,1174,726,0,3
761,1174,727,0,3
762,1174,728,0,3
766,1172,765,1,2
780,1234,814,3,0
799,1252,765,0,3
802,1172,801,1,2
837,1172,836,1,2
865,1167,831,0,3
879,1247,880,2,1
907,1172,906,1,2
908,1172,909,2,1
913,1230,947,3,0
931,1176,932,2,1
931,1193,897,0,3
947,1230,981,3,0
971,1220,1005,3,0
971,1230,972,2,1
981,1230,1015,3,0
985,1211,1019,3,0
1005,1230,1006,2,1
1014,1230,1015,2,1
1015,1230,1049,3,0
1039,1230,1040,2,1
1048,1230,1049,2,1
1049,1230,1083,3,0
1051,1191,1017,0,3
1073,1230,1074,2,1
1082,1230,1083,2,1
1083,1230,1117,3,0
1115,1237,1081,0,3
1116,1230,1117,2,1
1117,1211,1118,2,1
1117,1230,1230,4,0
1132,1168,1098,0,3
1142,1211,1143,2,1
1149,1249,1115,0,3
1156,1161,675,0,4
1157,1201,571,0,4
1158,1207,673,0,4
1158,1237,673,0,4
1159,1211,259,0,4
1161,1156,650,0,4
1164,1201,401,0,4
1164,1242,401,0,4
1166,1201,605,0,4
1167,1201,537,0,4
1168,1211,258,0,4
1170,1211,35,0,4
1170,1249,302,0,4
1171,1201,639,0,4
1171,1244,640,0,4
1172,1182,959,0,4
1172,1204,959,0,4
1172,1219,991,0,4
1174,1190,326,0,4
1174,1201,294,0,4
1177,1211,269,0,4
1182,1172,76,0,4
1185,1211,159,0,4
1187,1243,274,0,4
1189,1206,309,0,4
1190,1174,530,0,4
1192,1173,106,0,4
1193,1250,817,0,4
1194,1201,537,0,4
1197,1201,639,0,4
1200,1201,537,0,4
1200,1235,38,0,4
1200,1236,537,0,4
1201,1157,639,0,4
1201,1160,639,0,4
1201,1164,639,0,4
1201,1166,639,0,4
1201,1167,639,0,4
1201,1171,639,0,4
1201,1172,639,0,4
1201,1174,639,0,4
1201,1178,639,0,4
1201,1190,639,0,4
1201,1194,639,0,4
1201,1197,639,0,4
1201,1200,639,0,4
1201,1208,639,0,4
1201,1214,639,0,4
1201,1215,639,0,4
1201,1217,639,0,4
1201,1222,639,0,4
1201,1227,639,0,4
1201,1228,639,0,4
1201,1231,639,0,4
1201,1234,639,0,4
1201,1236,639,0,4
1201,1238,639,0,4
1201,1247,639,0,4
1201,1252,639,0,4
1201,1255,639,0,4
1204,1172,75,0,4
1206,1189,556,0,4
1206,1211,257,0,4
1207,1158,673,0,4
1208,1201,469,0,4
1208,1224,469,0,4
1211,1159,239,0,4
1211,1168,239,0,4
1211,1170,239,0,4
1211,1174,239,0,4
1211,1177,239,0,4
1211,1180,239,0,4
1211,1183,239,0,4
1211,1185,239,0,4
1211,1206,239,0,4
1211,1210,239,0,4
1211,1215,239,0,4
1211,1225,239,0,4
1211,1229,239,0,4
1211,1235,239,0,4
1211,1244,239,0,4
1211,1246,239,0,4
1211,1250,239,0,4
1211,1254,239,0,4
1215,1201,294,0,4
1215,1211,260,0,4
1216,1230,1117,0,4
1217,1201,537,0,4
1218,1226,1149,0,4
1219,1172,108,0,4
1224,1157,574,0,4
1224,1160,574,0,4
1224,1167,574,0,4
1224,1190,574,0,4
1224,1192,574,0,4
1224,1194,574,0,4
1224,1200,574,0,4
1224,1208,574,0,4
1224,1214,574,0,4
1224,1217,574,0,4
1224,1228,574,0,4
1224,1236,574,0,4
1224,1252,574,0,4
1226,1218,1149,0,4
1230,1176,1117,0,4
1230,1216,1117,0,4
1230,1240,1117,0,4
1230,1248,1117,0,4
1232,1239,1148,0,4
1234,1201,401,0,4
1235,1159,334,0,4
1235,1168,334,0,4
1235,1174,334,0,4
1235,1200,35,0,4
1235,1206,334,0,4
1235,1211,69,0,4
1235,1215,334,0,4
1235,1231,334,0,4
1235,1246,334,0,4
1235,1254,334,0,4
1236,1200,537,0,4
1236,1201,537,0,4
1237,1158,673,0,4
1238,1201,605,0,4
1239,1232,1148,0,4
1242,1164,640,0,4
1243,1187,274,0,4
1244,1171,850,0,4
1244,1211,1119,0,4
1247,1201,468,0,4
1249,1170,274,0,4
1250,1193,817,0,4
1250,1211,1119,0,4
1255,1201,639,0,4
