1,1170,2,1,0
2,1170,3,1,0
3,1170,1170,4,0
16,1180,15,0,1
17,1180,16,0,1
18,1180,17,0,1
32,1165,31,0,1
35,1214,36,2,1
36,1214,37,2,1
37,1214,38,2,1
38,1214,39,2,1
39,1214,40,2,1
40,1214,1214,4,0
50,1180,49,1,2
51,1180,50,1,2
85,1180,84,1,2
113,1232,112,1,2
133,1225,167,3,0
144,1232,143,1,2
147,1232,146,1,2
148,1166,147,1,2
148,1232,149,2,1
153,1178,154,2,1
164,1192,198,3,0
171,1202,137,0,3
172,1202,138,0,3
173,1202,139,0,3
174,1202,140,0,3
175,1202,141,0,3
176,1202,142,0,3
177,1202,143,0,3
178,1232,177,1,2
181,1232,180,1,2
184,1232,185,2,1
195,1202,229,3,0
197,1202,231,3,0
198,1202,232,3,0
212,1232,211,1,2
215,1232,214,1,2
219,1232,220,2,1
232,1202,266,3,0
238,1254,204,0,2
239,1254,205,0,3
243,1195,242,1,2
246,1232,245,1,2
249,1232,248,1,2
255,1232,256,2,1
264,1254,263,1,2
265,1254,231,0,3
266,1254,232,0,3
267,1254,233,0,3
268,1202,302,3,0
268,1254,234,0,3
269,1210,235,0,3
269,1254,235,0,3
270,1225,236,0,3
270,1254,236,0,3
271,1254,237,0,3
280,1232,279,1,2
283,1232,282,1,2
289,1232,290,2,1
298,1254,297,1,2
302,1202,336,3,0
303,1202,337,3,0
303,1211,337,3,0
314,1202,280,0,3
314,1232,313,1,2
317,1232,316,1,2
324,1232,290,0,3
325,1197,359,3,0
332,1254,331,1,2
338,1202,372,3,0
339,1202,373,3,0
348,1202,314,0,3
348,1232,347,1,2
351,1232,350,1,2
353,1211,352,1,2
366,1254,365,1,2
372,1241,406,3,0
373,1202,407,3,0
374,1202,408,2,0
382,1202,348,0,3
382,1232,381,1,2
385,1232,384,1,2
395,1241,396,2,1
400,1254,399,1,2
403,1159,402,1,2
404,1164,403,1,2
405,1164,371,0,3
405,1241,406,2,1
406,1164,372,0,3
406,1241,440,3,0
407,1164,373,0,3
416,1202,382,0,3
416,1232,415,1,2
419,1232,418,1,2
429,1232,395,0,3
429,1241,430,2,1
430,1171,431,2,1
434,1254,433,1,2
439,1241,440,2,1
440,1241,474,3,0
444,1202,443,1,2
450,1202,416,0,3
450,1232,449,1,2
453,1232,452,1,2
463,1241,464,2,1
465,1232,431,0,3
468,1254,467,1,2
473,1241,474,2,1
474,1241,508,3,0
478,1202,477,1,2
484,1202,450,0,3
484,1232,483,1,2
487,1232,486,1,2
497,1241,498,2,1
500,1232,466,0,3
502,1254,501,1,2
504,1239,470,0,3
507,1241,508,2,1
508,1241,542,3,0
514,1202,513,1,2
515,1237,514,1,2
518,1202,484,0,3
518,1232,517,1,2
521,1232,520,1,2
534,1232,535,2,1
536,1254,535,1,2
541,1241,542,2,1
542,1241,576,3,0
548,1202,547,1,2
549,1202,548,1,2
552,1202,518,0,3
552,1232,551,1,2
555,1232,554,1,2
568,1232,569,2,1
570,1254,569,1,2
575,1168,541,0,3
576,1241,1241,4,0
578,1196,612,2,0
579,1196,613,3,0
584,1202,583,1,2
585,1202,584,1,2
586,1202,552,0,3
586,1232,585,1,2
589,1232,588,1,2
593,1180,592,1,2
595,1180,596,2,1
596,1241,597,2,1
601,1242,602,2,1
602,1232,603,2,1
604,1254,603,1,2
609,1196,643,3,0
610,1196,644,3,0
611,1196,645,3,0
619,1202,618,1,2
620,1202,586,0,3
620,1232,619,1,2
627,1180,626,1,2
627,1245,593,0,3
629,1180,630,2,1
636,1232,637,2,1
638,1254,637,1,2
644,1254,645,2,1
661,1180,660,1,2
672,1254,671,1,2
695,1180,694,1,2
706,1254,705,1,2
729,1180,728,1,2
734,1180,735,2,1
740,1254,739,1,2
753,1214,787,3,0
763,1180,762,1,2
768,1180,769,2,1
774,1254,773,1,2
797,1180,796,1,2
802,1180,803,2,1
823,1166,822,1,2
831,1180,830,1,2
836,1180,837,2,1
865,1180,864,1,2
870,1180,871,2,1
873,1190,872,1,2
888,1180,887,1,2
899,1180,898,1,2
904,1180,905,2,1
922,1180,921,1,2
933,1180,932,1,2
938,1180,939,2,1
951,1184,917,0,3
951,1214,918,2,3
956,1180,955,1,2
967,1180,966,1,2
972,1180,973,2,1
987,1241,1021,3,0
990,1180,989,1,2
991,1249,990,1,2
1001,1180,1000,1,2
1005,1166,971,0,3
1006,1180,1007,2,1
1024,1180,1023,1,2
1035,1180,1034,1,2
1035,1230,1001,0,3
1040,1180,1041,2,1
1054,1224,1088,2,0
1058,1180,1057,1,2
1059,1209,1058,1,2
1069,1180,1068,1,2
1070,1180,1069,1,2
1074,1180,1075,2,1
1092,1180,1091,1,2
1108,1180,1109,2,1
1122,1165,1088,0,2
1123,1165,1089,0,3
1123,1183,1183,4,0
1125,1170,3,3,3
1126,1180,1125,1,2
1137,1180,1136,1,2
1138,1180,1137,1,2
1139,1180,1138,1,2
1140,1180,1139,1,2
1141,1180,1142,2,1
1154,1165,1153,1,2
1155,1165,1121,0,3
1157,1164,74,0,4
1158,1164,643,0,4
1159,1247,295,0,4
1162,1196,242,0,4
1164,1157,1127,0,4
1164,1158,371,0,4
1164,1162,371,0,4
1164,1167,1127,0,4
1164,1179,371,0,4
1164,1194,1127,0,4
1164,1195,1127,0,4
1164,1196,1127,0,4
1164,1197,1127,0,4
1164,1199,371,0,4
1164,1207,1127,0,4
1164,1211,371,0,4
1164,1221,371,0,4
1164,1223,371,0,4
1164,1236,1127,0,4
1164,1237,371,0,4
1164,1242,1127,0,4
1164,1243,371,0,4
1164,1249,371,0,4
1165,1157,1121,0,4
1165,1160,1121,0,4
1165,1164,1121,0,4
1165,1166,1121,0,4
1165,1167,1121,0,4
1165,1169,1121,0,4
1165,1170,1121,0,4
1165,1171,1121,0,4
1165,1177,1121,0,4
1165,1180,1121,0,4
1165,1182,1121,0,4
1165,1183,1121,0,4
1165,1184,1121,0,4
1165,1186,1121,0,4
1165,1191,1121,0,4
1165,1192,1121,0,4
1165,1194,1121,0,4
1165,1195,1121,0,4
1165,1197,1121,0,4
1165,1200,1121,0,4
1165,1204,1121,0,4
1165,1205,1121,0,4
1165,1208,1121,0,4
1165,1214,1121,0,4
1165,1217,1121,0,4
1165,1219,1121,0,4
1165,1229,1121,0,4
1165,1233,1121,0,4
1165,1234,1121,0,4
1165,1235,1121,0,4
1165,1236,1121,0,4
1165,1238,1121,0,4
1165,1255,1121,0,4
1167,1164,40,0,4
1167,1214,40,0,4
1167,1241,506,0,4
1170,1161,3,0,4
1170,1165,3,0,4
1170,1176,3,0,4
1170,1180,3,0,4
1170,1183,3,0,4
1170,1193,3,0,4
1170,1212,3,0,4
1170,1213,3,0,4
1170,1214,4,0,4
1170,1216,3,0,4
1170,1218,3,0,4
1170,1220,3,0,4
1170,1226,3,0,4
1170,1230,3,0,4
1170,1232,3,0,4
1170,1239,3,0,4
1170,1244,3,0,4
1170,1248,3,0,4
1170,1250,3,0,4
1171,1202,641,0,4
1172,1193,960,0,4
1173,1202,708,0,4
1175,1201,210,0,4
1179,1231,576,0,4
1180,1164,1124,0,4
1180,1170,2,0,4
1180,1172,1057,0,4
1180,1178,1057,0,4
1180,1190,1057,0,4
1180,1205,2,0,4
1180,1208,1124,0,4
1180,1214,35,0,4
1180,1222,1057,0,4
1180,1227,1091,0,4
1180,1228,1057,0,4
1180,1234,1124,0,4
1180,1235,236,0,4
1180,1247,1091,0,4
1180,1252,1057,0,4
1183,1161,1123,0,4
1183,1165,1123,0,4
1183,1170,2,0,4
1183,1176,1123,0,4
1183,1193,1123,0,4
1183,1212,1123,0,4
1183,1214,35,0,4
1183,1216,1123,0,4
1183,1218,1123,0,4
1183,1220,1123,0,4
1183,1226,1123,0,4
1183,1230,1123,0,4
1183,1232,1123,0,4
1183,1239,1123,0,4
1183,1244,1123,0,4
1183,1248,1123,0,4
1183,1250,1123,0,4
1192,1185,572,0,4
1193,1172,852,0,4
1194,1164,74,0,4
1194,1217,74,0,4
1195,1164,5,0,4
1196,1162,242,0,4
1196,1164,209,0,4
1196,1254,209,0,4
1197,1164,175,0,4
1197,1202,641,0,4
1199,1164,609,0,4
1201,1175,210,0,4
1202,1171,674,0,4
1202,1173,674,0,4
1202,1197,674,0,4
1202,1211,674,0,4
1202,1243,674,0,4
1204,1254,77,0,4
1205,1180,5,0,4
1205,1241,405,0,4
1207,1164,210,0,4
1210,1214,1058,0,4
1211,1202,642,0,4
1214,1161,40,0,4
1214,1164,40,0,4
1214,1165,40,0,4
1214,1167,40,0,4
1214,1170,40,0,4
1214,1180,40,0,4
1214,1183,40,0,4
1214,1193,40,0,4
1214,1195,40,0,4
1214,1205,40,0,4
1214,1208,40,0,4
1214,1210,40,0,4
1214,1212,40,0,4
1214,1213,40,0,4
1214,1216,40,0,4
1214,1218,40,0,4
1214,1220,40,0,4
1214,1225,40,0,4
1214,1226,40,0,4
1214,1230,40,0,4
1214,1232,40,0,4
1214,1234,40,0,4
1214,1235,40,0,4
1214,1239,40,0,4
1214,1244,40,0,4
1214,1247,40,0,4
1214,1250,40,0,4
1217,1194,74,0,4
1221,1164,310,0,4
1223,1164,643,0,4
1225,1170,236,0,4
1225,1188,235,0,4
1228,1254,501,0,4
1231,1179,367,0,4
1231,1254,893,0,4
1232,1206,619,0,4
1234,1165,1093,0,4
1234,1180,1126,0,4
1234,1241,371,0,4
1235,1180,304,0,4
1236,1164,73,0,4
1237,1164,309,0,4
1241,1157,576,0,4
1241,1164,576,0,4
1241,1167,576,0,4
1241,1172,576,0,4
1241,1178,576,0,4
1241,1190,576,0,4
1241,1194,576,0,4
1241,1195,576,0,4
1241,1205,576,0,4
1241,1208,576,0,4
1241,1222,576,0,4
1241,1227,576,0,4
1241,1228,576,0,4
1241,1234,576,0,4
1241,1236,576,0,4
1241,1247,576,0,4
1241,1252,576,0,4
1242,1164,210,0,4
1243,1202,642,0,4
1243,1249,242,0,4
1247,1214,1128,0,4
1249,1243,242,0,4
1252,1254,1029,0,4
1254,1156,231,0,4
1254,1157,231,0,4
1254,1158,231,0,4
1254,1160,231,0,4
1254,1162,231,0,4
1254,1163,231,0,4
1254,1164,231,0,4
1254,1166,231,0,4
1254,1167,231,0,4
1254,1169,231,0,4
1254,1170,231,0,4
1254,1172,231,0,4
1254,1179,231,0,4
1254,1184,231,0,4
1254,1186,231,0,4
1254,1187,231,0,4
1254,1189,231,0,4
1254,1191,231,0,4
1254,1192,231,0,4
1254,1194,231,0,4
1254,1195,231,0,4
1254,1196,231,0,4
1254,1199,231,0,4
1254,1200,231,0,4
1254,1202,231,0,4
1254,1204,825,0,4
1254,1205,231,0,4
1254,1207,231,0,4
1254,1208,231,0,4
1254,1209,231,0,4
1254,1214,231,0,4
1254,1217,231,0,4
1254,1219,263,0,4
1254,1221,231,0,4
1254,1223,231,0,4
1254,1224,231,0,4
1254,1227,231,0,4
1254,1228,263,0,4
1254,1231,825,0,4
1254,1233,231,0,4
1254,1234,231,0,4
1254,1235,231,0,4
1254,1236,231,0,4
1254,1237,231,0,4
1254,1238,231,0,4
1254,1241,231,0,4
1254,1243,231,0,4
1254,1247,231,0,4
1254,1249,231,0,4
1254,1252,825,0,4
