3,1224,4,1,0
9,1237,8,0,1
9,1249,8,0,1
16,1237,15,0,1
16,1249,15,0,1
25,1237,26,1,0
25,1249,26,1,0
37,1224,38,2,1
42,1209,41,1,2
43,1237,42,1,2
43,1249,42,1,2
47,1188,48,2,1
50,1237,49,1,2
50,1249,49,1,2
59,1237,60,2,1
59,1249,60,2,1
71,1224,72,2,1
77,1237,76,1,2
77,1249,76,1,2
81,1188,82,2,1
84,1237,83,1,2
84,1249,83,1,2
93,1237,94,2,1
93,1249,94,2,1
99,1188,98,1,2
102,1188,135,3,2
103,1188,102,1,1
104,1188,103,1,2
105,1188,104,1,2
105,1224,106,2,1
106,1188,105,1,2
108,1210,74,0,3
111,1237,110,1,2
111,1249,110,1,2
114,1188,115,2,1
118,1237,117,1,2
118,1249,117,1,2
123,1170,157,3,0
127,1237,128,2,1
127,1249,128,2,1
133,1188,132,1,2
134,1186,135,2,1
134,1188,133,1,2
135,1188,134,1,2
139,1224,140,2,1
145,1237,144,1,2
145,1249,144,1,2
148,1188,182,3,0
152,1237,151,1,2
152,1249,151,1,2
155,1225,156,2,1
161,1237,162,2,1
161,1249,162,2,1
173,1224,174,2,1
179,1237,178,1,2
179,1249,178,1,2
186,1237,185,1,2
186,1249,185,1,2
195,1237,196,2,1
195,1249,196,2,1
205,1186,206,2,1
207,1224,208,2,1
213,1237,212,1,2
213,1249,212,1,2
221,1237,255,3,0
222,1237,256,3,0
223,1237,257,3,0
224,1237,258,3,0
225,1237,259,3,0
228,1170,262,3,0
229,1237,230,2,1
229,1249,230,2,1
241,1186,242,2,1
241,1224,242,2,1
256,1170,257,2,1
260,1170,294,3,0
261,1170,295,3,0
262,1170,296,3,0
275,1186,276,2,1
275,1224,276,2,1
279,1188,313,3,0
279,1213,313,3,0
289,1165,323,3,0
293,1170,327,3,0
294,1170,328,3,0
295,1170,329,3,0
296,1170,330,3,0
297,1170,331,3,0
305,1170,339,3,0
309,1224,310,2,1
310,1224,344,3,0
311,1188,345,3,0
314,1165,348,3,0
323,1165,357,3,0
325,1165,359,3,0
326,1165,360,3,0
339,1170,1170,4,0
343,1224,344,2,1
344,1224,378,3,0
348,1165,382,3,0
351,1184,350,1,2
357,1165,391,3,0
359,1165,393,3,0
360,1165,394,3,0
363,1170,329,0,3
363,1231,364,2,1
364,1170,330,0,3
364,1231,365,2,1
365,1170,331,0,3
365,1231,366,2,1
366,1231,367,2,1
367,1231,368,2,1
368,1231,369,2,1
369,1231,1231,4,0
373,1170,339,0,3
373,1243,407,3,0
377,1224,378,2,1
378,1224,412,3,0
378,1227,377,1,2
380,1186,346,0,3
382,1165,416,3,0
391,1165,425,3,0
395,1165,429,3,0
399,1170,365,0,3
407,1170,373,0,3
411,1224,412,2,1
412,1224,1224,4,0
416,1165,450,3,0
425,1165,459,3,0
426,1162,392,0,3
429,1165,463,3,0
433,1170,399,0,3
441,1170,407,0,3
441,1249,475,3,0
450,1165,484,3,0
459,1165,493,3,0
465,1165,464,1,2
467,1170,433,0,3
475,1170,441,0,3
476,1236,442,0,2
477,1188,478,2,1
477,1236,443,0,3
478,1236,444,0,3
484,1165,518,3,0
485,1186,451,0,3
493,1165,527,3,0
499,1165,498,1,2
500,1165,499,1,2
501,1170,467,0,3
509,1170,475,0,3
518,1165,552,3,0
524,1186,525,2,1
527,1165,561,3,0
535,1170,501,0,3
543,1188,510,2,3
552,1165,586,3,0
558,1186,559,2,1
561,1165,595,3,0
576,1186,575,1,2
578,1186,611,3,2
579,1186,578,1,1
580,1186,579,1,2
581,1186,580,1,2
582,1186,581,1,2
586,1165,620,3,0
587,1190,588,2,1
591,1186,592,2,1
593,1190,594,2,1
595,1165,629,3,0
595,1170,596,2,1
595,1190,629,3,0
610,1186,609,1,2
611,1186,610,1,2
620,1165,654,3,0
621,1190,622,2,1
625,1186,626,2,1
627,1190,628,2,1
629,1165,663,3,0
646,1187,679,3,2
647,1187,613,0,3
654,1165,688,3,0
655,1190,656,2,1
659,1186,660,2,1
661,1190,662,2,1
663,1165,697,3,0
665,1190,699,3,0
666,1170,667,2,1
688,1165,722,3,0
689,1190,690,2,1
691,1186,725,3,0
695,1190,696,2,1
697,1165,731,3,0
700,1170,701,2,1
718,1213,719,2,1
719,1213,720,2,1
720,1213,721,2,1
721,1213,722,2,1
722,1165,756,3,0
722,1213,1213,4,0
722,1236,756,3,0
723,1190,724,2,1
729,1190,730,2,1
731,1165,765,3,0
756,1165,1165,4,0
756,1186,790,3,0
757,1190,758,2,1
763,1190,764,2,1
766,1165,765,1,2
767,1165,766,1,2
768,1165,767,1,2
769,1165,768,1,2
769,1190,803,3,0
773,1231,739,0,3
776,1185,775,1,2
786,1212,787,2,1
788,1186,822,3,0
791,1190,792,2,1
797,1190,798,2,1
804,1190,803,1,2
806,1170,772,0,3
809,1231,775,0,3
814,1188,815,2,1
831,1190,832,2,1
848,1239,882,3,0
849,1188,816,2,3
851,1188,852,2,1
867,1249,868,2,1
874,1190,873,1,2
879,1231,845,0,3
894,1203,893,1,2
900,1190,1190,4,0
900,1237,899,1,2
900,1249,899,1,2
901,1190,900,1,2
901,1249,902,2,1
902,1190,901,1,2
903,1190,902,1,2
904,1190,903,1,2
905,1190,904,1,2
909,1190,908,1,2
910,1190,909,1,2
911,1242,877,0,3
919,1236,920,2,1
921,1188,922,2,1
927,1237,926,1,2
927,1249,926,1,2
934,1237,933,1,2
934,1249,933,1,2
936,1237,937,2,1
937,1237,938,2,1
938,1249,939,2,1
954,1186,955,2,1
957,1251,991,3,0
961,1189,960,1,2
961,1237,960,1,2
961,1249,960,1,2
968,1237,967,1,2
968,1249,967,1,2
970,1237,971,2,1
971,1237,972,2,1
972,1249,973,2,1
990,1158,1024,3,0
995,1237,994,1,2
995,1249,994,1,2
1002,1237,1001,1,2
1002,1249,1001,1,2
1006,1237,1007,2,1
1007,1249,973,0,3
1024,1224,1058,3,0
1029,1237,1028,1,2
1029,1249,1028,1,2
1036,1237,1035,1,2
1036,1249,1035,1,2
1053,1186,1020,2,3
1057,1224,1058,2,1
1063,1237,1062,1,2
1063,1249,1062,1,2
1070,1237,1069,1,2
1070,1249,1069,1,2
1076,1237,1042,0,3
1078,1249,1044,0,3
1091,1224,1092,2,1
1095,1188,1061,0,3
1097,1237,1096,1,2
1097,1249,1096,1,2
1104,1237,1103,1,2
1104,1249,1103,1,2
1110,1237,1076,0,3
1111,1237,1077,0,3
1112,1249,1078,0,3
1125,1224,1126,2,1
1131,1188,1097,0,3
1131,1237,1130,1,2
1131,1249,1130,1,2
1138,1237,1137,1,2
1138,1249,1137,1,2
1146,1237,1112,0,3
1147,1237,1113,0,3
1147,1249,1148,2,1
1156,1236,313,0,4
1157,1186,77,0,4
1158,1196,645,0,4
1159,1190,729,0,4
1162,1186,578,0,4
1165,1159,756,0,4
1165,1168,756,0,4
1165,1174,756,0,4
1165,1182,1122,0,4
1165,1185,756,0,4
1165,1188,756,0,4
1165,1206,756,0,4
1165,1213,756,0,4
1165,1215,756,0,4
1165,1216,756,0,4
1165,1218,756,0,4
1165,1246,756,0,4
1165,1248,756,0,4
1165,1253,756,0,4
1166,1186,78,0,4
1166,1194,576,0,4
1168,1190,662,0,4
1170,1168,339,0,4
1170,1172,339,0,4
1170,1174,339,0,4
1170,1178,339,0,4
1170,1190,339,0,4
1170,1215,339,0,4
1170,1222,339,0,4
1170,1231,339,0,4
1171,1236,178,0,4
1173,1237,712,0,4
1175,1237,645,0,4
1178,1231,403,0,4
1179,1186,578,0,4
1180,1188,104,0,4
1181,1187,645,0,4
1181,1237,645,0,4
1182,1165,81,0,4
1182,1188,708,0,4
1182,1231,709,0,4
1183,1188,104,0,4
1185,1165,659,0,4
1186,1156,608,0,4
1186,1157,78,0,4
1186,1158,608,0,4
1186,1162,608,0,4
1186,1163,608,0,4
1186,1166,78,0,4
1186,1171,608,0,4
1186,1175,608,0,4
1186,1176,608,0,4
1186,1179,608,0,4
1186,1181,608,0,4
1186,1187,608,0,4
1186,1189,608,0,4
1186,1196,608,0,4
1186,1197,608,0,4
1186,1198,608,0,4
1186,1199,608,0,4
1186,1201,608,0,4
1186,1203,608,0,4
1186,1207,608,0,4
1186,1209,608,0,4
1186,1211,608,0,4
1186,1214,575,0,4
1186,1221,608,0,4
1186,1223,608,0,4
1186,1224,608,0,4
1186,1232,608,0,4
1186,1237,608,0,4
1186,1238,608,0,4
1186,1241,608,0,4
1186,1242,608,0,4
1186,1243,608,0,4
1186,1248,608,0,4
1186,1249,608,0,4
1186,1255,608,0,4
1187,1181,612,0,4
1188,1157,98,0,4
1188,1160,98,0,4
1188,1164,131,0,4
1188,1165,725,0,4
1188,1166,131,0,4
1188,1167,98,0,4
1188,1169,131,0,4
1188,1170,131,0,4
1188,1177,131,0,4
1188,1180,131,0,4
1188,1182,692,0,4
1188,1183,131,0,4
1188,1184,98,0,4
1188,1186,98,0,4
1188,1191,691,0,4
1188,1192,98,0,4
1188,1194,131,0,4
1188,1195,98,0,4
1188,1197,691,0,4
1188,1200,98,0,4
1188,1204,691,0,4
1188,1205,131,0,4
1188,1208,131,0,4
1188,1210,131,0,4
1188,1212,725,0,4
1188,1213,691,0,4
1188,1214,98,0,4
1188,1217,98,0,4
1188,1219,691,0,4
1188,1225,131,0,4
1188,1229,131,0,4
1188,1233,131,0,4
1188,1234,131,0,4
1188,1235,131,0,4
1188,1236,98,0,4
1188,1238,131,0,4
1188,1244,98,0,4
1188,1247,131,0,4
1188,1250,725,0,4
1188,1255,691,0,4
1189,1236,280,0,4
1190,1159,900,0,4
1190,1161,900,0,4
1190,1168,900,0,4
1190,1174,900,0,4
1190,1185,900,0,4
1190,1188,900,0,4
1190,1213,900,0,4
1190,1215,900,0,4
1190,1232,900,0,4
1190,1239,900,0,4
1190,1246,900,0,4
1190,1253,900,0,4
1190,1254,900,0,4
1191,1188,644,0,4
1194,1166,542,0,4
1194,1188,109,0,4
1196,1158,645,0,4
1196,1207,645,0,4
1197,1188,611,0,4
1197,1236,178,0,4
1198,1237,645,0,4
1201,1237,645,0,4
1201,1242,213,0,4
1201,1249,645,0,4
1202,1217,643,0,4
1203,1237,645,0,4
1204,1188,676,0,4
1204,1231,675,0,4
1206,1165,628,0,4
1207,1196,645,0,4
1207,1246,213,0,4
1210,1230,137,0,4
1211,1186,611,0,4
1212,1156,788,0,4
1212,1158,788,0,4
1212,1162,788,0,4
1212,1163,788,0,4
1212,1171,788,0,4
1212,1173,788,0,4
1212,1175,788,0,4
1212,1179,788,0,4
1212,1181,788,0,4
1212,1182,788,0,4
1212,1187,788,0,4
1212,1188,789,0,4
1212,1189,788,0,4
1212,1191,788,0,4
1212,1196,788,0,4
1212,1197,788,0,4
1212,1198,788,0,4
1212,1199,788,0,4
1212,1201,788,0,4
1212,1202,788,0,4
1212,1203,788,0,4
1212,1204,788,0,4
1212,1207,788,0,4
1212,1209,788,0,4
1212,1211,788,0,4
1212,1219,788,0,4
1212,1221,788,0,4
1212,1223,788,0,4
1212,1224,788,0,4
1212,1233,788,0,4
1212,1237,788,0,4
1212,1241,788,0,4
1212,1242,788,0,4
1212,1243,788,0,4
1212,1249,788,0,4
1212,1251,788,0,4
1212,1255,788,0,4
1213,1156,722,0,4
1213,1158,722,0,4
1213,1162,722,0,4
1213,1163,722,0,4
1213,1165,756,0,4
1213,1171,722,0,4
1213,1173,722,0,4
1213,1175,722,0,4
1213,1176,722,0,4
1213,1179,722,0,4
1213,1181,722,0,4
1213,1182,722,0,4
1213,1187,722,0,4
1213,1188,690,0,4
1213,1189,722,0,4
1213,1191,722,0,4
1213,1196,722,0,4
1213,1197,722,0,4
1213,1198,722,0,4
1213,1199,722,0,4
1213,1201,722,0,4
1213,1202,722,0,4
1213,1203,722,0,4
1213,1204,722,0,4
1213,1207,722,0,4
1213,1209,722,0,4
1213,1211,722,0,4
1213,1216,722,0,4
1213,1218,722,0,4
1213,1219,722,0,4
1213,1221,722,0,4
1213,1223,722,0,4
1213,1224,722,0,4
1213,1233,722,0,4
1213,1237,722,0,4
1213,1241,722,0,4
1213,1242,722,0,4
1213,1243,722,0,4
1213,1248,722,0,4
1213,1249,722,0,4
1213,1251,722,0,4
1213,1255,722,0,4
1214,1186,575,0,4
1215,1170,299,0,4
1216,1165,722,0,4
1216,1213,722,0,4
1217,1202,575,0,4
1218,1165,722,0,4
1218,1213,722,0,4
1219,1188,676,0,4
1219,1231,675,0,4
1222,1252,436,0,4
1224,1159,412,0,4
1224,1164,412,0,4
1224,1170,412,0,4
1224,1172,412,0,4
1224,1174,412,0,4
1224,1177,412,0,4
1224,1178,412,0,4
1224,1180,412,0,4
1224,1183,412,0,4
1224,1195,412,0,4
1224,1205,412,0,4
1224,1208,412,0,4
1224,1210,412,0,4
1224,1215,412,0,4
1224,1222,412,0,4
1224,1225,412,0,4
1224,1227,412,0,4
1224,1229,412,0,4
1224,1231,412,0,4
1224,1234,412,0,4
1224,1235,412,0,4
1224,1246,412,0,4
1224,1247,412,0,4
1224,1254,412,0,4
1228,1231,471,0,4
1230,1210,0,0,4
1231,1178,369,0,4
1231,1182,369,0,4
1231,1204,369,0,4
1231,1219,369,0,4
1231,1228,369,0,4
1231,1252,369,0,4
1233,1213,610,0,4
1236,1156,143,0,4
1236,1158,442,0,4
1236,1162,442,0,4
1236,1171,143,0,4
1236,1179,442,0,4
1236,1187,442,0,4
1236,1189,143,0,4
1236,1197,143,0,4
1236,1209,442,0,4
1236,1211,442,0,4
1236,1221,442,0,4
1236,1237,143,0,4
1236,1241,143,0,4
1236,1249,143,0,4
1237,1173,679,0,4
1237,1175,645,0,4
1237,1181,645,0,4
1237,1198,645,0,4
1237,1201,645,0,4
1237,1203,645,0,4
1237,1236,245,0,4
1237,1240,246,0,4
1237,1245,246,0,4
1237,1251,645,0,4
1237,1255,645,0,4
1238,1186,609,0,4
1241,1236,245,0,4
1242,1186,677,0,4
1242,1201,213,0,4
1242,1249,645,0,4
1243,1172,611,0,4
1246,1207,232,0,4
1248,1165,688,0,4
1248,1213,688,0,4
1249,1173,212,0,4
1249,1178,611,0,4
1249,1201,645,0,4
1249,1222,611,0,4
1249,1227,611,0,4
1249,1236,245,0,4
1249,1240,212,0,4
1249,1242,645,0,4
1249,1245,212,0,4
1249,1247,611,0,4
1249,1251,645,0,4
1250,1188,789,0,4
1251,1237,645,0,4
1251,1249,645,0,4
1252,1222,471,0,4
1252,1231,471,0,4
1255,1188,611,0,4
1255,1237,611,0,4
