1,1216,1123,3,3
3,1163,4,1,0
5,1177,39,2,0
25,1177,26,1,0
28,1216,1150,3,3
35,1216,1,0,2
62,1163,63,2,1
62,1216,28,0,2
69,1216,35,0,3
96,1163,97,2,1
96,1216,62,0,3
103,1216,69,0,3
130,1163,131,2,1
130,1216,96,0,3
137,1216,103,0,3
160,1252,194,3,0
164,1163,165,2,1
164,1216,130,0,3
167,1204,201,3,0
169,1184,203,3,0
171,1216,137,0,3
176,1195,142,0,3
185,1252,151,0,3
198,1163,199,2,1
198,1216,164,0,3
201,1204,235,3,0
205,1216,171,0,3
210,1198,211,2,1
211,1198,212,2,1
212,1198,213,2,1
213,1198,214,2,1
214,1198,215,2,1
215,1198,1198,4,0
217,1160,216,1,2
217,1213,216,1,2
221,1213,220,1,2
224,1216,225,2,1
232,1163,233,2,1
232,1216,198,0,3
233,1159,234,2,1
235,1204,269,3,0
239,1216,205,0,3
250,1215,251,2,1
251,1213,250,1,2
255,1213,254,1,2
257,1213,258,2,1
258,1213,259,2,1
266,1163,267,2,1
266,1216,232,0,3
268,1215,267,1,2
269,1204,303,3,0
272,1215,305,3,2
273,1215,272,1,1
274,1215,273,1,2
275,1215,274,1,2
276,1215,275,1,2
278,1163,312,3,0
279,1163,313,3,0
280,1163,314,3,0
281,1163,315,3,0
284,1215,285,2,1
285,1213,284,1,2
289,1213,288,1,2
291,1213,292,2,1
292,1213,293,2,1
298,1204,332,3,0
300,1163,301,2,1
300,1216,266,0,3
302,1215,301,1,2
303,1204,337,3,0
306,1215,339,3,2
315,1163,1163,4,0
317,1215,351,3,0
319,1213,318,1,2
323,1213,322,1,2
328,1213,329,2,1
330,1204,364,3,0
330,1216,296,0,3
333,1163,334,2,1
334,1216,300,0,3
336,1215,335,1,2
337,1204,371,3,0
340,1215,373,3,2
343,1163,344,2,1
349,1163,315,0,3
350,1215,384,3,0
353,1213,352,1,2
357,1213,356,1,2
362,1213,363,2,1
364,1204,398,3,0
364,1216,330,0,3
368,1216,334,0,3
370,1215,369,1,2
371,1204,405,3,0
374,1215,407,3,2
387,1213,386,1,2
391,1213,390,1,2
398,1213,364,0,3
400,1216,366,0,3
402,1216,368,0,3
405,1204,439,3,0
408,1215,441,3,2
413,1163,414,2,1
416,1215,450,3,0
421,1213,420,1,2
425,1213,424,1,2
432,1213,398,0,3
435,1216,401,0,3
436,1216,402,0,3
439,1204,473,3,0
455,1213,454,1,2
459,1213,458,1,2
463,1204,464,2,1
467,1213,433,0,3
468,1213,434,0,3
473,1204,507,3,0
477,1221,511,3,0
489,1213,488,1,2
493,1213,492,1,2
502,1213,468,0,3
503,1213,469,0,3
507,1204,541,3,0
507,1246,506,1,2
512,1187,546,3,0
515,1215,516,2,1
520,1219,519,1,2
523,1213,522,1,2
527,1213,526,1,2
538,1213,504,0,3
539,1213,505,0,3
541,1204,575,3,0
552,1163,518,0,3
554,1198,520,0,3
557,1213,556,1,2
561,1213,560,1,2
573,1213,574,2,1
575,1204,609,3,0
581,1215,582,2,1
591,1213,590,1,2
594,1204,595,2,1
595,1213,594,1,2
607,1213,608,2,1
609,1204,643,3,0
616,1224,582,0,3
617,1224,583,0,3
625,1213,624,1,2
629,1213,628,1,2
641,1213,642,2,1
643,1204,677,3,0
659,1213,658,1,2
663,1213,662,1,2
675,1213,676,2,1
677,1204,1204,4,0
679,1214,645,0,3
692,1213,726,3,0
693,1213,692,1,2
695,1228,729,3,0
698,1213,732,3,0
699,1213,733,3,0
700,1213,734,3,0
701,1213,735,3,0
702,1213,736,3,0
703,1213,737,3,0
707,1204,673,0,3
708,1204,674,0,3
709,1204,675,0,3
709,1213,710,2,1
710,1204,676,0,3
711,1204,677,0,3
730,1204,731,2,1
758,1220,759,2,1
812,1214,778,0,3
828,1194,827,1,2
843,1216,877,3,0
877,1216,911,3,0
906,1204,907,2,1
911,1216,945,3,0
940,1216,941,2,1
957,1250,958,2,1
962,1163,961,1,2
974,1216,975,2,1
1011,1204,977,0,3
1027,1163,1061,3,0
1028,1213,994,0,3
1042,1230,1043,2,1
1062,1180,1180,4,0
1077,1216,1111,3,0
1078,1216,1112,3,0
1079,1216,1113,3,0
1080,1216,1114,3,0
1081,1216,1115,3,0
1089,1216,1216,4,0
1116,1204,1082,0,3
1123,1216,1089,0,3
1150,1216,1116,0,3
1158,1211,215,0,4
1159,1163,267,0,4
1161,1239,1089,0,4
1163,1159,315,0,4
1163,1164,315,0,4
1163,1170,315,0,4
1163,1172,315,0,4
1163,1174,315,0,4
1163,1177,315,0,4
1163,1180,315,0,4
1163,1183,315,0,4
1163,1210,315,0,4
1163,1215,682,0,4
1163,1224,315,0,4
1163,1225,315,0,4
1163,1231,315,0,4
1163,1234,315,0,4
1163,1235,315,0,4
1163,1246,315,0,4
1163,1254,315,0,4
1169,1215,544,0,4
1175,1199,215,0,4
1177,1213,209,0,4
1177,1215,209,0,4
1178,1204,439,0,4
1180,1210,173,0,4
1185,1204,629,0,4
1187,1157,614,0,4
1187,1190,614,0,4
1188,1213,101,0,4
1197,1215,214,0,4
1198,1159,215,0,4
1198,1162,215,0,4
1198,1179,215,0,4
1198,1211,215,0,4
1198,1215,215,0,4
1198,1237,215,0,4
1198,1243,215,0,4
1198,1246,215,0,4
1198,1249,215,0,4
1198,1254,215,0,4
1199,1175,215,0,4
1199,1203,215,0,4
1203,1199,215,0,4
1204,1159,677,0,4
1204,1168,677,0,4
1204,1174,677,0,4
1204,1178,677,0,4
1204,1185,677,0,4
1204,1190,677,0,4
1204,1206,677,0,4
1204,1215,677,0,4
1204,1222,677,0,4
1204,1228,677,0,4
1204,1246,677,0,4
1204,1252,677,0,4
1204,1254,677,0,4
1210,1180,173,0,4
1211,1158,215,0,4
1211,1198,215,0,4
1213,1168,726,0,4
1213,1185,726,0,4
1213,1188,34,0,4
1213,1206,726,0,4
1213,1253,726,0,4
1214,1236,46,0,4
1215,1157,301,0,4
1215,1158,267,0,4
1215,1162,267,0,4
1215,1163,730,0,4
1215,1164,301,0,4
1215,1166,301,0,4
1215,1167,301,0,4
1215,1169,301,0,4
1215,1170,267,0,4
1215,1171,301,0,4
1215,1172,301,0,4
1215,1177,234,0,4
1215,1179,267,0,4
1215,1187,267,0,4
1215,1194,301,0,4
1215,1195,301,0,4
1215,1196,267,0,4
1215,1197,234,0,4
1215,1199,267,0,4
1215,1200,301,0,4
1215,1201,301,0,4
1215,1205,301,0,4
1215,1207,267,0,4
1215,1208,301,0,4
1215,1209,267,0,4
1215,1211,267,0,4
1215,1217,301,0,4
1215,1221,267,0,4
1215,1223,267,0,4
1215,1224,267,0,4
1215,1225,267,0,4
1215,1231,301,0,4
1215,1234,301,0,4
1215,1235,301,0,4
1215,1236,301,0,4
1215,1237,267,0,4
1215,1238,301,0,4
1215,1241,267,0,4
1215,1243,267,0,4
1215,1247,301,0,4
1215,1249,267,0,4
1215,1251,301,0,4
1215,1254,730,0,4
1215,1255,301,0,4
1216,1161,1089,0,4
1216,1232,1089,0,4
1216,1245,1089,0,4
1221,1167,647,0,4
1221,1228,647,0,4
1221,1241,282,0,4
1222,1227,405,0,4
1224,1156,582,0,4
1224,1163,315,0,4
1227,1222,407,0,4
1228,1188,1035,0,4
1228,1253,1035,0,4
1232,1216,1089,0,4
1234,1163,308,0,4
1234,1215,341,0,4
1235,1163,309,0,4
1236,1214,45,0,4
1237,1198,215,0,4
1239,1161,1089,0,4
1241,1221,282,0,4
1243,1198,215,0,4
1243,1249,580,0,4
1246,1163,235,0,4
1249,1243,580,0,4
1252,1204,507,0,4
1253,1213,727,0,4
1254,1204,269,0,4
1254,1215,764,0,4
