20,1174,21,1,0
36,1228,37,2,1
62,1173,61,1,2
65,1228,64,1,2
87,1235,53,0,3
99,1228,98,1,2
112,1194,111,1,2
113,1194,79,0,3
119,1194,85,0,3
120,1194,86,0,3
121,1194,87,0,3
122,1194,88,0,3
130,1214,164,3,0
133,1228,132,1,2
146,1194,145,1,2
147,1194,113,0,3
147,1232,181,3,0
153,1194,119,0,3
163,1214,197,3,0
164,1214,198,3,0
167,1228,166,1,2
176,1228,142,0,3
180,1194,179,1,2
181,1194,147,0,3
181,1218,180,1,2
187,1194,153,0,3
187,1218,188,2,1
195,1214,229,3,0
198,1214,232,3,0
201,1228,200,1,2
210,1228,176,0,3
214,1194,213,1,2
232,1214,266,3,0
233,1214,267,3,0
235,1228,234,1,2
241,1171,242,2,1
243,1249,277,3,0
244,1249,278,3,0
245,1249,279,3,0
246,1209,280,3,0
246,1228,212,0,3
246,1249,280,3,0
248,1194,247,1,2
248,1237,247,1,2
261,1214,295,3,0
264,1249,265,2,1
266,1214,300,3,0
267,1214,301,3,0
269,1228,268,1,2
274,1249,275,2,1
275,1171,276,2,1
277,1209,278,2,1
277,1249,278,2,1
278,1209,279,2,1
278,1249,279,2,1
279,1209,280,2,1
280,1209,1209,4,0
280,1249,1249,4,0
282,1194,281,1,2
282,1237,281,1,2
290,1237,289,1,2
291,1237,290,1,2
292,1237,291,1,2
293,1237,292,1,2
294,1237,293,1,2
300,1214,334,3,0
301,1214,335,3,0
303,1228,302,1,2
304,1214,338,3,0
310,1249,311,2,1
311,1171,277,0,3
316,1194,315,1,2
317,1215,351,3,0
324,1237,323,1,2
334,1214,368,3,0
335,1214,369,3,0
337,1228,336,1,2
338,1214,372,3,0
345,1171,311,0,3
351,1215,385,3,0
351,1228,317,0,3
368,1214,402,3,0
369,1214,403,3,0
369,1215,368,1,2
371,1228,370,1,2
372,1214,406,3,0
380,1171,346,0,3
385,1215,419,3,0
396,1197,430,3,0
397,1237,431,3,0
403,1214,437,3,0
405,1228,404,1,2
406,1214,440,3,0
419,1215,453,3,0
421,1228,422,2,1
426,1194,425,1,2
427,1214,428,2,1
427,1237,426,1,2
437,1214,471,3,0
439,1228,438,1,2
440,1214,474,3,0
442,1228,475,3,2
443,1228,442,1,1
444,1228,443,1,2
445,1228,444,1,2
446,1194,445,1,2
449,1249,415,0,3
450,1171,416,0,3
453,1215,487,3,0
455,1228,456,2,1
459,1214,460,2,1
461,1237,460,1,2
470,1240,469,1,2
471,1214,505,3,0
473,1228,472,1,2
474,1214,508,3,0
474,1228,473,1,2
475,1228,474,1,2
476,1221,510,2,0
484,1171,450,0,3
487,1215,521,3,0
488,1215,522,3,0
488,1233,487,1,2
489,1228,490,2,1
495,1237,494,1,2
505,1214,539,3,0
507,1228,506,1,2
508,1214,542,3,0
520,1171,486,0,3
521,1215,555,3,0
522,1215,556,3,0
525,1215,559,3,0
528,1171,494,0,3
529,1237,528,1,2
530,1237,531,2,1
534,1209,535,2,1
541,1228,540,1,2
542,1214,1214,4,0
546,1171,545,1,2
555,1215,589,3,0
556,1215,590,3,0
556,1228,590,3,0
559,1215,593,3,0
562,1171,563,2,1
568,1214,534,0,3
569,1214,535,0,3
570,1214,536,0,3
571,1214,537,0,3
572,1214,538,0,3
573,1214,539,0,3
575,1228,574,1,2
576,1214,542,0,3
588,1228,622,3,0
589,1215,623,3,0
590,1215,624,3,0
593,1215,627,3,0
607,1214,573,0,3
609,1228,608,1,2
610,1214,576,0,3
614,1215,615,2,1
617,1232,618,2,1
618,1232,619,2,1
619,1232,620,2,1
620,1232,621,2,1
621,1232,622,2,1
622,1232,623,2,1
623,1215,657,3,0
623,1232,1232,4,0
624,1215,658,3,0
627,1215,661,3,0
634,1209,600,0,3
641,1214,607,0,3
643,1228,642,1,2
646,1215,647,1,1
657,1215,691,3,0
657,1218,691,3,0
658,1215,692,3,0
660,1228,694,3,0
661,1215,695,3,0
663,1218,697,3,0
664,1218,698,3,0
665,1218,699,3,0
666,1218,700,3,0
677,1228,676,1,2
687,1228,721,3,0
688,1183,687,1,2
691,1215,725,3,0
692,1215,726,3,0
695,1215,729,3,0
711,1228,710,1,2
719,1234,753,3,0
722,1183,721,1,2
729,1215,1215,4,0
731,1174,730,1,2
745,1228,744,1,2
747,1215,714,2,3
757,1215,723,0,3
758,1215,724,0,3
759,1215,725,0,3
760,1215,726,0,3
763,1215,729,0,3
767,1214,768,2,1
779,1228,778,1,2
780,1228,779,1,2
781,1215,748,2,3
782,1211,748,0,2
783,1170,749,0,3
786,1228,787,2,1
794,1215,760,0,3
797,1215,763,0,3
813,1228,812,1,2
814,1228,813,1,2
815,1215,782,2,3
828,1215,794,0,3
831,1215,797,0,3
847,1228,846,1,2
848,1228,847,1,2
849,1215,816,2,3
862,1215,828,0,3
865,1215,831,0,3
881,1228,880,1,2
882,1228,881,1,2
883,1215,850,2,3
885,1228,886,2,1
896,1215,862,0,3
899,1215,865,0,3
907,1214,873,0,3
915,1228,914,1,2
916,1228,915,1,2
926,1209,960,3,0
930,1215,896,0,3
941,1238,940,1,2
943,1214,909,0,3
945,1174,979,3,0
949,1228,948,1,2
950,1228,949,1,2
954,1215,955,2,1
959,1249,993,3,0
964,1215,930,0,3
978,1174,1012,3,0
983,1228,982,1,2
984,1228,983,1,2
998,1215,964,0,3
1010,1174,1044,3,0
1032,1215,998,0,3
1046,1166,1045,1,2
1062,1183,1096,3,0
1066,1215,1032,0,3
1074,1183,1108,3,0
1075,1183,1109,3,0
1091,1249,1092,2,1
1094,1215,1060,0,3
1110,1174,1144,3,0
1130,1215,1096,0,3
1142,1174,1143,2,1
1155,1228,1122,2,3
1158,1194,579,0,4
1161,1218,1155,0,4
1170,1209,275,0,4
1170,1247,1098,0,4
1170,1249,275,0,4
1172,1183,338,0,4
1174,1182,730,0,4
1174,1190,300,0,4
1174,1249,300,0,4
1175,1194,612,0,4
1178,1214,438,0,4
1182,1222,710,0,4
1183,1172,173,0,4
1183,1178,1096,0,4
1183,1190,1096,0,4
1183,1210,139,0,4
1183,1222,1096,0,4
1183,1227,1096,0,4
1183,1228,1096,0,4
1183,1252,1096,0,4
1190,1174,504,0,4
1194,1158,477,0,4
1194,1173,79,0,4
1194,1175,510,0,4
1194,1191,79,0,4
1194,1196,145,0,4
1194,1198,510,0,4
1194,1199,477,0,4
1194,1202,79,0,4
1194,1203,510,0,4
1194,1207,477,0,4
1194,1223,477,0,4
1194,1233,79,0,4
1194,1237,477,0,4
1194,1238,510,0,4
1194,1240,79,0,4
1194,1243,477,0,4
1194,1245,79,0,4
1194,1255,477,0,4
1198,1194,612,0,4
1199,1194,579,0,4
1199,1231,579,0,4
1203,1194,612,0,4
1204,1228,677,0,4
1206,1221,263,0,4
1207,1194,579,0,4
1209,1159,280,0,4
1209,1168,280,0,4
1209,1170,280,0,4
1209,1174,280,0,4
1209,1177,280,0,4
1209,1180,280,0,4
1209,1183,280,0,4
1209,1210,280,0,4
1209,1215,280,0,4
1209,1225,280,0,4
1209,1246,280,0,4
1209,1254,280,0,4
1210,1183,139,0,4
1211,1241,579,0,4
1214,1159,542,0,4
1214,1168,542,0,4
1214,1172,542,0,4
1214,1174,542,0,4
1214,1178,542,0,4
1214,1190,542,0,4
1214,1206,542,0,4
1214,1215,542,0,4
1214,1222,542,0,4
1214,1228,542,0,4
1214,1252,542,0,4
1215,1156,729,0,4
1215,1161,729,0,4
1215,1165,729,0,4
1215,1176,729,0,4
1215,1188,729,0,4
1215,1189,729,0,4
1215,1193,729,0,4
1215,1212,729,0,4
1215,1213,729,0,4
1215,1214,300,0,4
1215,1216,729,0,4
1215,1218,729,0,4
1215,1220,729,0,4
1215,1226,729,0,4
1215,1230,729,0,4
1215,1232,729,0,4
1215,1239,729,0,4
1215,1244,729,0,4
1215,1248,729,0,4
1215,1250,729,0,4
1215,1253,729,0,4
1216,1252,1022,0,4
1218,1161,1155,0,4
1218,1168,691,0,4
1218,1185,691,0,4
1218,1206,691,0,4
1221,1167,646,0,4
1221,1206,282,0,4
1221,1223,646,0,4
1221,1228,646,0,4
1221,1237,281,0,4
1221,1252,646,0,4
1222,1182,438,0,4
1223,1194,579,0,4
1223,1221,646,0,4
1228,1156,506,0,4
1228,1157,506,0,4
1228,1158,506,0,4
1228,1160,506,0,4
1228,1162,506,0,4
1228,1163,506,0,4
1228,1166,506,0,4
1228,1167,506,0,4
1228,1169,506,0,4
1228,1171,506,0,4
1228,1173,506,0,4
1228,1175,506,0,4
1228,1179,506,0,4
1228,1181,506,0,4
1228,1184,506,0,4
1228,1186,506,0,4
1228,1187,506,0,4
1228,1189,506,0,4
1228,1191,506,0,4
1228,1192,506,0,4
1228,1194,506,0,4
1228,1195,472,0,4
1228,1196,506,0,4
1228,1197,506,0,4
1228,1198,506,0,4
1228,1199,506,0,4
1228,1200,506,0,4
1228,1201,506,0,4
1228,1202,539,0,4
1228,1203,506,0,4
1228,1204,539,0,4
1228,1205,472,0,4
1228,1207,506,0,4
1228,1208,472,0,4
1228,1209,506,0,4
1228,1211,506,0,4
1228,1214,506,0,4
1228,1217,506,0,4
1228,1219,539,0,4
1228,1221,506,0,4
1228,1223,506,0,4
1228,1224,506,0,4
1228,1233,506,0,4
1228,1236,506,0,4
1228,1237,506,0,4
1228,1238,506,0,4
1228,1241,506,0,4
1228,1242,506,0,4
1228,1243,506,0,4
1228,1249,506,0,4
1228,1251,506,0,4
1228,1255,506,0,4
1231,1199,337,0,4
1231,1249,304,0,4
1232,1158,623,0,4
1232,1162,623,0,4
1232,1166,623,0,4
1232,1169,623,0,4
1232,1171,623,0,4
1232,1179,623,0,4
1232,1184,623,0,4
1232,1186,623,0,4
1232,1187,623,0,4
1232,1191,623,0,4
1232,1192,623,0,4
1232,1196,623,0,4
1232,1197,623,0,4
1232,1199,623,0,4
1232,1200,623,0,4
1232,1209,623,0,4
1232,1211,623,0,4
1232,1224,623,0,4
1232,1233,623,0,4
1232,1237,623,0,4
1232,1238,623,0,4
1232,1241,623,0,4
1232,1243,623,0,4
1232,1249,623,0,4
1232,1255,623,0,4
1235,1245,9,0,4
1235,1249,275,0,4
1237,1194,579,0,4
1237,1221,281,0,4
1238,1194,544,0,4
1241,1211,579,0,4
1243,1194,546,0,4
1245,1194,87,0,4
1247,1170,1099,0,4
1249,1159,280,0,4
1249,1168,280,0,4
1249,1170,280,0,4
1249,1174,280,0,4
1249,1177,280,0,4
1249,1180,280,0,4
1249,1183,280,0,4
1249,1210,280,0,4
1249,1215,280,0,4
1249,1225,280,0,4
1249,1231,280,0,4
1249,1235,280,0,4
1249,1246,280,0,4
1249,1254,280,0,4
1252,1216,1034,0,4
1255,1194,545,0,4
