9,1167,8,0,1
14,1167,48,2,0
15,1167,49,2,0
16,1167,50,2,0
17,1167,51,2,0
18,1167,52,2,0
19,1167,53,2,0
20,1226,21,1,0
20,1230,1142,3,3
21,1226,22,1,0
22,1226,23,1,0
23,1221,1145,3,3
23,1226,24,1,0
24,1221,1146,3,3
24,1226,25,1,0
24,1236,25,1,0
25,1167,26,1,0
31,1226,1226,4,0
36,1231,2,0,2
54,1180,88,3,0
58,1236,59,2,1
70,1236,104,3,0
71,1236,105,3,0
72,1236,106,3,0
73,1236,107,3,0
88,1180,122,3,0
89,1180,123,3,0
92,1236,93,2,1
101,1195,135,3,0
107,1236,1236,4,0
121,1180,155,3,0
122,1180,156,3,0
123,1180,157,3,0
125,1236,126,2,1
141,1236,107,0,3
154,1180,155,2,1
155,1180,189,3,0
156,1180,190,3,0
157,1180,191,3,0
158,1180,192,3,0
169,1180,203,3,0
169,1236,136,2,3
187,1180,188,2,1
203,1180,1180,4,0
205,1236,206,2,1
221,1180,222,2,1
225,1180,191,0,3
226,1180,192,0,3
235,1205,269,3,0
235,1226,201,0,3
237,1180,203,0,3
255,1180,256,2,1
260,1180,226,0,3
269,1226,235,0,3
271,1180,237,0,3
278,1189,279,2,1
279,1234,278,1,2
289,1180,290,2,1
294,1180,260,0,3
303,1226,269,0,3
305,1180,271,0,3
306,1237,307,1,1
313,1237,312,1,2
323,1180,324,2,1
325,1186,359,3,0
328,1180,294,0,3
335,1227,369,3,0
337,1226,303,0,3
339,1180,305,0,3
340,1237,341,1,1
344,1236,310,0,3
356,1179,322,0,3
357,1180,358,2,1
362,1180,328,0,3
366,1215,365,1,2
371,1226,337,0,3
372,1237,406,3,0
373,1180,339,0,3
373,1237,407,3,0
375,1237,376,2,1
391,1180,392,2,1
396,1180,362,0,3
405,1226,371,0,3
406,1237,440,3,0
407,1237,441,3,0
409,1237,410,2,1
425,1180,426,2,1
430,1180,396,0,3
439,1226,405,0,3
441,1237,475,3,0
445,1237,411,0,3
459,1180,460,2,1
464,1180,430,0,3
464,1226,430,0,3
473,1226,439,0,3
475,1237,509,3,0
479,1237,445,0,3
493,1180,494,2,1
498,1180,464,0,3
500,1226,466,0,3
509,1237,543,3,0
514,1237,480,0,3
527,1180,528,2,1
532,1180,498,0,3
543,1237,577,3,0
544,1237,578,2,0
545,1237,579,3,0
546,1237,580,3,0
548,1237,514,0,3
561,1180,562,2,1
566,1180,532,0,3
583,1183,582,1,2
600,1180,566,0,3
603,1233,637,3,0
635,1238,636,2,1
636,1238,637,2,1
637,1238,638,2,1
642,1238,1238,4,0
643,1238,642,1,2
644,1238,643,1,2
645,1238,644,1,2
666,1180,632,0,3
689,1167,688,1,2
693,1167,692,1,2
699,1221,700,2,1
700,1221,701,2,1
701,1221,702,2,1
702,1221,703,2,1
703,1221,704,2,1
704,1221,705,2,1
711,1221,1221,4,0
723,1167,722,1,2
727,1167,726,1,2
729,1167,730,2,1
730,1167,731,2,1
757,1167,756,1,2
761,1167,760,1,2
763,1167,764,2,1
764,1167,765,2,1
779,1221,745,0,3
791,1167,790,1,2
795,1167,794,1,2
800,1167,801,2,1
807,1188,841,3,0
813,1221,779,0,3
819,1236,853,3,0
825,1167,824,1,2
829,1167,828,1,2
834,1167,835,2,1
840,1221,806,0,3
847,1221,813,0,3
856,1171,855,1,2
859,1167,858,1,2
863,1167,862,1,2
865,1243,899,3,0
866,1211,900,3,0
870,1167,836,0,3
874,1221,840,0,3
876,1246,910,3,0
881,1221,847,0,3
889,1250,855,0,3
893,1167,892,1,2
897,1167,896,1,2
901,1250,867,0,3
902,1250,868,0,3
904,1167,870,0,3
908,1221,874,0,3
915,1221,881,0,3
927,1167,926,1,2
931,1167,930,1,2
939,1167,905,0,3
940,1167,906,0,3
942,1221,908,0,3
949,1221,915,0,3
957,1250,956,1,2
961,1167,960,1,2
965,1167,964,1,2
968,1221,969,2,1
974,1167,940,0,3
976,1221,942,0,3
983,1221,949,0,3
983,1226,1017,3,0
985,1236,952,2,3
991,1250,990,1,2
995,1167,994,1,2
999,1167,998,1,2
1010,1167,976,0,3
1010,1221,976,0,3
1010,1236,1011,2,1
1011,1167,977,0,3
1017,1221,983,0,3
1029,1167,1028,1,2
1033,1167,1032,1,2
1044,1221,1010,0,3
1044,1236,1045,2,1
1045,1167,1046,2,1
1051,1221,1017,0,3
1060,1226,1059,1,2
1063,1167,1062,1,2
1067,1167,1066,1,2
1078,1221,1044,0,3
1078,1236,1079,2,1
1079,1167,1080,2,1
1085,1221,1051,0,3
1097,1167,1096,1,2
1101,1167,1100,1,2
1108,1221,1074,0,3
1112,1221,1078,0,3
1112,1236,1113,2,1
1112,1240,1111,1,2
1113,1167,1114,2,1
1116,1172,1150,3,0
1131,1167,1130,1,2
1135,1167,1134,1,2
1146,1221,1112,0,3
1146,1236,1147,2,1
1147,1167,1148,2,1
1156,1187,678,0,4
1164,1237,405,0,4
1172,1180,335,0,4
1173,1221,710,0,4
1179,1236,610,0,4
1180,1159,203,0,4
1180,1168,203,0,4
1180,1172,203,0,4
1180,1174,203,0,4
1180,1185,203,0,4
1180,1206,203,0,4
1180,1215,203,0,4
1180,1234,1093,0,4
1180,1246,203,0,4
1180,1254,203,0,4
1185,1180,163,0,4
1185,1236,129,0,4
1187,1156,678,0,4
1188,1236,130,0,4
1189,1162,279,0,4
1189,1179,279,0,4
1189,1236,279,0,4
1189,1249,279,0,4
1195,1237,74,0,4
1195,1253,373,0,4
1198,1251,676,0,4
1206,1180,194,0,4
1210,1236,1093,0,4
1215,1172,297,0,4
1219,1221,708,0,4
1221,1173,711,0,4
1221,1182,711,0,4
1221,1219,711,0,4
1224,1237,278,0,4
1226,1227,1121,0,4
1227,1226,1096,0,4
1233,1159,641,0,4
1233,1174,641,0,4
1233,1215,641,0,4
1234,1180,1095,0,4
1236,1161,107,0,4
1236,1165,107,0,4
1236,1177,107,0,4
1236,1179,508,0,4
1236,1180,107,0,4
1236,1183,107,0,4
1236,1185,107,0,4
1236,1188,107,0,4
1236,1193,107,0,4
1236,1210,107,0,4
1236,1212,107,0,4
1236,1213,107,0,4
1236,1216,107,0,4
1236,1218,107,0,4
1236,1220,107,0,4
1236,1226,107,0,4
1236,1229,107,0,4
1236,1230,107,0,4
1236,1232,107,0,4
1236,1239,107,0,4
1236,1244,107,0,4
1236,1248,107,0,4
1236,1250,107,0,4
1236,1253,107,0,4
1237,1164,610,0,4
1237,1172,610,0,4
1237,1195,244,0,4
1237,1224,278,0,4
1237,1231,311,0,4
1237,1234,610,0,4
1238,1156,642,0,4
1238,1163,642,0,4
1238,1173,642,0,4
1238,1189,642,0,4
1238,1191,642,0,4
1238,1196,642,0,4
1238,1202,642,0,4
1238,1221,642,0,4
1238,1241,642,0,4
1240,1239,975,0,4
1248,1236,1053,0,4
1250,1172,855,0,4
1250,1178,955,0,4
1250,1190,855,0,4
1250,1222,955,0,4
1250,1231,855,0,4
1251,1198,676,0,4
