1,1224,35,2,0
12,1227,11,0,1
16,1180,15,0,1
35,1224,69,3,0
41,1221,40,1,2
46,1227,45,1,2
53,1180,54,2,1
69,1224,103,3,0
89,1227,123,3,0
133,1230,99,0,3
144,1166,143,1,2
174,1248,208,3,0
183,1185,184,2,1
188,1227,189,2,1
203,1194,170,2,3
222,1227,223,2,1
235,1236,269,3,0
254,1185,255,2,1
254,1227,255,2,1
274,1167,240,0,3
287,1206,321,3,0
288,1185,289,2,1
304,1211,338,3,0
323,1206,324,2,1
324,1185,325,2,1
326,1197,360,3,0
331,1159,330,1,2
357,1206,358,2,1
358,1185,359,2,1
372,1221,406,3,0
427,1196,461,3,0
437,1198,471,3,0
443,1224,1224,4,0
462,1206,428,0,3
463,1185,429,0,3
496,1206,462,0,3
511,1209,510,1,1
526,1243,527,2,1
532,1206,498,0,3
560,1206,559,1,2
566,1206,532,0,3
568,1185,534,0,3
576,1206,542,0,3
587,1227,586,1,2
590,1227,589,1,2
592,1227,593,2,1
604,1185,570,0,3
607,1185,573,0,3
621,1227,620,1,2
624,1227,623,1,2
625,1185,624,1,2
631,1197,632,2,1
632,1197,633,2,1
633,1197,634,2,1
634,1197,635,2,1
635,1197,636,2,1
636,1197,637,2,1
641,1185,642,2,1
642,1197,1197,4,0
648,1248,649,2,1
649,1248,650,2,1
650,1248,651,2,1
651,1248,1248,4,0
655,1227,654,1,2
658,1227,657,1,2
661,1209,662,2,1
665,1209,666,2,1
666,1209,667,2,1
667,1209,668,2,1
668,1209,669,2,1
677,1209,1209,4,0
689,1227,688,1,2
692,1227,691,1,2
695,1209,696,2,1
697,1227,698,2,1
700,1202,666,0,3
703,1209,669,0,3
711,1209,677,0,3
723,1227,722,1,2
726,1227,725,1,2
729,1209,730,2,1
737,1209,703,0,3
745,1209,711,0,3
757,1227,756,1,2
760,1227,759,1,2
763,1209,764,2,1
771,1209,737,0,3
778,1197,744,0,3
779,1209,745,0,3
789,1191,823,3,0
791,1227,790,1,2
794,1227,793,1,2
797,1209,798,2,1
802,1227,768,0,3
805,1209,771,0,3
812,1197,778,0,3
813,1176,847,3,0
813,1209,779,0,3
825,1227,824,1,2
828,1227,827,1,2
831,1209,832,2,1
839,1209,805,0,3
840,1197,806,0,3
846,1197,812,0,3
847,1209,813,0,3
859,1227,858,1,2
862,1227,861,1,2
865,1209,866,2,1
873,1209,839,0,3
873,1227,839,0,3
874,1197,840,0,3
879,1200,845,0,3
880,1197,846,0,3
881,1209,847,0,3
893,1227,892,1,2
896,1227,895,1,2
899,1209,900,2,1
907,1209,873,0,3
908,1197,874,0,3
914,1197,880,0,3
915,1209,881,0,3
927,1227,926,1,2
930,1227,929,1,2
933,1209,934,2,1
934,1209,935,2,1
941,1209,907,0,3
942,1197,908,0,3
943,1159,942,1,2
948,1197,914,0,3
949,1209,915,0,3
961,1227,960,1,2
964,1227,963,1,2
968,1209,969,2,1
969,1209,970,2,1
969,1251,970,2,1
975,1209,941,0,3
976,1197,942,0,3
982,1197,948,0,3
983,1209,949,0,3
995,1227,994,1,2
998,1227,997,1,2
1004,1209,1005,2,1
1009,1209,975,0,3
1010,1197,976,0,3
1011,1200,1012,2,1
1016,1197,982,0,3
1017,1209,983,0,3
1029,1227,1028,1,2
1032,1227,1031,1,2
1038,1209,1039,2,1
1043,1209,1009,0,3
1044,1197,1010,0,3
1050,1197,1016,0,3
1051,1209,1017,0,3
1060,1179,1059,1,2
1063,1227,1062,1,2
1074,1209,1040,0,3
1077,1209,1043,0,3
1078,1197,1044,0,3
1084,1197,1050,0,3
1085,1209,1051,0,3
1097,1227,1096,1,2
1100,1227,1099,1,2
1101,1227,1100,1,2
1102,1227,1101,1,2
1103,1227,1102,1,2
1104,1227,1103,1,2
1105,1227,1104,1,2
1108,1209,1074,0,3
1109,1209,1075,0,3
1111,1209,1077,0,3
1112,1197,1078,0,3
1119,1209,1085,0,3
1134,1227,1133,1,2
1144,1209,1110,0,3
1145,1209,1111,0,3
1146,1227,24,3,3
1159,1172,296,0,4
1159,1231,296,0,4
1160,1206,539,0,4
1167,1194,507,0,4
1168,1185,660,0,4
1170,1180,271,0,4
1170,1234,1127,0,4
1171,1201,177,0,4
1171,1203,177,0,4
1175,1203,177,0,4
1180,1170,237,0,4
1184,1206,606,0,4
1184,1214,573,0,4
1185,1168,658,0,4
1185,1186,162,0,4
1185,1206,624,0,4
1186,1185,573,0,4
1190,1206,500,0,4
1192,1206,606,0,4
1194,1167,507,0,4
1197,1168,642,0,4
1197,1191,642,0,4
1197,1202,642,0,4
1197,1204,642,0,4
1197,1205,176,0,4
1197,1219,642,0,4
1198,1178,675,0,4
1198,1200,177,0,4
1198,1222,675,0,4
1200,1198,75,0,4
1201,1171,177,0,4
1202,1197,675,0,4
1203,1171,177,0,4
1203,1175,177,0,4
1204,1197,674,0,4
1205,1197,39,0,4
1206,1157,260,0,4
1206,1160,260,0,4
1206,1184,593,0,4
1206,1190,260,0,4
1206,1192,593,0,4
1206,1200,260,0,4
1206,1214,260,0,4
1206,1217,260,0,4
1207,1234,644,0,4
1209,1173,677,0,4
1209,1182,677,0,4
1209,1202,677,0,4
1209,1204,677,0,4
1209,1219,677,0,4
1214,1184,573,0,4
1214,1206,539,0,4
1219,1197,674,0,4
1220,1239,1121,0,4
1221,1164,644,0,4
1221,1172,644,0,4
1224,1159,443,0,4
1224,1164,443,0,4
1224,1170,443,0,4
1224,1172,443,0,4
1224,1174,443,0,4
1224,1178,443,0,4
1224,1180,443,0,4
1224,1183,443,0,4
1224,1195,443,0,4
1224,1205,443,0,4
1224,1208,443,0,4
1224,1210,443,0,4
1224,1215,443,0,4
1224,1222,443,0,4
1224,1225,443,0,4
1224,1227,443,0,4
1224,1229,443,0,4
1224,1231,443,0,4
1224,1234,443,0,4
1224,1235,443,0,4
1224,1246,443,0,4
1224,1247,443,0,4
1224,1254,443,0,4
1227,1228,1062,0,4
1227,1240,1096,0,4
1227,1245,1096,0,4
1227,1252,1062,0,4
1234,1170,1127,0,4
1234,1207,372,0,4
1236,1206,473,0,4
1236,1254,473,0,4
1239,1220,1119,0,4
1248,1157,651,0,4
1248,1158,651,0,4
1248,1160,651,0,4
1248,1162,651,0,4
1248,1166,651,0,4
1248,1167,651,0,4
1248,1169,651,0,4
1248,1171,651,0,4
1248,1175,651,0,4
1248,1179,651,0,4
1248,1181,651,0,4
1248,1184,651,0,4
1248,1186,651,0,4
1248,1187,651,0,4
1248,1191,651,0,4
1248,1192,651,0,4
1248,1194,651,0,4
1248,1196,651,0,4
1248,1197,651,0,4
1248,1198,651,0,4
1248,1199,651,0,4
1248,1200,651,0,4
1248,1201,651,0,4
1248,1202,651,0,4
1248,1203,651,0,4
1248,1204,651,0,4
1248,1207,651,0,4
1248,1209,651,0,4
1248,1211,651,0,4
1248,1214,651,0,4
1248,1217,651,0,4
1248,1221,651,0,4
1248,1223,651,0,4
1248,1224,651,0,4
1248,1233,651,0,4
1248,1236,651,0,4
1248,1237,651,0,4
1248,1238,651,0,4
1248,1241,651,0,4
1248,1242,651,0,4
1248,1243,651,0,4
1248,1249,651,0,4
1248,1251,651,0,4
1248,1255,651,0,4
