2,1173,3,1,0
27,1173,26,0,1
28,1173,27,0,1
29,1158,30,1,0
50,1188,51,2,1
63,1158,64,2,1
64,1173,63,1,2
68,1188,101,3,2
84,1188,85,2,1
92,1180,93,2,1
97,1158,98,2,1
98,1173,97,1,2
102,1188,135,3,2
103,1188,102,1,1
104,1188,103,1,2
123,1235,89,0,3
131,1158,132,2,1
138,1220,104,0,3
146,1169,112,0,3
147,1169,113,0,3
148,1169,114,0,3
150,1173,1173,4,0
151,1188,185,3,0
153,1173,152,1,2
154,1173,153,1,2
155,1169,121,0,3
155,1173,154,1,2
156,1169,122,0,3
156,1173,155,1,2
157,1173,156,1,2
158,1173,157,1,2
159,1173,158,1,2
160,1173,159,1,2
165,1158,166,2,1
199,1158,200,2,1
211,1158,245,3,0
212,1158,246,3,0
213,1158,247,3,0
214,1158,248,3,0
233,1158,234,2,1
239,1173,240,2,1
248,1158,1158,4,0
249,1179,248,1,2
249,1243,248,1,2
250,1243,216,0,3
257,1243,223,0,3
258,1243,224,0,3
259,1243,225,0,3
260,1243,226,0,3
266,1158,267,2,1
282,1158,248,0,3
282,1188,316,3,0
283,1179,282,1,2
283,1243,282,1,2
284,1243,250,0,3
285,1203,284,1,2
291,1243,257,0,3
292,1179,291,1,2
293,1179,292,1,2
293,1212,327,3,0
294,1179,293,1,2
295,1179,294,1,2
296,1179,295,1,2
297,1215,263,0,3
300,1158,301,2,1
314,1188,348,3,0
317,1243,316,1,2
325,1243,291,0,3
326,1179,325,1,2
332,1179,366,3,0
344,1173,345,2,1
344,1209,378,3,0
351,1243,350,1,2
367,1237,368,2,1
380,1158,381,2,1
380,1173,381,2,1
385,1243,384,1,2
410,1249,444,3,0
414,1173,415,2,1
414,1188,415,2,1
419,1243,418,1,2
429,1179,428,1,2
432,1249,466,3,0
445,1226,411,0,3
463,1179,462,1,2
465,1179,466,2,1
480,1188,481,2,1
487,1169,486,1,2
497,1179,496,1,2
512,1188,513,2,1
519,1158,485,0,3
519,1173,485,0,3
530,1243,529,1,2
531,1179,530,1,2
532,1224,533,2,1
545,1188,546,2,1
565,1237,566,2,1
581,1211,580,1,2
582,1211,548,0,3
583,1211,549,0,3
584,1211,550,0,3
585,1211,551,0,3
615,1211,614,1,2
624,1173,590,0,3
646,1202,679,3,2
647,1173,646,1,1
648,1173,647,1,2
649,1173,648,1,2
650,1173,649,1,2
662,1202,663,2,1
663,1173,664,2,1
681,1173,680,1,1
696,1202,697,2,1
697,1173,698,2,1
730,1202,731,2,1
748,1188,749,1,1
762,1202,796,3,0
784,1188,785,2,1
785,1224,751,0,3
790,1160,824,3,0
792,1193,791,1,2
793,1193,759,0,3
796,1173,830,3,0
801,1236,835,3,0
802,1193,768,0,3
803,1193,769,0,3
804,1193,770,0,3
805,1193,771,0,3
806,1193,772,0,3
810,1170,811,2,1
818,1248,852,3,0
819,1188,820,2,1
824,1184,858,3,0
826,1193,825,1,2
827,1193,793,0,3
828,1202,862,3,0
830,1173,864,3,0
831,1178,865,3,0
836,1193,802,0,3
855,1188,856,2,1
860,1193,859,1,2
868,1173,902,3,0
870,1193,836,0,3
873,1248,874,2,1
893,1202,927,3,0
894,1193,893,1,2
895,1173,929,3,0
895,1199,929,3,0
903,1173,937,3,0
927,1158,961,3,0
939,1165,905,0,3
939,1173,973,3,0
959,1171,993,3,0
960,1173,994,3,0
973,1173,1007,3,0
992,1202,993,2,1
1009,1173,1043,3,0
1043,1173,1077,3,0
1059,1158,1060,2,1
1059,1173,1060,2,1
1066,1236,1065,1,2
1091,1202,1092,2,1
1093,1158,1094,2,1
1098,1227,1064,0,3
1099,1188,1065,0,3
1099,1227,1065,0,3
1100,1227,1066,0,3
1101,1227,1067,0,3
1106,1227,1072,0,3
1107,1227,1073,0,3
1108,1227,1074,0,3
1113,1173,1112,1,2
1123,1202,1124,2,1
1124,1158,1125,2,1
1135,1188,1101,0,3
1149,1173,1148,1,2
1156,1243,316,0,4
1158,1159,248,0,4
1158,1170,248,0,4
1158,1173,216,0,4
1158,1174,248,0,4
1158,1177,248,0,4
1158,1180,248,0,4
1158,1183,248,0,4
1158,1195,248,0,4
1158,1205,248,0,4
1158,1210,248,0,4
1158,1215,248,0,4
1158,1225,248,0,4
1158,1229,248,0,4
1158,1231,248,0,4
1158,1235,248,0,4
1158,1236,248,0,4
1158,1246,248,0,4
1158,1254,248,0,4
1165,1188,759,0,4
1167,1227,443,0,4
1169,1171,114,0,4
1169,1175,114,0,4
1169,1181,114,0,4
1169,1197,546,0,4
1169,1198,114,0,4
1169,1201,114,0,4
1169,1203,114,0,4
1169,1227,511,0,4
1169,1242,114,0,4
1169,1251,114,0,4
1169,1255,546,0,4
1173,1156,680,0,4
1173,1158,217,0,4
1173,1161,680,0,4
1173,1163,680,0,4
1173,1165,680,0,4
1173,1176,680,0,4
1173,1184,150,0,4
1173,1185,680,0,4
1173,1186,150,0,4
1173,1187,646,0,4
1173,1188,680,0,4
1173,1189,680,0,4
1173,1191,150,0,4
1173,1193,680,0,4
1173,1202,150,0,4
1173,1204,150,0,4
1173,1207,217,0,4
1173,1209,217,0,4
1173,1212,680,0,4
1173,1213,680,0,4
1173,1216,680,0,4
1173,1218,680,0,4
1173,1219,150,0,4
1173,1220,680,0,4
1173,1221,680,0,4
1173,1223,217,0,4
1173,1224,217,0,4
1173,1226,680,0,4
1173,1227,646,0,4
1173,1230,680,0,4
1173,1231,150,0,4
1173,1232,680,0,4
1173,1239,680,0,4
1173,1241,646,0,4
1173,1244,680,0,4
1173,1245,150,0,4
1173,1246,680,0,4
1173,1248,680,0,4
1173,1250,680,0,4
1173,1253,680,0,4
1176,1248,1022,0,4
1179,1163,282,0,4
1179,1189,282,0,4
1179,1242,215,0,4
1184,1173,48,0,4
1186,1173,48,0,4
1186,1227,510,0,4
1187,1211,282,0,4
1188,1157,101,0,4
1188,1160,101,0,4
1188,1164,134,0,4
1188,1165,694,0,4
1188,1166,101,0,4
1188,1167,101,0,4
1188,1169,101,0,4
1188,1170,101,0,4
1188,1177,101,0,4
1188,1180,101,0,4
1188,1183,101,0,4
1188,1184,101,0,4
1188,1186,101,0,4
1188,1191,101,0,4
1188,1192,101,0,4
1188,1194,101,0,4
1188,1195,101,0,4
1188,1197,694,0,4
1188,1200,101,0,4
1188,1204,694,0,4
1188,1205,101,0,4
1188,1208,134,0,4
1188,1210,101,0,4
1188,1213,694,0,4
1188,1214,101,0,4
1188,1217,101,0,4
1188,1219,694,0,4
1188,1220,694,0,4
1188,1225,101,0,4
1188,1227,134,0,4
1188,1229,101,0,4
1188,1230,694,0,4
1188,1233,101,0,4
1188,1234,134,0,4
1188,1235,101,0,4
1188,1236,101,0,4
1188,1238,101,0,4
1188,1244,101,0,4
1188,1247,134,0,4
1188,1250,101,0,4
1188,1255,694,0,4
1191,1173,116,0,4
1191,1227,578,0,4
1193,1230,1092,0,4
1193,1231,858,0,4
1193,1254,759,0,4
1195,1158,78,0,4
1196,1202,614,0,4
1197,1169,546,0,4
1197,1188,580,0,4
1199,1249,248,0,4
1202,1156,679,0,4
1202,1158,679,0,4
1202,1161,679,0,4
1202,1163,679,0,4
1202,1165,679,0,4
1202,1173,150,0,4
1202,1175,679,0,4
1202,1176,679,0,4
1202,1181,679,0,4
1202,1187,679,0,4
1202,1188,679,0,4
1202,1189,679,0,4
1202,1193,679,0,4
1202,1196,612,0,4
1202,1198,679,0,4
1202,1199,679,0,4
1202,1201,679,0,4
1202,1203,679,0,4
1202,1207,679,0,4
1202,1212,679,0,4
1202,1213,679,0,4
1202,1216,679,0,4
1202,1218,679,0,4
1202,1220,679,0,4
1202,1221,679,0,4
1202,1223,679,0,4
1202,1226,679,0,4
1202,1230,679,0,4
1202,1232,679,0,4
1202,1239,679,0,4
1202,1241,612,0,4
1202,1242,679,0,4
1202,1248,679,0,4
1202,1250,679,0,4
1202,1251,679,0,4
1202,1253,679,0,4
1204,1173,116,0,4
1204,1188,679,0,4
1205,1158,44,0,4
1207,1173,216,0,4
1209,1164,548,0,4
1209,1173,283,0,4
1209,1234,548,0,4
1210,1216,140,0,4
1211,1161,548,0,4
1211,1165,548,0,4
1211,1176,548,0,4
1211,1185,548,0,4
1211,1187,248,0,4
1211,1188,548,0,4
1211,1193,548,0,4
1211,1212,548,0,4
1211,1213,548,0,4
1211,1216,548,0,4
1211,1218,548,0,4
1211,1220,548,0,4
1211,1221,248,0,4
1211,1224,248,0,4
1211,1226,548,0,4
1211,1230,548,0,4
1211,1232,548,0,4
1211,1239,548,0,4
1211,1248,548,0,4
1211,1250,548,0,4
1211,1253,548,0,4
1211,1255,181,0,4
1213,1188,693,0,4
1216,1210,1091,0,4
1216,1250,1057,0,4
1219,1173,116,0,4
1219,1188,679,0,4
1220,1188,759,0,4
1220,1253,759,0,4
1221,1211,249,0,4
1222,1228,439,0,4
1223,1173,216,0,4
1224,1173,282,0,4
1224,1211,282,0,4
1227,1166,1067,0,4
1227,1167,408,0,4
1227,1169,408,0,4
1227,1170,1067,0,4
1227,1173,408,0,4
1227,1175,1067,0,4
1227,1181,1067,0,4
1227,1182,1067,0,4
1227,1186,408,0,4
1227,1191,408,0,4
1227,1198,1067,0,4
1227,1201,1067,0,4
1227,1203,1067,0,4
1227,1204,1067,0,4
1227,1208,1067,0,4
1227,1219,1067,0,4
1227,1235,1067,0,4
1227,1238,1067,0,4
1227,1240,1067,0,4
1227,1245,1067,0,4
1228,1222,473,0,4
1230,1188,759,0,4
1230,1193,1092,0,4
1231,1173,932,0,4
1236,1158,112,0,4
1241,1202,615,0,4
1242,1179,216,0,4
1243,1156,282,0,4
1243,1163,282,0,4
1243,1189,282,0,4
1246,1173,698,0,4
1248,1176,1022,0,4
1249,1178,580,0,4
1249,1199,248,0,4
1249,1208,580,0,4
1249,1222,580,0,4
1249,1227,580,0,4
1249,1247,580,0,4
1250,1216,1058,0,4
1253,1220,694,0,4
1254,1193,764,0,4
1255,1169,546,0,4
1255,1188,580,0,4
1255,1211,181,0,4
