5,1162,4,0,1
7,1157,6,0,1
12,1157,11,0,1
14,1162,13,0,1
23,1190,57,2,0
30,1223,1152,3,3
39,1162,38,1,2
41,1157,40,1,2
46,1157,45,1,2
48,1162,47,1,2
73,1162,72,1,2
75,1157,74,1,2
82,1162,81,1,2
107,1162,106,1,2
109,1157,108,1,2
114,1157,113,1,2
115,1157,114,1,2
116,1157,115,1,2
116,1162,115,1,2
117,1157,116,1,2
117,1170,83,0,3
118,1157,117,1,2
119,1157,118,1,2
120,1157,119,1,2
141,1162,140,1,2
149,1157,148,1,2
150,1157,149,1,2
150,1162,149,1,2
151,1157,150,1,2
175,1162,174,1,2
182,1166,181,1,2
183,1157,182,1,2
184,1162,183,1,2
202,1194,203,2,1
209,1162,208,1,2
217,1157,216,1,2
218,1162,217,1,2
224,1157,258,3,0
240,1247,239,1,2
242,1187,276,3,0
243,1162,242,1,2
251,1157,250,1,2
256,1162,290,3,0
258,1238,292,3,0
267,1203,301,3,0
273,1187,274,2,1
274,1187,275,2,1
275,1187,276,2,1
276,1187,1187,4,0
286,1162,285,1,2
287,1162,286,1,2
288,1162,287,1,2
289,1162,288,1,2
290,1162,289,1,2
301,1203,335,3,0
312,1211,311,1,2
323,1157,324,2,1
323,1226,324,2,1
323,1229,322,1,2
326,1162,360,3,0
335,1203,369,3,0
341,1193,375,3,0
355,1162,354,1,2
357,1157,358,2,1
357,1226,358,2,1
369,1203,403,3,0
373,1204,340,2,3
387,1226,386,1,2
389,1162,388,1,2
403,1203,437,3,0
421,1226,420,1,2
423,1157,424,2,1
426,1201,460,3,0
432,1203,433,2,1
436,1203,437,2,1
437,1203,471,3,0
455,1226,454,1,2
459,1162,460,2,1
466,1203,467,2,1
470,1203,471,2,1
471,1203,505,3,0
489,1226,488,1,2
492,1171,493,2,1
500,1203,501,2,1
504,1203,505,2,1
505,1203,539,3,0
508,1230,474,0,3
523,1226,522,1,2
534,1203,535,2,1
538,1203,539,2,1
539,1203,573,3,0
549,1163,548,1,2
557,1226,556,1,2
568,1203,569,2,1
572,1203,573,2,1
573,1203,607,3,0
591,1226,590,1,2
602,1203,603,2,1
606,1203,607,2,1
607,1171,641,3,0
607,1203,641,3,0
619,1161,620,2,1
625,1226,624,1,2
634,1203,635,2,1
635,1203,636,2,1
636,1203,637,2,1
640,1203,641,2,1
641,1203,1203,4,0
646,1156,679,3,2
659,1226,658,1,2
686,1226,685,1,2
693,1226,692,1,2
709,1201,675,0,3
710,1201,676,0,3
711,1201,677,0,3
712,1201,678,0,3
720,1226,719,1,2
727,1226,726,1,2
728,1226,727,1,2
729,1226,728,1,2
730,1226,729,1,2
754,1226,753,1,2
760,1157,759,1,2
761,1157,762,2,1
788,1226,787,1,2
789,1157,788,1,2
794,1157,793,1,2
795,1226,794,1,2
796,1226,795,1,2
818,1217,852,3,0
822,1226,821,1,2
823,1157,822,1,2
828,1157,827,1,2
829,1226,828,1,2
830,1226,829,1,2
832,1157,833,2,1
837,1226,871,3,0
856,1226,855,1,2
857,1157,856,1,2
862,1157,861,1,2
863,1226,862,1,2
864,1226,863,1,2
891,1157,890,1,2
896,1157,895,1,2
897,1226,896,1,2
898,1226,897,1,2
903,1226,937,3,0
925,1157,924,1,2
930,1157,929,1,2
931,1226,930,1,2
932,1162,931,1,2
932,1226,931,1,2
932,1237,966,3,0
937,1157,903,0,3
956,1187,990,3,0
959,1157,958,1,2
964,1157,963,1,2
966,1162,965,1,2
966,1226,965,1,2
968,1162,969,2,1
972,1157,938,0,3
993,1157,992,1,2
998,1157,997,1,2
1000,1162,999,1,2
1000,1226,999,1,2
1003,1250,1004,2,1
1008,1157,974,0,3
1027,1157,1026,1,2
1032,1157,1031,1,2
1034,1162,1033,1,2
1034,1226,1033,1,2
1036,1226,1037,2,1
1052,1166,1018,0,3
1053,1215,1087,3,0
1061,1157,1060,1,2
1066,1157,1065,1,2
1068,1162,1067,1,2
1068,1226,1067,1,2
1083,1197,1049,0,3
1088,1224,1122,2,0
1093,1162,1092,1,2
1095,1157,1094,1,2
1100,1157,1099,1,2
1102,1162,1101,1,2
1102,1226,1103,2,1
1108,1162,1074,0,3
1127,1162,1126,1,2
1129,1157,1128,1,2
1134,1157,1133,1,2
1136,1162,1135,1,2
1152,1201,1153,2,1
1157,1182,107,0,4
1157,1184,573,0,4
1157,1186,573,0,4
1157,1191,107,0,4
1157,1192,539,0,4
1157,1202,107,0,4
1157,1204,107,0,4
1157,1219,107,0,4
1157,1233,107,0,4
1157,1240,141,0,4
1157,1245,107,0,4
1162,1173,643,0,4
1162,1240,242,0,4
1162,1242,242,0,4
1162,1245,242,0,4
1162,1251,643,0,4
1163,1189,310,0,4
1166,1203,607,0,4
1167,1203,539,0,4
1169,1203,607,0,4
1170,1225,270,0,4
1170,1234,1126,0,4
1171,1166,641,0,4
1171,1169,641,0,4
1171,1184,641,0,4
1171,1238,641,0,4
1173,1162,709,0,4
1177,1245,104,0,4
1180,1191,102,0,4
1182,1157,111,0,4
1184,1157,572,0,4
1186,1157,573,0,4
1186,1203,573,0,4
1187,1159,276,0,4
1187,1174,276,0,4
1187,1177,276,0,4
1187,1180,276,0,4
1187,1183,276,0,4
1187,1197,276,0,4
1187,1205,276,0,4
1187,1210,276,0,4
1187,1211,276,0,4
1187,1215,276,0,4
1187,1225,276,0,4
1187,1229,276,0,4
1187,1246,276,0,4
1187,1254,276,0,4
1189,1163,310,0,4
1191,1180,109,0,4
1191,1203,641,0,4
1192,1157,539,0,4
1197,1187,242,0,4
1198,1233,674,0,4
1199,1236,242,0,4
1200,1201,74,0,4
1201,1156,675,0,4
1201,1200,176,0,4
1202,1227,673,0,4
1203,1160,641,0,4
1203,1166,641,0,4
1203,1167,641,0,4
1203,1169,641,0,4
1203,1172,641,0,4
1203,1178,641,0,4
1203,1184,641,0,4
1203,1186,641,0,4
1203,1190,641,0,4
1203,1191,641,0,4
1203,1192,641,0,4
1203,1200,641,0,4
1203,1208,641,0,4
1203,1214,641,0,4
1203,1215,641,0,4
1203,1217,641,0,4
1203,1222,641,0,4
1203,1227,641,0,4
1203,1228,641,0,4
1203,1231,641,0,4
1203,1233,641,0,4
1203,1238,641,0,4
1203,1252,641,0,4
1204,1157,110,0,4
1205,1187,38,0,4
1207,1247,642,0,4
1208,1203,471,0,4
1211,1187,276,0,4
1225,1170,269,0,4
1226,1159,719,0,4
1226,1168,719,0,4
1226,1174,753,0,4
1226,1188,719,0,4
1226,1206,719,0,4
1226,1215,753,0,4
1226,1246,753,0,4
1226,1253,719,0,4
1226,1254,786,0,4
1227,1202,469,0,4
1229,1234,103,0,4
1233,1198,640,0,4
1234,1170,1126,0,4
1234,1229,1126,0,4
1236,1199,140,0,4
1238,1203,607,0,4
1245,1177,115,0,4
1247,1207,437,0,4
1251,1162,642,0,4
