5,1197,4,0,1
6,1175,5,0,1
10,1175,9,0,1
11,1197,10,0,1
18,1220,1140,3,3
19,1220,1141,3,3
20,1220,1142,3,3
21,1175,1143,3,3
26,1233,27,1,0
27,1242,1149,3,3
29,1220,1151,3,3
39,1197,38,1,2
40,1175,39,1,2
44,1175,43,1,2
45,1197,44,1,2
51,1172,50,1,2
54,1220,20,0,2
57,1233,58,2,1
63,1156,64,2,1
63,1220,29,0,2
73,1197,72,1,2
74,1175,73,1,2
78,1175,77,1,2
79,1197,78,1,2
88,1220,54,0,3
88,1228,122,3,0
91,1233,92,2,1
102,1233,136,2,0
103,1233,137,3,0
104,1233,138,3,0
105,1233,139,3,0
106,1233,140,3,0
107,1197,106,1,2
108,1175,107,1,2
112,1175,111,1,2
113,1197,112,1,2
120,1228,154,3,0
122,1220,88,0,3
125,1233,126,2,1
135,1233,169,3,0
136,1194,102,0,2
141,1197,140,1,2
141,1233,1233,4,0
142,1175,141,1,2
146,1175,145,1,2
147,1197,146,1,2
155,1235,156,2,1
156,1220,122,0,3
159,1233,160,2,1
175,1197,174,1,2
176,1175,175,1,2
190,1220,156,0,3
198,1233,199,2,1
216,1175,215,1,2
216,1197,215,1,2
217,1175,216,1,2
217,1197,216,1,2
218,1175,217,1,2
218,1197,217,1,2
219,1175,218,1,2
219,1197,218,1,2
220,1175,219,1,2
220,1197,219,1,2
220,1228,254,3,0
224,1220,190,0,3
235,1184,269,3,0
258,1197,292,3,0
258,1220,224,0,3
265,1200,299,3,0
281,1202,247,0,3
286,1228,287,2,1
292,1220,258,0,3
303,1233,304,2,1
318,1197,317,1,2
318,1228,319,2,1
320,1220,321,2,1
325,1179,359,3,0
326,1220,292,0,3
337,1179,371,3,0
351,1228,352,2,1
359,1179,393,3,0
360,1220,326,0,3
367,1181,401,3,0
372,1211,406,3,0
374,1233,340,0,2
393,1179,427,3,0
394,1220,360,0,3
408,1233,374,0,2
425,1179,459,3,0
428,1220,394,0,3
446,1249,445,1,2
460,1220,426,0,3
462,1220,428,0,3
478,1233,444,0,3
496,1220,462,0,3
505,1237,539,3,0
514,1233,480,0,3
526,1156,560,3,0
557,1175,558,2,1
558,1179,559,2,1
564,1179,598,3,0
591,1241,592,2,1
594,1179,628,3,0
595,1179,629,3,0
596,1179,630,3,0
597,1179,631,3,0
598,1179,632,3,0
609,1241,608,1,2
611,1241,645,3,0
623,1228,624,2,1
625,1241,626,2,1
641,1179,1179,4,0
643,1241,642,1,2
644,1241,643,1,2
645,1241,644,1,2
658,1221,659,2,1
659,1228,660,2,1
676,1221,675,1,2
679,1225,713,3,0
692,1221,693,2,1
694,1232,660,0,3
696,1242,697,2,1
697,1242,698,2,1
698,1242,699,2,1
699,1242,700,2,1
700,1242,701,2,1
701,1242,702,2,1
702,1242,703,2,1
707,1242,1242,4,0
710,1221,709,1,2
711,1221,710,1,2
712,1221,711,1,2
713,1221,712,1,2
726,1221,727,2,1
760,1221,761,2,1
775,1242,741,0,3
794,1221,795,2,1
799,1228,765,0,3
809,1242,775,0,3
828,1221,829,2,1
833,1228,799,0,3
843,1242,809,0,3
856,1175,855,1,2
860,1175,859,1,2
861,1175,862,2,1
862,1221,863,2,1
863,1233,897,3,0
869,1220,903,3,0
877,1242,843,0,3
885,1233,919,3,0
889,1199,888,1,2
890,1175,889,1,2
894,1175,893,1,2
896,1175,897,2,1
896,1221,897,2,1
896,1242,897,2,1
897,1197,898,2,1
903,1220,937,3,0
903,1228,869,0,3
911,1178,912,2,1
911,1242,877,0,3
924,1175,923,1,2
928,1175,927,1,2
932,1175,933,2,1
935,1220,969,3,0
937,1220,971,3,0
945,1242,911,0,3
955,1221,989,3,0
958,1175,957,1,2
962,1175,961,1,2
963,1197,962,1,2
965,1237,966,2,1
967,1242,968,2,1
969,1220,1003,3,0
971,1220,1005,3,0
974,1228,940,0,3
979,1242,945,0,3
992,1175,991,1,2
996,1175,995,1,2
997,1197,996,1,2
1002,1175,968,0,3
1003,1197,969,0,3
1005,1220,1039,3,0
1006,1220,1040,3,0
1013,1242,979,0,3
1018,1233,1019,2,1
1024,1156,1023,1,2
1025,1197,1024,1,2
1026,1175,1025,1,2
1030,1175,1029,1,2
1030,1228,1029,1,2
1031,1197,1030,1,2
1037,1197,1003,0,3
1039,1220,1073,3,0
1040,1220,1074,3,0
1047,1242,1013,0,3
1049,1220,1083,3,0
1055,1180,1056,2,1
1059,1197,1058,1,2
1060,1175,1059,1,2
1064,1175,1063,1,2
1064,1228,1063,1,2
1065,1197,1064,1,2
1065,1228,1064,1,2
1066,1228,1065,1,2
1067,1228,1066,1,2
1068,1220,1069,2,1
1072,1175,1038,0,3
1073,1197,1039,0,3
1073,1220,1107,3,0
1074,1220,1108,3,0
1081,1242,1047,0,3
1083,1220,1117,3,0
1087,1221,1121,3,0
1093,1197,1092,1,2
1094,1175,1093,1,2
1098,1175,1097,1,2
1099,1197,1098,1,2
1106,1175,1072,0,3
1107,1220,1141,3,0
1108,1220,1142,3,0
1115,1242,1081,0,3
1117,1220,1151,3,0
1117,1226,1118,2,1
1120,1241,1121,2,1
1121,1221,1155,3,0
1127,1197,1126,1,2
1128,1175,1127,1,2
1132,1175,1131,1,2
1133,1197,1132,1,2
1143,1242,1109,0,3
1149,1242,1115,0,3
1151,1220,1220,4,0
1153,1221,1154,2,1
1157,1233,140,0,4
1159,1221,294,0,4
1160,1200,537,0,4
1162,1199,275,0,4
1167,1242,73,0,4
1168,1241,293,0,4
1169,1247,572,0,4
1173,1197,210,0,4
1175,1197,641,0,4
1175,1206,209,0,4
1175,1240,175,0,4
1175,1245,175,0,4
1177,1233,137,0,4
1179,1175,641,0,4
1179,1181,641,0,4
1179,1191,641,0,4
1179,1198,641,0,4
1179,1201,641,0,4
1179,1203,641,0,4
1179,1233,641,0,4
1179,1242,641,0,4
1179,1251,641,0,4
1179,1255,641,0,4
1180,1233,169,0,4
1181,1172,673,0,4
1181,1197,641,0,4
1181,1231,673,0,4
1183,1233,169,0,4
1185,1233,160,0,4
1186,1200,571,0,4
1193,1233,1119,0,4
1194,1233,140,0,4
1197,1173,208,0,4
1197,1175,641,0,4
1197,1181,641,0,4
1197,1201,641,0,4
1197,1202,174,0,4
1197,1203,641,0,4
1197,1219,640,0,4
1197,1240,174,0,4
1197,1245,174,0,4
1199,1162,275,0,4
1200,1160,537,0,4
1200,1186,571,0,4
1200,1246,537,0,4
1200,1254,537,0,4
1201,1197,641,0,4
1203,1197,641,0,4
1203,1207,209,0,4
1206,1241,624,0,4
1207,1203,209,0,4
1210,1233,168,0,4
1212,1233,1119,0,4
1213,1253,719,0,4
1218,1220,1150,0,4
1219,1197,706,0,4
1220,1161,1151,0,4
1220,1213,1151,0,4
1220,1218,1151,0,4
1220,1230,819,0,4
1220,1232,1151,0,4
1220,1239,1151,0,4
1220,1245,1151,0,4
1220,1248,1151,0,4
1221,1159,276,0,4
1221,1161,675,0,4
1221,1165,709,0,4
1221,1176,675,0,4
1221,1185,675,0,4
1221,1188,709,0,4
1221,1193,709,0,4
1221,1212,709,0,4
1221,1213,709,0,4
1221,1216,709,0,4
1221,1218,709,0,4
1221,1220,709,0,4
1221,1226,709,0,4
1221,1230,709,0,4
1221,1232,675,0,4
1221,1239,709,0,4
1221,1244,709,0,4
1221,1246,276,0,4
1221,1248,709,0,4
1221,1250,709,0,4
1221,1253,709,0,4
1225,1233,1,0,4
1226,1233,1151,0,4
1228,1240,1062,0,4
1228,1245,1029,0,4
1229,1233,136,0,4
1230,1220,819,0,4
1233,1157,141,0,4
1233,1164,141,0,4
1233,1165,141,0,4
1233,1170,141,0,4
1233,1177,141,0,4
1233,1180,141,0,4
1233,1183,141,0,4
1233,1185,141,0,4
1233,1188,141,0,4
1233,1193,141,0,4
1233,1194,141,0,4
1233,1195,141,0,4
1233,1205,141,0,4
1233,1210,141,0,4
1233,1212,141,0,4
1233,1213,141,0,4
1233,1220,141,0,4
1233,1225,141,0,4
1233,1226,141,0,4
1233,1229,141,0,4
1233,1230,141,0,4
1233,1234,141,0,4
1233,1235,141,0,4
1233,1236,141,0,4
1233,1244,141,0,4
1233,1250,141,0,4
1233,1253,141,0,4
1236,1233,139,0,4
1237,1252,641,0,4
1240,1228,148,0,4
1241,1161,642,0,4
1241,1165,642,0,4
1241,1168,275,0,4
1241,1176,642,0,4
1241,1185,642,0,4
1241,1188,642,0,4
1241,1193,642,0,4
1241,1206,642,0,4
1241,1212,642,0,4
1241,1213,642,0,4
1241,1216,642,0,4
1241,1218,642,0,4
1241,1220,642,0,4
1241,1226,642,0,4
1241,1230,642,0,4
1241,1232,642,0,4
1241,1239,642,0,4
1241,1244,642,0,4
1241,1248,642,0,4
1241,1250,642,0,4
1241,1253,642,0,4
1242,1159,707,0,4
1242,1167,209,0,4
1242,1179,641,0,4
1242,1182,707,0,4
1242,1219,707,0,4
1245,1220,1005,0,4
1246,1221,261,0,4
1247,1169,436,0,4
1248,1221,683,0,4
1251,1179,641,0,4
1253,1213,720,0,4
