6,1168,7,1,0
47,1159,48,2,1
171,1197,205,3,0
172,1197,206,3,0
173,1197,207,3,0
174,1197,208,3,0
175,1197,209,3,0
175,1231,141,0,3
193,1197,194,2,1
209,1197,1197,4,0
227,1197,228,2,1
239,1171,205,0,3
240,1171,206,0,3
241,1171,207,0,3
242,1171,208,0,3
243,1171,209,0,3
244,1187,278,3,0
252,1187,286,3,0
253,1187,287,3,0
254,1187,288,3,0
261,1171,295,3,0
268,1171,302,3,0
269,1171,303,3,0
271,1197,238,2,3
279,1216,278,1,2
279,1251,245,0,3
286,1220,320,3,0
303,1171,337,3,0
304,1171,338,3,0
307,1197,273,0,3
308,1192,274,0,3
312,1171,278,0,3
339,1171,373,3,0
340,1171,374,2,0
341,1197,307,0,3
342,1192,308,0,3
346,1171,312,0,3
371,1237,405,3,0
373,1171,407,3,0
373,1176,340,2,3
373,1207,340,2,3
375,1171,409,3,0
380,1171,346,0,3
388,1171,354,0,3
393,1196,427,3,0
405,1237,439,3,0
409,1171,443,3,0
412,1192,378,0,3
414,1171,380,0,3
422,1156,421,1,2
422,1171,388,0,3
431,1196,465,3,0
443,1187,409,0,3
444,1171,443,1,2
444,1207,410,0,3
446,1197,412,0,3
448,1171,414,0,3
448,1192,414,0,3
456,1171,422,0,3
465,1196,499,3,0
478,1171,477,1,2
478,1207,444,0,3
479,1171,478,1,2
482,1171,448,0,3
489,1186,490,2,1
490,1171,456,0,3
499,1196,533,3,0
514,1171,513,1,2
516,1171,482,0,3
516,1199,515,1,2
522,1192,523,2,1
524,1171,490,0,3
533,1196,567,3,0
540,1192,539,1,2
540,1196,574,3,0
541,1192,540,1,2
542,1192,541,1,2
548,1171,547,1,2
548,1207,514,0,3
549,1171,548,1,2
550,1171,516,0,3
556,1192,557,2,1
558,1171,524,0,3
567,1196,601,3,0
574,1192,573,1,2
574,1196,608,3,0
582,1183,581,1,2
584,1207,550,0,3
592,1207,558,0,3
598,1237,599,2,1
599,1196,633,3,0
599,1237,600,2,1
600,1196,634,3,0
600,1237,601,2,1
601,1196,635,3,0
608,1196,642,3,0
609,1237,1237,4,0
616,1183,615,1,2
619,1234,618,1,2
626,1207,627,2,1
642,1196,1196,4,0
644,1207,643,1,2
646,1191,612,0,2
646,1207,679,3,2
647,1207,646,1,1
650,1183,649,1,2
659,1207,660,2,1
678,1207,677,1,2
679,1207,678,1,2
693,1207,694,2,1
712,1207,711,1,2
721,1192,755,3,0
723,1219,757,3,0
727,1159,726,1,2
727,1207,728,2,1
728,1159,694,0,3
729,1159,695,0,3
730,1159,696,0,3
731,1159,697,0,3
732,1159,698,0,3
745,1156,744,1,2
754,1192,788,3,0
761,1207,762,2,1
795,1207,796,2,1
813,1170,779,0,3
819,1192,853,3,0
829,1207,830,2,1
863,1207,897,3,0
916,1220,950,3,0
918,1192,919,1,1
920,1197,954,3,0
924,1187,923,1,2
941,1159,975,3,0
950,1220,984,3,0
955,1207,989,3,0
958,1187,957,1,2
967,1241,1001,3,0
974,1220,975,2,1
984,1220,1018,3,0
986,1250,1250,4,0
992,1187,991,1,2
1004,1251,970,0,3
1008,1220,1009,2,1
1018,1220,1052,3,0
1020,1176,986,0,2
1021,1176,987,0,3
1042,1220,1043,2,1
1051,1220,1052,2,1
1052,1176,1018,0,3
1052,1220,1086,3,0
1053,1176,1019,0,3
1055,1159,1021,0,3
1058,1183,1092,3,0
1070,1183,1104,3,0
1071,1183,1105,3,0
1076,1220,1077,2,1
1085,1220,1086,2,1
1086,1197,1087,2,1
1086,1220,1120,3,0
1110,1220,1111,2,1
1119,1220,1120,2,1
1120,1220,1220,4,0
1138,1159,1139,2,1
1141,1240,1107,0,3
1156,1223,677,0,4
1157,1243,574,0,4
1158,1162,243,0,4
1159,1182,694,0,4
1162,1158,243,0,4
1162,1236,609,0,4
1164,1237,404,0,4
1165,1197,1154,0,4
1167,1200,539,0,4
1168,1207,260,0,4
1168,1215,659,0,4
1171,1179,609,0,4
1171,1187,643,0,4
1171,1209,609,0,4
1171,1215,608,0,4
1171,1224,609,0,4
1171,1241,643,0,4
1172,1183,334,0,4
1176,1164,1018,0,4
1176,1165,1018,0,4
1176,1170,1018,0,4
1176,1177,1018,0,4
1176,1180,1018,0,4
1176,1183,1018,0,4
1176,1193,1018,0,4
1176,1195,1018,0,4
1176,1205,1018,0,4
1176,1208,1018,0,4
1176,1210,1018,0,4
1176,1212,1018,0,4
1176,1220,1018,0,4
1176,1225,1018,0,4
1176,1226,685,0,4
1176,1227,1018,0,4
1176,1228,1018,0,4
1176,1229,1018,0,4
1176,1230,1018,0,4
1176,1234,1018,0,4
1176,1235,1018,0,4
1176,1244,1018,0,4
1176,1247,1018,0,4
1176,1250,1018,0,4
1176,1252,1018,0,4
1177,1197,205,0,4
1179,1171,609,0,4
1180,1183,102,0,4
1182,1159,706,0,4
1182,1191,112,0,4
1183,1172,237,0,4
1183,1178,1092,0,4
1183,1180,102,0,4
1183,1190,1092,0,4
1183,1210,1092,0,4
1183,1222,1092,0,4
1183,1228,1092,0,4
1183,1231,1092,0,4
1183,1252,1092,0,4
1187,1171,644,0,4
1187,1207,277,0,4
1187,1240,278,0,4
1187,1242,278,0,4
1187,1245,278,0,4
1187,1251,278,0,4
1191,1182,110,0,4
1192,1156,573,0,4
1192,1158,573,0,4
1192,1162,573,0,4
1192,1163,573,0,4
1192,1166,573,0,4
1192,1171,573,0,4
1192,1175,573,0,4
1192,1176,573,0,4
1192,1179,573,0,4
1192,1181,573,0,4
1192,1187,573,0,4
1192,1189,573,0,4
1192,1196,573,0,4
1192,1197,573,0,4
1192,1198,573,0,4
1192,1199,573,0,4
1192,1201,573,0,4
1192,1203,573,0,4
1192,1207,573,0,4
1192,1209,573,0,4
1192,1211,573,0,4
1192,1221,573,0,4
1192,1223,573,0,4
1192,1224,573,0,4
1192,1232,573,0,4
1192,1237,573,0,4
1192,1238,573,0,4
1192,1241,573,0,4
1192,1243,573,0,4
1192,1248,573,0,4
1192,1249,573,0,4
1192,1255,573,0,4
1193,1176,1053,0,4
1194,1237,540,0,4
1196,1160,642,0,4
1196,1168,642,0,4
1196,1169,642,0,4
1196,1184,642,0,4
1196,1186,642,0,4
1196,1190,642,0,4
1196,1191,642,0,4
1196,1192,642,0,4
1196,1200,642,0,4
1196,1214,642,0,4
1196,1217,642,0,4
1196,1233,642,0,4
1196,1238,642,0,4
1196,1255,642,0,4
1197,1165,209,0,4
1197,1170,209,0,4
1197,1177,209,0,4
1197,1180,209,0,4
1197,1183,209,0,4
1197,1210,209,0,4
1197,1225,209,0,4
1197,1229,209,0,4
1197,1235,209,0,4
1197,1244,209,0,4
1197,1246,209,0,4
1197,1250,209,0,4
1197,1254,209,0,4
1200,1167,539,0,4
1205,1237,439,0,4
1206,1207,227,0,4
1207,1161,676,0,4
1207,1165,676,0,4
1207,1168,244,0,4
1207,1176,676,0,4
1207,1185,676,0,4
1207,1187,277,0,4
1207,1188,676,0,4
1207,1193,676,0,4
1207,1206,211,0,4
1207,1212,676,0,4
1207,1213,676,0,4
1207,1216,676,0,4
1207,1218,676,0,4
1207,1220,676,0,4
1207,1224,277,0,4
1207,1226,676,0,4
1207,1230,676,0,4
1207,1232,676,0,4
1207,1239,676,0,4
1207,1244,676,0,4
1207,1248,676,0,4
1207,1250,676,0,4
1207,1253,676,0,4
1209,1171,610,0,4
1210,1183,1092,0,4
1210,1197,236,0,4
1210,1212,169,0,4
1212,1176,986,0,4
1212,1210,1121,0,4
1215,1168,693,0,4
1220,1176,1120,0,4
1220,1216,1120,0,4
1220,1240,1120,0,4
1220,1245,1120,0,4
1220,1248,1120,0,4
1223,1156,677,0,4
1224,1171,610,0,4
1224,1207,277,0,4
1224,1243,610,0,4
1225,1197,237,0,4
1226,1176,753,0,4
1236,1162,507,0,4
1237,1157,609,0,4
1237,1160,609,0,4
1237,1164,609,0,4
1237,1166,609,0,4
1237,1167,609,0,4
1237,1169,609,0,4
1237,1172,609,0,4
1237,1178,609,0,4
1237,1184,609,0,4
1237,1186,609,0,4
1237,1190,609,0,4
1237,1192,609,0,4
1237,1194,609,0,4
1237,1200,609,0,4
1237,1205,609,0,4
1237,1208,609,0,4
1237,1214,609,0,4
1237,1217,609,0,4
1237,1222,609,0,4
1237,1227,609,0,4
1237,1228,609,0,4
1237,1238,609,0,4
1237,1247,609,0,4
1237,1252,609,0,4
1241,1171,643,0,4
1243,1157,609,0,4
1243,1224,610,0,4
1244,1197,1154,0,4
1250,1176,986,0,4
1250,1197,1088,0,4
1250,1240,986,0,4
1250,1245,986,0,4
1255,1196,642,0,4
