25,1245,1147,3,3
37,1205,38,2,1
43,1205,1205,4,0
60,1170,94,3,0
61,1205,62,2,1
71,1170,105,3,0
71,1205,72,2,1
105,1170,139,3,0
107,1205,108,2,1
139,1210,140,2,1
141,1205,142,2,1
193,1242,192,1,2
193,1247,227,3,0
240,1203,241,2,1
241,1170,1170,4,0
246,1205,212,0,3
263,1170,264,2,1
264,1170,265,2,1
275,1249,309,3,0
280,1205,246,0,3
295,1159,296,2,1
296,1159,297,2,1
297,1159,298,2,1
298,1159,299,2,1
299,1159,300,2,1
300,1159,1159,4,0
345,1203,346,2,1
376,1237,410,3,0
470,1171,471,2,1
483,1209,449,0,3
484,1203,450,0,3
503,1189,504,2,1
503,1217,504,2,1
511,1200,510,1,1
512,1200,478,0,3
513,1200,479,0,3
514,1200,480,0,3
515,1200,481,0,3
516,1200,482,0,3
519,1209,485,0,3
520,1203,486,0,3
549,1209,548,1,2
553,1209,519,0,3
565,1209,531,0,3
583,1209,582,1,2
584,1209,583,1,2
596,1203,597,2,1
598,1209,599,2,1
614,1203,613,1,2
617,1209,616,1,2
623,1247,657,3,0
630,1203,631,2,1
632,1209,633,2,1
639,1159,605,0,3
648,1203,647,1,2
649,1163,648,1,2
649,1203,648,1,2
650,1203,649,1,2
651,1203,650,1,2
652,1203,651,1,2
663,1203,664,2,1
665,1163,666,2,1
666,1209,667,2,1
668,1188,667,1,2
678,1178,677,1,2
683,1163,682,1,2
684,1163,683,1,2
685,1163,684,1,2
686,1163,685,1,2
697,1203,698,2,1
699,1163,700,2,1
700,1209,701,2,1
731,1203,732,2,1
733,1163,734,2,1
734,1209,735,2,1
751,1239,752,2,1
753,1176,787,3,0
765,1203,766,2,1
767,1163,768,2,1
768,1209,769,2,1
799,1203,833,3,0
801,1163,802,2,1
802,1209,803,2,1
821,1239,822,2,1
835,1163,836,2,1
836,1209,837,2,1
860,1203,894,3,0
869,1163,870,2,1
870,1209,871,2,1
903,1163,904,2,1
904,1209,905,2,1
925,1203,959,3,0
929,1163,963,3,0
954,1241,920,0,3
959,1203,993,3,0
962,1163,996,3,0
976,1186,975,1,2
987,1200,988,2,1
994,1163,1028,3,0
1028,1156,1027,1,2
1046,1193,1047,2,1
1056,1239,1090,3,0
1057,1239,1091,3,0
1058,1239,1092,3,0
1059,1239,1093,3,0
1060,1163,1094,3,0
1060,1239,1094,3,0
1063,1247,1064,2,1
1064,1247,1065,2,1
1065,1247,1066,2,1
1066,1247,1247,4,0
1091,1203,1092,2,1
1094,1163,1128,3,0
1126,1163,1127,2,1
1146,1240,1112,0,3
1159,1170,267,0,4
1162,1203,215,0,4
1163,1159,682,0,4
1163,1161,648,0,4
1163,1165,682,0,4
1163,1168,350,0,4
1163,1174,283,0,4
1163,1176,648,0,4
1163,1185,648,0,4
1163,1188,682,0,4
1163,1193,682,0,4
1163,1212,682,0,4
1163,1213,682,0,4
1163,1216,682,0,4
1163,1218,682,0,4
1163,1220,682,0,4
1163,1226,682,0,4
1163,1230,682,0,4
1163,1232,648,0,4
1163,1239,648,0,4
1163,1244,682,0,4
1163,1246,682,0,4
1163,1248,648,0,4
1163,1250,682,0,4
1163,1253,682,0,4
1168,1163,597,0,4
1168,1209,266,0,4
1169,1200,81,0,4
1170,1159,241,0,4
1170,1168,241,0,4
1170,1185,241,0,4
1170,1188,241,0,4
1170,1196,76,0,4
1170,1206,241,0,4
1170,1215,241,0,4
1170,1246,241,0,4
1170,1253,241,0,4
1170,1254,241,0,4
1171,1200,148,0,4
1174,1163,267,0,4
1175,1200,182,0,4
1178,1202,439,0,4
1179,1203,215,0,4
1181,1200,182,0,4
1181,1217,613,0,4
1193,1239,1091,0,4
1196,1170,215,0,4
1197,1200,148,0,4
1198,1200,182,0,4
1199,1203,216,0,4
1199,1209,248,0,4
1200,1156,478,0,4
1200,1158,478,0,4
1200,1162,478,0,4
1200,1163,478,0,4
1200,1166,510,0,4
1200,1169,80,0,4
1200,1171,80,0,4
1200,1175,80,0,4
1200,1176,478,0,4
1200,1179,478,0,4
1200,1181,80,0,4
1200,1187,478,0,4
1200,1189,478,0,4
1200,1196,478,0,4
1200,1197,80,0,4
1200,1198,80,0,4
1200,1199,478,0,4
1200,1201,80,0,4
1200,1203,80,0,4
1200,1207,478,0,4
1200,1209,478,0,4
1200,1211,478,0,4
1200,1221,478,0,4
1200,1223,478,0,4
1200,1224,478,0,4
1200,1232,46,0,4
1200,1237,478,0,4
1200,1238,80,0,4
1200,1241,478,0,4
1200,1242,80,0,4
1200,1243,478,0,4
1200,1248,478,0,4
1200,1249,478,0,4
1200,1251,80,0,4
1201,1200,182,0,4
1201,1211,613,0,4
1203,1156,646,0,4
1203,1161,646,0,4
1203,1162,181,0,4
1203,1163,646,0,4
1203,1165,646,0,4
1203,1176,613,0,4
1203,1179,181,0,4
1203,1185,613,0,4
1203,1187,613,0,4
1203,1188,646,0,4
1203,1189,646,0,4
1203,1193,646,0,4
1203,1199,216,0,4
1203,1200,182,0,4
1203,1209,613,0,4
1203,1212,646,0,4
1203,1213,646,0,4
1203,1216,646,0,4
1203,1218,646,0,4
1203,1220,646,0,4
1203,1223,216,0,4
1203,1224,613,0,4
1203,1226,646,0,4
1203,1230,646,0,4
1203,1232,646,0,4
1203,1237,613,0,4
1203,1239,646,0,4
1203,1241,613,0,4
1203,1243,181,0,4
1203,1244,646,0,4
1203,1248,646,0,4
1203,1249,181,0,4
1203,1250,646,0,4
1203,1253,646,0,4
1205,1177,43,0,4
1205,1188,43,0,4
1205,1223,410,0,4
1205,1229,43,0,4
1205,1237,410,0,4
1205,1253,43,0,4
1209,1161,581,0,4
1209,1165,581,0,4
1209,1168,314,0,4
1209,1176,581,0,4
1209,1185,581,0,4
1209,1188,581,0,4
1209,1193,581,0,4
1209,1199,248,0,4
1209,1206,581,0,4
1209,1212,581,0,4
1209,1213,581,0,4
1209,1216,581,0,4
1209,1218,581,0,4
1209,1220,581,0,4
1209,1226,581,0,4
1209,1230,581,0,4
1209,1232,581,0,4
1209,1239,581,0,4
1209,1244,581,0,4
1209,1248,581,0,4
1209,1250,581,0,4
1209,1253,581,0,4
1210,1234,1097,0,4
1211,1200,547,0,4
1211,1201,579,0,4
1216,1252,1023,0,4
1217,1168,477,0,4
1217,1181,544,0,4
1217,1206,477,0,4
1221,1200,615,0,4
1223,1203,216,0,4
1223,1205,580,0,4
1232,1200,1089,0,4
1234,1210,1099,0,4
1237,1178,580,0,4
1237,1205,580,0,4
1238,1200,114,0,4
1239,1193,1090,0,4
1239,1227,1090,0,4
1239,1252,1090,0,4
1242,1200,182,0,4
1243,1203,181,0,4
1247,1225,1066,0,4
1249,1203,215,0,4
1251,1200,182,0,4
1252,1216,1035,0,4
