0,1252,34,1,0
27,1187,28,1,0
36,1252,70,3,0
45,1236,79,3,0
52,1236,86,3,0
53,1236,87,3,0
54,1236,88,3,0
55,1236,89,3,0
106,1252,140,3,0
115,1232,114,1,2
176,1252,210,3,0
178,1248,212,3,0
210,1252,244,3,0
216,1181,182,0,3
221,1181,187,0,3
222,1181,188,0,3
223,1181,189,0,3
224,1181,190,0,3
225,1181,191,0,3
244,1248,278,3,0
246,1252,245,1,2
248,1193,247,1,2
280,1252,279,1,2
296,1215,297,2,1
297,1215,298,2,1
298,1215,299,2,1
299,1215,300,2,1
300,1215,1215,4,0
310,1248,311,2,1
314,1250,348,3,0
316,1252,315,1,2
326,1187,292,0,3
342,1193,308,0,3
344,1248,345,2,1
351,1252,350,1,2
375,1248,376,2,1
379,1179,380,2,1
385,1226,384,1,2
387,1252,386,1,2
413,1179,414,2,1
421,1252,420,1,2
444,1212,410,0,3
454,1181,453,1,2
482,1221,448,0,3
488,1181,487,1,2
503,1230,504,2,1
518,1179,484,0,3
522,1181,521,1,2
531,1224,497,0,3
548,1179,547,1,2
552,1179,518,0,3
556,1181,555,1,2
561,1181,560,1,2
564,1179,530,0,3
582,1179,581,1,2
583,1179,582,1,2
584,1179,583,1,2
596,1247,630,3,0
597,1179,598,2,1
616,1179,615,1,2
631,1179,632,2,1
635,1210,601,0,3
639,1215,605,0,3
655,1248,1248,4,0
665,1179,666,2,1
673,1248,674,2,1
688,1248,654,0,3
689,1248,655,0,3
699,1179,700,2,1
707,1248,708,2,1
722,1193,723,2,1
723,1193,1193,4,0
725,1236,724,1,2
732,1236,731,1,2
733,1179,734,2,1
756,1177,755,1,2
759,1236,758,1,2
766,1236,765,1,2
767,1179,768,2,1
768,1236,769,2,1
785,1170,751,0,3
786,1164,752,0,3
787,1248,788,2,1
790,1250,824,3,0
793,1219,827,3,0
793,1236,792,1,2
800,1236,799,1,2
801,1179,802,2,1
817,1216,851,3,0
822,1250,823,2,1
823,1250,824,2,1
824,1250,1250,4,0
827,1236,826,1,2
835,1179,836,2,1
859,1165,825,0,3
861,1236,860,1,2
869,1179,870,2,1
894,1179,928,3,0
895,1236,894,1,2
899,1188,865,0,3
903,1179,937,3,0
925,1178,926,2,1
928,1241,927,1,2
929,1236,928,1,2
945,1215,979,3,0
954,1176,955,2,1
959,1179,993,3,0
975,1230,1009,3,0
977,1212,978,2,1
1046,1233,1045,1,2
1056,1209,1022,0,3
1060,1252,1026,0,3
1061,1183,1062,2,1
1061,1252,1027,0,3
1062,1164,1063,2,1
1062,1252,1028,0,3
1063,1252,1029,0,3
1064,1252,1030,0,3
1065,1252,1031,0,3
1066,1252,1032,0,3
1067,1252,1033,0,3
1068,1252,1034,0,3
1108,1220,1109,2,1
1120,1252,1154,3,0
1122,1190,0,2,3
1155,1252,33,3,3
1158,1251,215,0,4
1160,1227,543,0,4
1161,1248,657,0,4
1164,1220,1065,0,4
1165,1210,1125,0,4
1167,1248,477,0,4
1179,1161,580,0,4
1179,1165,580,0,4
1179,1176,580,0,4
1179,1185,580,0,4
1179,1188,580,0,4
1179,1193,580,0,4
1179,1206,580,0,4
1179,1212,580,0,4
1179,1213,580,0,4
1179,1216,580,0,4
1179,1218,580,0,4
1179,1220,580,0,4
1179,1226,580,0,4
1179,1230,580,0,4
1179,1232,580,0,4
1179,1239,580,0,4
1179,1244,580,0,4
1179,1248,580,0,4
1179,1250,580,0,4
1179,1253,580,0,4
1182,1222,83,0,4
1184,1236,80,0,4
1184,1252,543,0,4
1186,1191,80,0,4
1191,1186,114,0,4
1204,1252,677,0,4
1207,1251,215,0,4
1210,1165,139,0,4
1211,1242,613,0,4
1214,1227,543,0,4
1217,1251,79,0,4
1219,1252,677,0,4
1222,1182,967,0,4
1227,1160,441,0,4
1227,1214,441,0,4
1236,1184,79,0,4
1236,1214,79,0,4
1236,1248,444,0,4
1242,1211,613,0,4
1248,1156,655,0,4
1248,1157,655,0,4
1248,1158,655,0,4
1248,1160,655,0,4
1248,1161,656,0,4
1248,1162,655,0,4
1248,1163,655,0,4
1248,1166,655,0,4
1248,1167,655,0,4
1248,1169,655,0,4
1248,1171,655,0,4
1248,1173,655,0,4
1248,1175,655,0,4
1248,1179,655,0,4
1248,1181,655,0,4
1248,1182,655,0,4
1248,1184,655,0,4
1248,1186,655,0,4
1248,1187,655,0,4
1248,1189,655,0,4
1248,1191,655,0,4
1248,1192,655,0,4
1248,1194,655,0,4
1248,1196,655,0,4
1248,1197,655,0,4
1248,1198,655,0,4
1248,1199,655,0,4
1248,1200,655,0,4
1248,1201,655,0,4
1248,1202,655,0,4
1248,1203,655,0,4
1248,1204,655,0,4
1248,1207,655,0,4
1248,1209,655,0,4
1248,1211,655,0,4
1248,1214,655,0,4
1248,1217,655,0,4
1248,1219,655,0,4
1248,1221,655,0,4
1248,1223,655,0,4
1248,1224,655,0,4
1248,1233,655,0,4
1248,1236,655,0,4
1248,1237,655,0,4
1248,1238,655,0,4
1248,1241,655,0,4
1248,1242,655,0,4
1248,1243,655,0,4
1248,1249,655,0,4
1248,1251,655,0,4
1248,1255,655,0,4
1250,1156,824,0,4
1250,1158,824,0,4
1250,1162,824,0,4
1250,1163,824,0,4
1250,1173,824,0,4
1250,1175,824,0,4
1250,1179,824,0,4
1250,1181,824,0,4
1250,1187,824,0,4
1250,1189,824,0,4
1250,1196,824,0,4
1250,1198,824,0,4
1250,1199,824,0,4
1250,1201,824,0,4
1250,1202,824,0,4
1250,1203,824,0,4
1250,1207,824,0,4
1250,1209,824,0,4
1250,1211,824,0,4
1250,1221,824,0,4
1250,1223,824,0,4
1250,1224,824,0,4
1250,1237,824,0,4
1250,1241,824,0,4
1250,1242,824,0,4
1250,1243,824,0,4
1250,1249,824,0,4
1250,1251,824,0,4
1251,1158,215,0,4
1251,1207,215,0,4
1251,1217,181,0,4
1252,1164,1034,0,4
1252,1170,1034,0,4
1252,1177,1034,0,4
1252,1180,1034,0,4
1252,1183,1034,0,4
1252,1184,507,0,4
1252,1204,507,0,4
1252,1219,507,0,4
1252,1229,1034,0,4
1252,1234,1034,0,4
1252,1235,1034,0,4
1252,1247,1034,0,4
