14,1246,15,1,0
23,1175,1145,3,3
23,1201,1145,3,3
27,1175,1149,3,3
27,1201,1149,3,3
28,1202,29,1,0
29,1223,1151,3,3
46,1246,47,2,1
71,1210,70,1,2
79,1246,80,2,1
98,1247,132,3,0
102,1200,103,1,1
103,1200,104,2,1
104,1200,105,2,1
105,1200,106,2,1
105,1210,104,1,2
106,1200,1200,4,0
124,1200,125,2,1
131,1200,132,2,1
141,1200,140,1,2
165,1200,166,2,1
166,1200,167,2,1
175,1200,174,1,2
201,1200,202,2,1
202,1200,203,2,1
209,1200,208,1,2
223,1246,257,3,0
224,1246,258,3,0
225,1246,259,3,0
226,1246,260,3,0
236,1200,237,2,1
238,1170,272,2,0
243,1200,242,1,2
260,1246,1246,4,0
266,1248,232,0,3
270,1170,304,3,0
271,1170,305,3,0
271,1200,238,2,3
277,1200,276,1,2
293,1171,327,3,0
305,1160,272,2,3
305,1200,272,2,3
307,1200,273,0,3
311,1174,312,2,1
311,1200,310,1,2
317,1246,318,2,1
318,1174,319,2,1
319,1165,318,1,2
322,1230,356,3,0
323,1174,324,2,1
324,1174,325,2,1
325,1174,326,2,1
326,1174,327,2,1
327,1174,1174,4,0
328,1174,327,1,2
341,1200,307,0,3
345,1200,344,1,2
352,1174,353,2,1
353,1165,352,1,2
353,1174,354,2,1
362,1174,361,1,2
371,1242,405,3,0
376,1200,342,0,3
377,1200,343,0,3
379,1200,378,1,2
380,1200,379,1,2
384,1202,350,0,3
387,1165,386,1,2
388,1174,389,2,1
389,1174,390,2,1
391,1171,425,3,0
396,1174,395,1,2
411,1200,377,0,3
413,1200,412,1,2
414,1200,413,1,2
421,1165,420,1,2
422,1246,423,2,1
423,1174,424,2,1
430,1174,429,1,2
443,1204,409,0,3
458,1174,459,2,1
464,1174,463,1,2
480,1165,479,1,2
492,1174,493,2,1
498,1174,497,1,2
504,1223,538,3,0
507,1230,473,0,3
514,1165,513,1,2
527,1246,493,0,3
528,1174,494,0,3
532,1174,531,1,2
548,1165,547,1,2
557,1171,558,2,1
561,1246,527,0,3
562,1174,528,0,3
566,1174,565,1,2
566,1251,567,2,1
582,1165,581,1,2
595,1171,629,3,0
596,1171,630,3,0
597,1171,631,3,0
597,1174,563,0,3
597,1246,563,0,3
598,1171,632,3,0
598,1174,564,0,3
599,1171,633,3,0
600,1174,599,1,2
601,1174,600,1,2
616,1165,615,1,2
631,1246,597,0,3
632,1174,598,0,3
634,1174,633,1,2
635,1174,634,1,2
640,1171,1171,4,0
650,1165,649,1,2
668,1171,634,0,3
674,1171,640,0,3
677,1237,643,0,3
698,1201,699,2,1
699,1201,700,2,1
700,1201,701,2,1
701,1201,702,2,1
702,1171,668,0,3
702,1201,703,2,1
702,1246,668,0,3
703,1201,704,2,1
707,1201,1201,4,0
707,1202,673,0,3
708,1171,674,0,3
708,1175,674,0,3
708,1202,674,0,3
709,1175,675,0,3
709,1202,675,0,3
710,1175,676,0,3
710,1202,676,0,3
711,1202,677,0,3
712,1202,678,0,3
736,1171,702,0,3
741,1200,707,0,3
742,1171,708,0,3
770,1171,736,0,3
776,1171,742,0,3
786,1165,820,3,0
795,1165,829,3,0
796,1165,830,3,0
797,1165,831,3,0
798,1165,832,3,0
799,1165,833,3,0
804,1171,770,0,3
810,1171,776,0,3
838,1171,804,0,3
844,1171,810,0,3
872,1171,838,0,3
878,1171,844,0,3
889,1205,888,1,2
898,1171,899,2,1
906,1171,872,0,3
912,1171,878,0,3
934,1171,935,2,1
940,1171,906,0,3
940,1254,974,3,0
946,1171,912,0,3
955,1244,954,1,2
957,1211,956,1,2
967,1250,933,0,3
972,1246,1006,3,0
974,1171,940,0,3
979,1201,945,0,3
1004,1169,970,0,3
1004,1246,1038,3,0
1008,1171,974,0,3
1013,1201,979,0,3
1042,1171,1008,0,3
1047,1175,1013,0,3
1047,1201,1013,0,3
1074,1171,1040,0,3
1076,1171,1042,0,3
1081,1175,1047,0,3
1081,1201,1047,0,3
1090,1230,1089,1,2
1091,1210,1057,0,3
1102,1210,1068,0,3
1103,1210,1069,0,3
1110,1171,1076,0,3
1111,1201,1077,0,3
1115,1175,1081,0,3
1115,1201,1081,0,3
1117,1209,1083,0,3
1143,1201,1109,0,3
1145,1201,1111,0,3
1149,1175,1115,0,3
1149,1201,1115,0,3
1157,1210,106,0,4
1160,1186,571,0,4
1165,1159,820,0,4
1165,1168,785,0,4
1165,1174,820,0,4
1165,1185,30,0,4
1165,1206,30,0,4
1165,1215,820,0,4
1165,1246,820,0,4
1165,1254,820,0,4
1168,1191,625,0,4
1170,1158,304,0,4
1170,1177,304,0,4
1170,1196,304,0,4
1170,1199,304,0,4
1170,1207,304,0,4
1170,1223,304,0,4
1170,1229,304,0,4
1170,1243,304,0,4
1171,1168,640,0,4
1171,1191,640,0,4
1171,1200,174,0,4
1171,1204,640,0,4
1171,1206,640,0,4
1171,1219,640,0,4
1171,1233,640,0,4
1173,1202,176,0,4
1174,1191,327,0,4
1174,1233,327,0,4
1175,1189,674,0,4
1177,1170,304,0,4
1182,1210,110,0,4
1182,1222,77,0,4
1185,1165,126,0,4
1185,1200,126,0,4
1186,1160,571,0,4
1191,1168,639,0,4
1191,1174,639,0,4
1195,1210,371,0,4
1197,1200,174,0,4
1198,1211,641,0,4
1200,1171,106,0,4
1200,1185,106,0,4
1200,1197,106,0,4
1200,1229,106,0,4
1201,1182,707,0,4
1202,1173,176,0,4
1202,1189,673,0,4
1204,1171,672,0,4
1205,1210,370,0,4
1206,1165,226,0,4
1206,1171,625,0,4
1206,1246,259,0,4
1210,1157,1123,0,4
1210,1160,1123,0,4
1210,1164,1057,0,4
1210,1166,1123,0,4
1210,1167,1057,0,4
1210,1169,1123,0,4
1210,1182,1123,0,4
1210,1184,1057,0,4
1210,1186,1057,0,4
1210,1191,1123,0,4
1210,1192,1057,0,4
1210,1194,1123,0,4
1210,1195,235,0,4
1210,1200,1057,0,4
1210,1204,1123,0,4
1210,1205,268,0,4
1210,1208,1057,0,4
1210,1214,1057,0,4
1210,1217,1057,0,4
1210,1219,1123,0,4
1210,1233,1123,0,4
1210,1234,1057,0,4
1210,1235,235,0,4
1210,1236,1123,0,4
1210,1238,1123,0,4
1210,1245,1123,0,4
1210,1247,1057,0,4
1211,1198,641,0,4
1213,1215,719,0,4
1215,1213,724,0,4
1219,1171,672,0,4
1222,1182,961,0,4
1223,1252,674,0,4
1235,1210,303,0,4
1244,1172,919,0,4
1244,1178,919,0,4
1246,1168,260,0,4
1246,1206,260,0,4
1246,1240,260,0,4
1246,1245,260,0,4
1254,1165,824,0,4
