1,1222,35,2,0
23,1222,57,2,0
25,1181,1147,3,3
43,1159,42,1,2
55,1222,89,3,0
78,1214,44,0,3
82,1214,48,0,3
83,1214,49,0,3
84,1214,50,0,3
85,1214,51,0,3
86,1214,52,0,3
89,1222,123,3,0
131,1172,165,3,0
204,1238,205,1,1
221,1222,222,2,1
240,1238,241,2,1
246,1196,245,1,2
247,1196,213,0,3
253,1196,219,0,3
253,1222,254,2,1
254,1196,220,0,3
274,1238,275,2,1
280,1196,279,1,2
281,1196,247,0,3
287,1196,253,0,3
314,1196,313,1,2
315,1196,281,0,3
317,1178,283,0,3
321,1196,287,0,3
332,1242,333,2,1
340,1163,374,2,0
347,1250,346,1,2
348,1196,347,1,2
349,1196,315,0,3
350,1214,349,1,2
354,1160,353,1,2
355,1196,321,0,3
373,1212,339,0,3
379,1238,345,0,3
382,1194,381,1,2
382,1196,381,1,2
383,1196,349,0,3
384,1214,383,1,2
389,1196,355,0,3
395,1222,429,3,0
396,1222,430,3,0
397,1222,431,3,0
398,1222,432,3,0
399,1222,433,3,0
400,1222,434,3,0
416,1196,415,1,2
418,1214,417,1,2
423,1196,389,0,3
435,1222,1222,4,0
449,1238,415,0,3
450,1196,449,1,2
452,1214,451,1,2
456,1214,455,1,2
479,1236,445,0,3
484,1196,483,1,2
486,1214,485,1,2
490,1214,489,1,2
490,1222,491,2,1
518,1196,517,1,2
525,1238,526,2,1
526,1222,527,2,1
552,1196,551,1,2
555,1228,589,3,0
559,1238,560,2,1
560,1206,561,2,1
577,1238,576,1,2
578,1238,611,3,2
579,1238,578,1,1
580,1238,579,1,2
581,1238,580,1,2
587,1164,586,1,2
589,1228,623,3,0
592,1238,593,2,1
611,1238,610,1,2
614,1162,580,0,3
620,1228,654,3,0
623,1228,657,3,0
626,1238,627,2,1
631,1222,632,2,1
645,1170,611,0,3
646,1223,612,0,2
647,1223,613,0,3
648,1223,614,0,3
649,1223,615,0,3
652,1228,686,3,0
654,1225,653,1,2
657,1228,691,3,0
660,1238,661,2,1
679,1223,678,1,2
691,1228,725,3,0
694,1238,695,2,1
704,1181,705,2,1
705,1181,706,2,1
706,1181,707,2,1
711,1181,1181,4,0
718,1228,752,3,0
723,1157,722,1,2
725,1228,759,3,0
728,1238,729,2,1
736,1222,702,0,3
759,1228,793,3,0
760,1228,794,3,0
770,1222,736,0,3
793,1228,827,3,0
794,1228,828,3,0
797,1216,796,1,2
806,1222,772,0,3
823,1238,857,3,0
827,1228,861,3,0
828,1228,862,3,0
835,1184,869,3,0
841,1205,842,2,1
861,1228,895,3,0
862,1228,896,3,0
865,1201,899,3,0
884,1228,885,1,1
895,1228,929,3,0
896,1228,930,3,0
902,1193,868,0,3
911,1222,877,0,3
921,1238,955,3,0
929,1228,963,3,0
930,1228,964,3,0
955,1238,989,3,0
963,1228,997,3,0
964,1228,998,3,0
983,1228,984,2,1
987,1238,988,2,1
992,1228,1026,3,0
993,1228,1027,3,0
994,1228,1028,3,0
995,1228,1029,3,0
996,1228,1030,3,0
997,1228,1031,3,0
998,1228,1032,3,0
1016,1228,1017,2,1
1032,1228,1228,4,0
1044,1169,1043,1,2
1050,1228,1051,2,1
1090,1250,1056,0,3
1091,1250,1057,0,3
1094,1244,1093,1,2
1156,1196,679,0,4
1156,1223,280,0,4
1158,1209,279,0,4
1158,1238,213,0,4
1163,1196,679,0,4
1163,1234,612,0,4
1164,1181,406,0,4
1166,1214,576,0,4
1169,1214,576,0,4
1173,1214,677,0,4
1181,1164,644,0,4
1181,1182,711,0,4
1181,1234,644,0,4
1187,1249,279,0,4
1189,1196,679,0,4
1191,1214,643,0,4
1195,1206,340,0,4
1196,1156,645,0,4
1196,1163,645,0,4
1196,1189,645,0,4
1196,1221,645,0,4
1196,1238,644,0,4
1196,1255,178,0,4
1198,1251,677,0,4
1202,1214,643,0,4
1203,1251,677,0,4
1206,1195,229,0,4
1209,1158,279,0,4
1211,1238,611,0,4
1214,1166,575,0,4
1214,1169,575,0,4
1214,1173,575,0,4
1214,1182,44,0,4
1214,1191,575,0,4
1214,1202,575,0,4
1214,1204,44,0,4
1214,1219,44,0,4
1214,1238,575,0,4
1214,1240,44,0,4
1214,1245,44,0,4
1215,1222,298,0,4
1215,1227,298,0,4
1221,1196,612,0,4
1222,1159,435,0,4
1222,1168,435,0,4
1222,1174,435,0,4
1222,1206,435,0,4
1222,1215,435,0,4
1223,1156,280,0,4
1223,1161,612,0,4
1223,1165,612,0,4
1223,1185,612,0,4
1223,1188,612,0,4
1223,1193,612,0,4
1223,1212,612,0,4
1223,1213,612,0,4
1223,1216,612,0,4
1223,1218,612,0,4
1223,1220,612,0,4
1223,1226,612,0,4
1223,1230,612,0,4
1223,1238,213,0,4
1223,1239,612,0,4
1223,1244,612,0,4
1223,1248,612,0,4
1223,1250,612,0,4
1223,1253,612,0,4
1224,1238,578,0,4
1227,1215,438,0,4
1228,1161,1032,0,4
1228,1165,1032,0,4
1228,1172,1032,0,4
1228,1176,1032,0,4
1228,1188,1032,0,4
1228,1193,1032,0,4
1228,1210,1032,0,4
1228,1212,1032,0,4
1228,1213,1032,0,4
1228,1216,1032,0,4
1228,1218,1032,0,4
1228,1220,1032,0,4
1228,1225,1032,0,4
1228,1226,1032,0,4
1228,1227,1032,0,4
1228,1230,1032,0,4
1228,1231,1032,0,4
1228,1232,1032,0,4
1228,1239,1032,0,4
1228,1244,1032,0,4
1228,1248,1032,0,4
1228,1250,1032,0,4
1234,1181,406,0,4
1236,1176,475,0,4
1236,1248,475,0,4
1238,1156,609,0,4
1238,1158,145,0,4
1238,1161,609,0,4
1238,1162,609,0,4
1238,1163,609,0,4
1238,1176,609,0,4
1238,1179,609,0,4
1238,1187,609,0,4
1238,1189,609,0,4
1238,1196,609,0,4
1238,1199,609,0,4
1238,1209,609,0,4
1238,1211,609,0,4
1238,1214,576,0,4
1238,1216,609,0,4
1238,1218,609,0,4
1238,1221,609,0,4
1238,1223,145,0,4
1238,1224,609,0,4
1238,1232,609,0,4
1238,1237,609,0,4
1238,1239,609,0,4
1238,1241,609,0,4
1238,1243,609,0,4
1238,1248,609,0,4
1238,1249,609,0,4
1239,1228,689,0,4
1241,1238,645,0,4
1244,1247,1089,0,4
1249,1187,279,0,4
1250,1157,1056,0,4
1250,1160,1056,0,4
1250,1164,1056,0,4
1250,1166,1056,0,4
1250,1167,1056,0,4
1250,1169,1056,0,4
1250,1170,1056,0,4
1250,1177,1056,0,4
1250,1180,1056,0,4
1250,1183,1056,0,4
1250,1184,1056,0,4
1250,1186,1056,0,4
1250,1191,1056,0,4
1250,1192,1056,0,4
1250,1194,1056,0,4
1250,1195,1056,0,4
1250,1200,1056,0,4
1250,1202,1056,0,4
1250,1204,1056,0,4
1250,1205,1056,0,4
1250,1208,1056,0,4
1250,1211,1056,0,4
1250,1214,1056,0,4
1250,1217,1056,0,4
1250,1219,1056,0,4
1250,1229,1056,0,4
1250,1233,1056,0,4
1250,1234,1056,0,4
1250,1235,1056,0,4
1250,1236,1056,0,4
1250,1238,1056,0,4
1250,1247,1056,0,4
1250,1255,1056,0,4
1251,1198,677,0,4
1251,1203,677,0,4
1255,1196,178,0,4
