18,1210,52,2,0
32,1189,33,1,0
33,1177,67,2,0
51,1210,85,3,0
57,1201,58,2,1
67,1177,101,3,0
88,1210,122,3,0
91,1201,92,2,1
101,1177,135,3,0
105,1202,106,2,1
106,1202,107,2,1
107,1202,108,2,1
108,1202,109,2,1
109,1202,1202,4,0
120,1177,154,3,0
122,1210,156,3,0
125,1201,126,2,1
135,1177,169,3,0
136,1185,102,0,2
154,1177,188,3,0
157,1210,191,3,0
159,1201,160,2,1
161,1185,160,1,2
163,1227,197,3,0
166,1185,132,0,3
166,1210,200,3,0
167,1185,133,0,3
168,1185,134,0,3
169,1177,203,3,0
169,1185,135,0,3
170,1201,204,2,0
171,1201,205,3,0
172,1201,206,3,0
173,1201,207,3,0
174,1201,208,3,0
175,1201,209,3,0
187,1177,221,3,0
187,1210,221,3,0
188,1177,222,3,0
188,1210,222,3,0
189,1210,223,3,0
190,1210,224,3,0
191,1210,225,3,0
193,1201,194,2,1
195,1185,194,1,2
197,1185,196,1,2
200,1210,234,3,0
203,1177,237,3,0
209,1164,208,1,2
209,1201,1201,4,0
210,1185,244,3,0
220,1190,186,0,3
227,1201,228,2,1
229,1185,228,1,2
231,1185,230,1,2
234,1210,1210,4,0
237,1177,1177,4,0
238,1170,271,3,2
242,1185,276,3,0
256,1157,290,3,0
263,1185,262,1,2
265,1185,264,1,2
268,1201,269,2,1
297,1185,296,1,2
299,1185,298,1,2
331,1185,330,1,2
333,1185,332,1,2
365,1185,364,1,2
367,1185,366,1,2
374,1201,340,0,2
399,1185,398,1,2
401,1185,400,1,2
433,1185,432,1,2
435,1185,434,1,2
437,1211,471,3,0
467,1185,466,1,2
469,1185,468,1,2
478,1201,444,0,3
501,1185,500,1,2
503,1185,502,1,2
508,1185,509,2,1
530,1183,531,2,1
535,1185,534,1,2
537,1185,536,1,2
540,1185,541,2,1
548,1201,514,0,3
569,1185,568,1,2
571,1185,570,1,2
574,1211,575,2,1
590,1251,556,0,3
629,1197,595,0,3
680,1189,646,0,2
682,1235,716,3,0
711,1189,677,0,3
712,1189,678,0,3
713,1189,679,0,3
754,1194,753,1,2
829,1226,795,0,3
862,1251,896,3,0
878,1234,844,0,3
971,1200,970,1,2
986,1201,1020,2,0
1053,1197,1020,2,3
1074,1197,1073,1,2
1086,1201,1087,2,1
1093,1206,1094,2,1
1107,1251,1106,1,2
1121,1177,1155,3,0
1123,1235,1124,2,1
1124,1235,1125,2,1
1125,1235,1235,4,0
1155,1177,33,3,3
1157,1199,573,0,4
1163,1174,710,0,4
1164,1173,4,0,4
1164,1196,4,0,4
1165,1177,31,0,4
1166,1185,107,0,4
1170,1185,237,0,4
1170,1199,270,0,4
1170,1207,270,0,4
1170,1211,270,0,4
1170,1243,270,0,4
1174,1163,725,0,4
1174,1181,295,0,4
1177,1161,237,0,4
1177,1165,237,0,4
1177,1180,237,0,4
1177,1183,237,0,4
1177,1185,237,0,4
1177,1188,237,0,4
1177,1193,237,0,4
1177,1201,204,0,4
1177,1206,237,0,4
1177,1210,237,0,4
1177,1212,237,0,4
1177,1213,237,0,4
1177,1216,237,0,4
1177,1218,237,0,4
1177,1220,237,0,4
1177,1225,237,0,4
1177,1226,237,0,4
1177,1230,237,0,4
1177,1232,237,0,4
1177,1239,237,0,4
1177,1244,237,0,4
1177,1246,237,0,4
1177,1253,237,0,4
1177,1254,237,0,4
1180,1177,236,0,4
1181,1174,641,0,4
1183,1177,169,0,4
1184,1185,604,0,4
1185,1160,160,0,4
1185,1164,127,0,4
1185,1166,127,0,4
1185,1167,160,0,4
1185,1170,127,0,4
1185,1172,160,0,4
1185,1177,127,0,4
1185,1178,160,0,4
1185,1180,127,0,4
1185,1183,127,0,4
1185,1184,623,0,4
1185,1192,160,0,4
1185,1195,127,0,4
1185,1200,160,0,4
1185,1205,127,0,4
1185,1208,160,0,4
1185,1210,127,0,4
1185,1214,160,0,4
1185,1217,160,0,4
1185,1222,656,0,4
1185,1225,127,0,4
1185,1227,160,0,4
1185,1228,656,0,4
1185,1231,160,0,4
1185,1234,127,0,4
1185,1235,127,0,4
1185,1238,127,0,4
1185,1247,160,0,4
1185,1252,160,0,4
1186,1202,75,0,4
1187,1241,276,0,4
1189,1159,677,0,4
1189,1165,677,0,4
1189,1174,677,0,4
1189,1188,677,0,4
1189,1193,677,0,4
1189,1212,677,0,4
1189,1213,677,0,4
1189,1215,310,0,4
1189,1216,677,0,4
1189,1218,677,0,4
1189,1220,677,0,4
1189,1226,677,0,4
1189,1230,677,0,4
1189,1239,677,0,4
1189,1244,677,0,4
1189,1246,677,0,4
1189,1250,677,0,4
1189,1253,677,0,4
1189,1254,677,0,4
1195,1201,72,0,4
1197,1168,607,0,4
1199,1157,608,0,4
1201,1170,209,0,4
1201,1177,209,0,4
1201,1180,209,0,4
1201,1183,209,0,4
1201,1195,209,0,4
1201,1205,209,0,4
1201,1210,209,0,4
1201,1211,209,0,4
1201,1225,209,0,4
1201,1235,209,0,4
1201,1236,209,0,4
1201,1243,209,0,4
1201,1246,209,0,4
1201,1249,209,0,4
1201,1254,209,0,4
1202,1157,109,0,4
1202,1160,109,0,4
1202,1164,109,0,4
1202,1167,109,0,4
1202,1170,109,0,4
1202,1184,109,0,4
1202,1186,109,0,4
1202,1192,109,0,4
1202,1194,109,0,4
1202,1195,109,0,4
1202,1200,109,0,4
1202,1205,109,0,4
1202,1208,109,0,4
1202,1210,109,0,4
1202,1214,109,0,4
1202,1217,109,0,4
1202,1227,109,0,4
1202,1234,109,0,4
1202,1235,109,0,4
1202,1236,109,0,4
1202,1247,109,0,4
1209,1224,609,0,4
1210,1185,168,0,4
1210,1206,234,0,4
1210,1246,234,0,4
1210,1254,234,0,4
1211,1178,607,0,4
1211,1201,209,0,4
1211,1222,607,0,4
1211,1227,607,0,4
1211,1247,607,0,4
1214,1202,41,0,4
1215,1189,262,0,4
1220,1177,31,0,4
1222,1185,928,0,4
1224,1209,609,0,4
1224,1241,609,0,4
1225,1177,236,0,4
1225,1235,1091,0,4
1227,1185,435,0,4
1228,1185,1030,0,4
1235,1210,1125,0,4
1235,1225,1125,0,4
1236,1202,106,0,4
1241,1187,276,0,4
1241,1224,609,0,4
1244,1177,31,0,4
1249,1201,209,0,4
1253,1177,128,0,4
