1,1168,1123,3,3
3,1249,2,0,1
10,1249,9,0,1
19,1249,20,1,0
20,1168,19,0,1
21,1217,22,1,0
27,1168,26,0,1
34,1217,68,2,0
35,1217,69,3,0
36,1168,37,2,1
36,1217,70,3,0
37,1217,71,3,0
37,1249,36,1,2
44,1249,43,1,2
53,1249,54,2,1
54,1168,53,1,2
55,1217,56,2,1
61,1168,60,1,2
67,1217,101,3,0
70,1168,71,2,1
71,1174,70,1,2
71,1217,1217,4,0
71,1249,70,1,2
78,1249,77,1,2
87,1249,88,2,1
88,1168,87,1,2
89,1217,90,2,1
95,1168,94,1,2
104,1168,105,2,1
105,1249,104,1,2
112,1249,111,1,2
121,1249,122,2,1
122,1168,121,1,2
129,1168,128,1,2
138,1168,139,2,1
139,1249,138,1,2
146,1249,145,1,2
149,1210,150,2,1
155,1249,156,2,1
156,1168,155,1,2
163,1168,162,1,2
163,1217,164,2,1
172,1168,173,2,1
173,1249,172,1,2
180,1249,179,1,2
189,1249,190,2,1
190,1168,189,1,2
190,1206,224,3,0
190,1238,224,3,0
191,1192,225,3,0
197,1168,196,1,2
197,1206,231,3,0
198,1206,232,3,0
199,1206,233,3,0
199,1217,200,2,1
206,1168,207,2,1
207,1249,206,1,2
215,1249,249,3,0
216,1249,250,3,0
217,1249,251,3,0
218,1249,252,3,0
219,1249,253,3,0
222,1192,256,3,0
223,1249,224,2,1
224,1168,223,1,2
224,1238,258,3,0
225,1192,259,3,0
231,1168,230,1,2
236,1205,202,0,3
240,1168,241,2,1
242,1246,243,2,1
258,1168,257,1,2
258,1200,259,2,1
258,1238,292,3,0
259,1192,293,3,0
260,1246,259,1,2
269,1217,270,2,1
270,1168,304,3,0
273,1209,1209,4,0
274,1168,275,2,1
276,1246,277,2,1
287,1177,288,2,1
288,1177,289,2,1
288,1192,322,3,0
289,1238,323,3,0
292,1238,326,3,0
293,1192,327,3,0
294,1246,293,1,2
297,1246,296,1,2
298,1246,297,1,2
298,1251,332,3,0
299,1246,298,1,2
300,1168,299,1,2
300,1246,299,1,2
301,1168,300,1,2
302,1168,301,1,2
302,1177,1177,4,0
303,1168,302,1,2
304,1168,303,1,2
309,1246,343,3,0
309,1248,308,1,2
325,1197,326,2,1
326,1238,360,3,0
327,1192,361,3,0
327,1238,361,3,0
328,1246,327,1,2
331,1246,330,1,2
333,1194,367,3,0
342,1246,376,3,0
355,1218,321,0,3
358,1179,359,2,1
360,1238,394,3,0
361,1192,395,3,0
361,1238,395,3,0
362,1246,361,1,2
365,1192,399,3,0
365,1246,364,1,2
367,1194,401,3,0
369,1179,403,3,0
372,1238,338,0,3
385,1235,386,2,1
387,1192,388,2,1
389,1235,390,2,1
390,1235,391,2,1
391,1235,392,2,1
392,1179,393,2,1
392,1235,393,2,1
394,1238,428,3,0
395,1192,429,3,0
395,1238,429,3,0
396,1246,395,1,2
399,1192,433,3,0
399,1246,398,1,2
401,1194,435,3,0
401,1235,1235,4,0
402,1179,403,2,1
403,1179,437,3,0
407,1168,441,3,0
408,1224,374,0,2
408,1246,442,2,0
419,1235,420,2,1
421,1192,422,2,1
421,1224,387,0,3
422,1238,423,2,1
423,1165,389,0,3
423,1220,389,0,3
427,1235,393,0,3
428,1194,429,2,1
428,1238,462,3,0
429,1192,463,3,0
429,1238,463,3,0
430,1246,429,1,2
433,1192,467,3,0
433,1238,467,3,0
433,1246,432,1,2
435,1194,469,3,0
435,1235,401,0,3
436,1179,437,2,1
437,1179,471,3,0
441,1168,475,3,0
453,1192,454,2,1
453,1235,454,2,1
461,1235,427,0,3
462,1194,463,2,1
462,1238,496,3,0
463,1192,497,3,0
463,1238,497,3,0
464,1222,463,1,2
464,1246,463,1,2
465,1222,431,0,3
466,1222,432,0,3
467,1192,501,3,0
467,1238,501,3,0
467,1246,466,1,2
469,1194,503,3,0
469,1235,435,0,3
470,1179,471,2,1
470,1187,504,3,0
471,1179,505,3,0
479,1217,445,0,3
487,1235,488,2,1
488,1238,489,2,1
491,1194,492,2,1
492,1194,493,2,1
493,1194,494,2,1
494,1194,495,2,1
495,1194,496,2,1
495,1235,461,0,3
496,1194,497,2,1
497,1192,531,3,0
497,1238,531,3,0
498,1222,497,1,2
499,1222,465,0,3
500,1222,466,0,3
501,1192,535,3,0
501,1238,535,3,0
501,1246,500,1,2
502,1194,503,2,1
503,1194,1194,4,0
503,1235,469,0,3
504,1165,470,0,3
504,1179,505,2,1
504,1187,538,3,0
505,1179,539,3,0
508,1221,474,0,3
512,1210,511,1,2
520,1238,521,2,1
521,1235,522,2,1
528,1192,562,3,0
529,1187,530,2,1
529,1192,563,3,0
529,1235,495,0,3
530,1192,564,3,0
531,1192,565,3,0
531,1238,565,3,0
532,1222,531,1,2
533,1222,499,0,3
534,1222,500,0,3
535,1192,569,3,0
535,1238,569,3,0
535,1246,534,1,2
537,1235,503,0,3
538,1179,539,2,1
538,1187,572,3,0
539,1179,573,3,0
541,1246,542,2,1
555,1235,556,2,1
556,1243,557,2,1
563,1187,564,2,1
563,1235,529,0,3
564,1175,565,2,1
565,1238,599,3,0
566,1222,565,1,2
567,1222,533,0,3
568,1222,534,0,3
569,1192,1192,4,0
569,1238,603,3,0
571,1187,572,2,1
571,1235,537,0,3
572,1187,606,3,0
573,1179,1179,4,0
589,1235,590,2,1
597,1187,598,2,1
597,1235,563,0,3
600,1222,599,1,2
601,1222,567,0,3
602,1222,568,0,3
603,1238,1238,4,0
605,1187,606,2,1
605,1235,571,0,3
606,1187,640,3,0
607,1246,608,2,1
623,1235,624,2,1
629,1187,630,2,1
630,1187,631,2,1
630,1238,596,0,3
631,1187,632,2,1
631,1235,597,0,3
631,1238,597,0,3
632,1238,598,0,3
633,1238,599,0,3
634,1222,633,1,2
635,1222,601,0,3
636,1178,602,0,3
636,1222,602,0,3
637,1238,603,0,3
639,1187,640,2,1
639,1235,605,0,3
640,1187,1187,4,0
642,1177,608,0,3
657,1235,658,2,1
658,1235,659,2,1
665,1235,631,0,3
667,1238,633,0,3
668,1222,667,1,2
669,1222,635,0,3
670,1222,636,0,3
671,1238,637,0,3
673,1235,639,0,3
676,1177,642,0,3
683,1248,682,1,2
692,1235,693,2,1
693,1235,694,2,1
699,1235,665,0,3
701,1238,667,0,3
702,1222,701,1,2
703,1222,669,0,3
704,1222,670,0,3
705,1238,671,0,3
707,1235,673,0,3
710,1177,676,0,3
728,1235,729,2,1
733,1235,699,0,3
735,1238,701,0,3
736,1222,735,1,2
737,1222,703,0,3
738,1222,704,0,3
741,1235,707,0,3
744,1177,710,0,3
762,1235,763,2,1
763,1235,729,0,3
767,1235,733,0,3
769,1238,735,0,3
770,1222,769,1,2
771,1222,737,0,3
772,1222,738,0,3
775,1235,741,0,3
782,1217,816,2,0
792,1238,793,2,1
798,1235,764,0,3
801,1235,767,0,3
803,1238,769,0,3
804,1222,803,1,2
805,1222,771,0,3
806,1222,772,0,3
809,1235,775,0,3
832,1235,798,0,3
833,1235,799,0,3
835,1235,801,0,3
837,1238,803,0,3
838,1222,837,1,2
839,1222,805,0,3
840,1222,806,0,3
843,1235,809,0,3
844,1235,810,0,3
863,1238,864,2,1
868,1235,834,0,3
869,1235,835,0,3
870,1206,869,1,2
871,1238,837,0,3
872,1222,871,1,2
873,1222,839,0,3
874,1222,840,0,3
877,1206,876,1,2
882,1217,916,3,0
905,1238,871,0,3
906,1222,905,1,2
906,1254,940,3,0
907,1222,873,0,3
908,1222,874,0,3
921,1249,920,1,2
928,1249,927,1,2
929,1249,930,2,1
930,1249,931,2,1
939,1238,905,0,3
946,1168,947,2,1
953,1209,987,3,0
955,1249,954,1,2
962,1249,961,1,2
964,1249,965,2,1
965,1249,966,2,1
967,1238,933,0,3
973,1238,939,0,3
979,1168,978,1,2
982,1217,983,2,1
984,1233,1018,3,0
987,1210,1021,3,0
988,1210,1022,3,0
989,1249,988,1,2
996,1249,995,1,2
997,1210,1031,3,0
998,1210,1032,3,0
1000,1249,1001,2,1
1007,1238,973,0,3
1013,1168,1012,1,2
1017,1168,1018,2,1
1023,1249,1022,1,2
1030,1249,1029,1,2
1034,1249,1035,2,1
1037,1238,1003,0,3
1047,1168,1046,1,2
1047,1217,1048,2,1
1051,1168,1052,2,1
1057,1249,1056,1,2
1064,1249,1063,1,2
1070,1249,1036,0,3
1075,1217,1076,2,1
1081,1168,1080,1,2
1091,1249,1090,1,2
1098,1249,1097,1,2
1104,1249,1070,0,3
1105,1249,1071,0,3
1108,1168,1107,1,2
1108,1238,1074,0,3
1109,1217,1110,2,1
1115,1168,1114,1,2
1123,1168,1089,0,3
1125,1249,1124,1,2
1132,1249,1131,1,2
1135,1205,1134,1,2
1140,1249,1106,0,3
1141,1249,1107,0,3
1142,1168,1141,1,2
1143,1217,1144,2,1
1149,1168,1148,1,2
1163,1246,708,0,4
1164,1177,368,0,4
1164,1179,401,0,4
1164,1194,401,0,4
1168,1162,291,0,4
1168,1170,291,0,4
1168,1177,291,0,4
1168,1179,291,0,4
1168,1180,257,0,4
1168,1183,257,0,4
1168,1209,623,0,4
1168,1210,257,0,4
1168,1215,291,0,4
1168,1225,257,0,4
1168,1229,257,0,4
1168,1235,291,0,4
1168,1241,623,0,4
1168,1246,257,0,4
1168,1249,291,0,4
1168,1254,257,0,4
1173,1249,706,0,4
1174,1177,293,0,4
1174,1238,326,0,4
1175,1190,639,0,4
1175,1249,672,0,4
1177,1164,302,0,4
1177,1168,302,0,4
1177,1172,302,0,4
1177,1174,302,0,4
1177,1178,302,0,4
1177,1190,302,0,4
1177,1222,302,0,4
1177,1227,302,0,4
1177,1231,302,0,4
1177,1234,302,0,4
1179,1164,573,0,4
1179,1167,573,0,4
1179,1172,573,0,4
1179,1178,573,0,4
1179,1194,573,0,4
1179,1195,573,0,4
1179,1205,573,0,4
1179,1208,573,0,4
1179,1222,573,0,4
1179,1227,573,0,4
1179,1228,573,0,4
1179,1234,573,0,4
1179,1236,573,0,4
1179,1247,573,0,4
1179,1252,573,0,4
1181,1249,672,0,4
1182,1222,76,0,4
1187,1157,640,0,4
1187,1160,640,0,4
1187,1166,640,0,4
1187,1167,640,0,4
1187,1169,640,0,4
1187,1184,640,0,4
1187,1186,640,0,4
1187,1190,640,0,4
1187,1192,640,0,4
1187,1194,640,0,4
1187,1197,640,0,4
1187,1200,640,0,4
1187,1208,640,0,4
1187,1211,640,0,4
1187,1214,640,0,4
1187,1217,640,0,4
1187,1228,640,0,4
1187,1233,640,0,4
1187,1236,640,0,4
1187,1238,640,0,4
1187,1252,640,0,4
1187,1255,640,0,4
1189,1246,708,0,4
1191,1247,637,0,4
1192,1159,569,0,4
1192,1168,569,0,4
1192,1172,569,0,4
1192,1174,569,0,4
1192,1178,569,0,4
1192,1187,570,0,4
1192,1190,569,0,4
1192,1206,569,0,4
1192,1215,569,0,4
1192,1222,569,0,4
1192,1228,569,0,4
1192,1231,569,0,4
1192,1238,603,0,4
1192,1246,569,0,4
1192,1252,569,0,4
1194,1164,503,0,4
1194,1168,503,0,4
1194,1172,503,0,4
1194,1178,503,0,4
1194,1187,537,0,4
1194,1195,503,0,4
1194,1206,503,0,4
1194,1208,503,0,4
1194,1222,503,0,4
1194,1227,503,0,4
1194,1228,503,0,4
1194,1231,503,0,4
1194,1234,503,0,4
1194,1247,503,0,4
1194,1252,503,0,4
1195,1194,469,0,4
1195,1217,70,0,4
1197,1187,606,0,4
1197,1209,239,0,4
1198,1249,672,0,4
1200,1249,570,0,4
1201,1249,672,0,4
1203,1249,672,0,4
1206,1183,224,0,4
1206,1192,556,0,4
1206,1244,224,0,4
1206,1250,224,0,4
1206,1253,224,0,4
1207,1251,208,0,4
1208,1194,468,0,4
1208,1235,435,0,4
1209,1168,641,0,4
1209,1197,273,0,4
1210,1172,1022,0,4
1210,1178,1022,0,4
1210,1190,1022,0,4
1210,1222,1022,0,4
1210,1231,1022,0,4
1211,1187,640,0,4
1214,1246,569,0,4
1215,1168,293,0,4
1217,1161,71,0,4
1217,1164,71,0,4
1217,1165,71,0,4
1217,1170,71,0,4
1217,1177,71,0,4
1217,1180,71,0,4
1217,1183,71,0,4
1217,1188,71,0,4
1217,1193,71,0,4
1217,1195,71,0,4
1217,1205,71,0,4
1217,1210,71,0,4
1217,1212,71,0,4
1217,1213,71,0,4
1217,1216,71,0,4
1217,1218,71,0,4
1217,1220,71,0,4
1217,1225,71,0,4
1217,1226,71,0,4
1217,1229,71,0,4
1217,1230,71,0,4
1217,1232,71,0,4
1217,1234,71,0,4
1217,1235,71,0,4
1217,1236,71,0,4
1217,1239,71,0,4
1217,1244,71,0,4
1217,1250,71,0,4
1217,1253,71,0,4
1221,1246,708,0,4
1222,1182,960,0,4
1222,1202,431,0,4
1222,1204,431,0,4
1222,1219,431,0,4
1222,1228,431,0,4
1222,1252,431,0,4
1227,1177,400,0,4
1227,1235,400,0,4
1228,1194,499,0,4
1233,1246,637,0,4
1234,1179,401,0,4
1235,1178,401,0,4
1235,1190,401,0,4
1235,1208,401,0,4
1235,1222,401,0,4
1235,1227,401,0,4
1235,1247,401,0,4
1235,1252,401,0,4
1236,1187,504,0,4
1238,1168,603,0,4
1238,1174,603,0,4
1238,1178,603,0,4
1238,1184,603,0,4
1238,1186,603,0,4
1238,1190,603,0,4
1238,1192,603,0,4
1238,1206,603,0,4
1238,1222,603,0,4
1238,1228,603,0,4
1238,1247,105,0,4
1238,1252,603,0,4
1241,1168,641,0,4
1244,1250,850,0,4
1246,1157,293,0,4
1246,1158,259,0,4
1246,1160,293,0,4
1246,1162,259,0,4
1246,1163,722,0,4
1246,1164,293,0,4
1246,1166,293,0,4
1246,1167,293,0,4
1246,1169,293,0,4
1246,1170,259,0,4
1246,1172,293,0,4
1246,1177,259,0,4
1246,1178,293,0,4
1246,1179,259,0,4
1246,1187,259,0,4
1246,1189,722,0,4
1246,1192,293,0,4
1246,1194,293,0,4
1246,1195,293,0,4
1246,1196,259,0,4
1246,1197,259,0,4
1246,1199,259,0,4
1246,1200,293,0,4
1246,1205,293,0,4
1246,1207,259,0,4
1246,1208,293,0,4
1246,1209,259,0,4
1246,1210,259,0,4
1246,1211,259,0,4
1246,1214,293,0,4
1246,1217,293,0,4
1246,1221,722,0,4
1246,1222,293,0,4
1246,1223,259,0,4
1246,1224,259,0,4
1246,1225,259,0,4
1246,1227,293,0,4
1246,1231,293,0,4
1246,1233,293,0,4
1246,1234,293,0,4
1246,1235,293,0,4
1246,1236,259,0,4
1246,1237,259,0,4
1246,1238,293,0,4
1246,1241,259,0,4
1246,1242,259,0,4
1246,1243,259,0,4
1246,1247,293,0,4
1246,1249,259,0,4
1246,1252,293,0,4
1246,1254,259,0,4
1246,1255,226,0,4
1247,1191,467,0,4
1247,1235,435,0,4
1247,1238,1125,0,4
1248,1188,682,0,4
1248,1253,682,0,4
1249,1168,273,0,4
1249,1173,673,0,4
1249,1175,673,0,4
1249,1181,673,0,4
1249,1198,673,0,4
1249,1200,606,0,4
1249,1201,673,0,4
1249,1203,673,0,4
1249,1240,240,0,4
1249,1245,240,0,4
1249,1255,640,0,4
1250,1206,29,0,4
1250,1244,850,0,4
1251,1207,208,0,4
1252,1235,466,0,4
1255,1246,173,0,4
1255,1249,639,0,4
