131,1167,132,2,1
136,1172,169,3,2
170,1202,171,1,1
171,1202,172,2,1
172,1202,173,2,1
173,1202,174,2,1
174,1202,175,2,1
175,1202,1202,4,0
176,1202,175,1,2
193,1202,194,2,1
196,1202,197,2,1
196,1227,230,3,0
203,1202,170,2,3
208,1248,207,1,2
210,1202,209,1,2
227,1202,228,2,1
230,1202,231,2,1
244,1202,243,1,2
266,1202,267,2,1
271,1167,237,0,3
278,1202,277,1,2
300,1202,301,2,1
301,1202,302,2,1
307,1230,341,3,0
312,1202,311,1,2
336,1202,337,2,1
337,1202,338,2,1
341,1167,307,0,3
346,1202,345,1,2
371,1202,372,2,1
380,1202,379,1,2
406,1202,407,2,1
407,1202,373,0,3
411,1167,377,0,3
414,1202,413,1,2
439,1163,440,2,1
441,1202,407,0,3
442,1202,408,0,2
448,1202,447,1,2
453,1167,454,2,1
476,1202,442,0,2
482,1202,481,1,2
487,1167,488,2,1
505,1167,504,1,2
512,1202,478,0,3
516,1202,515,1,2
520,1167,521,2,1
539,1167,538,1,2
540,1167,539,1,2
541,1167,540,1,2
542,1167,541,1,2
543,1167,542,1,2
544,1163,510,0,2
546,1202,512,0,3
547,1202,513,0,3
550,1202,549,1,2
554,1167,555,2,1
582,1202,548,0,3
583,1202,549,0,3
584,1202,583,1,2
588,1167,589,2,1
614,1163,580,0,3
616,1228,650,3,0
617,1202,583,0,3
618,1202,617,1,2
622,1167,623,2,1
651,1234,650,1,2
656,1167,657,2,1
656,1203,657,2,1
658,1163,659,2,1
674,1203,673,1,2
676,1163,675,1,2
679,1163,713,3,0
690,1167,691,2,1
690,1203,691,2,1
692,1163,693,2,1
708,1203,707,1,2
709,1203,708,1,2
710,1163,709,1,2
710,1203,709,1,2
711,1163,710,1,2
712,1163,711,1,2
713,1163,712,1,2
717,1167,751,3,0
724,1203,725,2,1
743,1156,742,1,2
758,1203,759,2,1
768,1232,802,3,0
782,1167,816,2,0
792,1203,793,2,1
808,1222,774,0,3
816,1167,850,2,0
824,1222,858,3,0
826,1203,827,2,1
854,1203,888,3,0
886,1250,852,0,3
887,1203,921,3,0
898,1250,864,0,3
899,1250,865,0,3
931,1220,897,0,3
954,1250,953,1,2
956,1163,990,3,0
982,1167,983,2,1
988,1250,987,1,2
1019,1203,1053,3,0
1021,1163,1055,3,0
1035,1213,1036,2,1
1085,1203,1086,2,1
1106,1203,1105,1,2
1121,1163,1155,3,0
1154,1225,32,3,3
1158,1168,242,0,4
1158,1202,209,0,4
1158,1203,209,0,4
1162,1202,241,0,4
1163,1159,709,0,4
1163,1161,709,0,4
1163,1165,709,0,4
1163,1168,709,0,4
1163,1174,309,0,4
1163,1176,709,0,4
1163,1185,709,0,4
1163,1188,709,0,4
1163,1193,709,0,4
1163,1212,709,0,4
1163,1213,709,0,4
1163,1216,709,0,4
1163,1218,709,0,4
1163,1220,709,0,4
1163,1226,709,0,4
1163,1230,709,0,4
1163,1232,709,0,4
1163,1239,709,0,4
1163,1244,709,0,4
1163,1246,709,0,4
1163,1248,709,0,4
1163,1250,709,0,4
1163,1253,709,0,4
1164,1171,402,0,4
1167,1156,537,0,4
1167,1158,537,0,4
1167,1162,537,0,4
1167,1163,537,0,4
1167,1176,537,0,4
1167,1179,537,0,4
1167,1187,537,0,4
1167,1189,537,0,4
1167,1194,72,0,4
1167,1196,537,0,4
1167,1199,72,0,4
1167,1207,537,0,4
1167,1209,537,0,4
1167,1211,537,0,4
1167,1221,537,0,4
1167,1223,537,0,4
1167,1224,537,0,4
1167,1237,537,0,4
1167,1241,537,0,4
1167,1243,537,0,4
1167,1249,537,0,4
1168,1158,258,0,4
1171,1164,606,0,4
1171,1202,174,0,4
1174,1163,294,0,4
1175,1202,175,0,4
1177,1240,136,0,4
1179,1202,241,0,4
1181,1202,175,0,4
1185,1213,654,0,4
1188,1205,94,0,4
1189,1200,675,0,4
1192,1232,571,0,4
1194,1167,72,0,4
1196,1167,640,0,4
1197,1202,174,0,4
1198,1202,175,0,4
1199,1167,208,0,4
1199,1202,209,0,4
1200,1189,538,0,4
1201,1202,175,0,4
1201,1241,640,0,4
1202,1158,175,0,4
1202,1162,175,0,4
1202,1171,175,0,4
1202,1175,175,0,4
1202,1179,175,0,4
1202,1181,175,0,4
1202,1197,175,0,4
1202,1198,175,0,4
1202,1199,175,0,4
1202,1201,175,0,4
1202,1203,175,0,4
1202,1207,175,0,4
1202,1211,175,0,4
1202,1223,175,0,4
1202,1224,175,0,4
1202,1242,175,0,4
1202,1243,175,0,4
1202,1246,175,0,4
1202,1251,175,0,4
1202,1254,175,0,4
1202,1255,175,0,4
1203,1156,673,0,4
1203,1158,209,0,4
1203,1161,673,0,4
1203,1163,673,0,4
1203,1165,673,0,4
1203,1176,673,0,4
1203,1185,673,0,4
1203,1187,673,0,4
1203,1188,673,0,4
1203,1189,673,0,4
1203,1193,673,0,4
1203,1202,175,0,4
1203,1209,673,0,4
1203,1212,673,0,4
1203,1213,673,0,4
1203,1216,673,0,4
1203,1218,673,0,4
1203,1220,673,0,4
1203,1221,673,0,4
1203,1223,209,0,4
1203,1226,673,0,4
1203,1230,673,0,4
1203,1232,673,0,4
1203,1237,673,0,4
1203,1239,673,0,4
1203,1244,673,0,4
1203,1248,673,0,4
1203,1249,208,0,4
1203,1250,673,0,4
1203,1253,673,0,4
1204,1221,671,0,4
1205,1188,36,0,4
1207,1202,209,0,4
1211,1167,606,0,4
1211,1202,174,0,4
1213,1185,719,0,4
1218,1239,1117,0,4
1221,1167,674,0,4
1221,1204,674,0,4
1223,1202,209,0,4
1223,1203,209,0,4
1224,1202,275,0,4
1232,1192,650,0,4
1239,1218,1117,0,4
1240,1177,148,0,4
1241,1201,641,0,4
1242,1202,175,0,4
1243,1202,208,0,4
1245,1253,82,0,4
1246,1202,228,0,4
1248,1163,683,0,4
1249,1203,208,0,4
1250,1172,852,0,4
1250,1178,952,0,4
1250,1190,952,0,4
1250,1222,952,0,4
1250,1231,852,0,4
1251,1202,175,0,4
1253,1245,94,0,4
1254,1202,229,0,4
1255,1202,175,0,4
