9,1188,1131,3,3
9,1253,1131,3,3
10,1160,44,2,0
10,1169,44,2,0
10,1175,44,2,0
10,1181,44,2,0
10,1192,44,2,0
10,1198,44,2,0
10,1200,44,2,0
10,1201,44,2,0
10,1203,44,2,0
10,1214,44,2,0
10,1217,44,2,0
10,1227,1132,3,3
10,1233,44,2,0
10,1238,44,2,0
10,1242,44,2,0
10,1251,44,2,0
10,1255,44,2,0
11,1157,45,2,0
11,1158,45,2,0
11,1163,45,2,0
11,1166,45,2,0
11,1167,45,2,0
11,1171,45,2,0
11,1189,45,2,0
11,1194,45,2,0
11,1196,45,2,0
11,1197,45,2,0
11,1199,45,2,0
11,1207,45,2,0
11,1211,45,2,0
11,1223,45,2,0
11,1236,45,2,0
11,1243,45,2,0
11,1247,1133,3,3
12,1156,46,2,0
12,1164,1134,3,3
12,1179,46,2,0
12,1187,46,2,0
12,1209,46,2,0
12,1234,1134,3,3
12,1237,46,2,0
12,1241,46,2,0
12,1249,46,2,0
13,1162,47,2,0
13,1210,1135,3,3
13,1224,47,2,0
13,1225,1135,3,3
29,1163,1151,3,3
40,1159,41,2,1
40,1174,41,2,1
40,1215,41,2,1
41,1182,42,2,1
41,1222,42,2,1
43,1173,77,3,0
43,1188,9,0,2
43,1191,77,3,0
43,1202,77,3,0
44,1175,78,3,0
44,1181,78,3,0
44,1198,78,3,0
44,1201,78,3,0
44,1203,78,3,0
44,1227,10,0,2
44,1233,78,3,0
44,1238,78,3,0
44,1242,78,3,0
44,1251,78,3,0
44,1255,78,3,0
46,1215,47,2,1
61,1173,27,0,2
63,1240,29,0,2
74,1246,40,0,3
78,1175,112,3,0
78,1181,112,3,0
78,1198,112,3,0
78,1201,112,3,0
78,1203,112,3,0
78,1227,44,0,3
78,1233,112,3,0
78,1238,112,3,0
78,1242,112,3,0
78,1251,112,3,0
78,1255,112,3,0
79,1158,113,3,0
79,1163,113,3,0
79,1166,113,3,0
79,1171,113,3,0
79,1189,113,3,0
79,1196,113,3,0
79,1197,113,3,0
79,1199,113,3,0
79,1205,45,0,3
79,1207,113,3,0
79,1208,45,0,3
79,1211,113,3,0
79,1221,113,3,0
79,1223,113,3,0
79,1243,113,3,0
79,1247,45,0,3
80,1156,114,3,0
80,1164,46,0,3
80,1179,114,3,0
80,1187,114,3,0
80,1195,46,0,3
80,1209,114,3,0
80,1234,46,0,3
80,1237,114,3,0
80,1241,114,3,0
80,1249,114,3,0
81,1162,115,3,0
81,1224,115,3,0
81,1225,47,0,3
106,1240,107,2,1
109,1222,110,2,1
111,1173,145,3,0
112,1175,146,3,0
112,1181,146,3,0
112,1198,146,3,0
112,1201,146,3,0
112,1203,146,3,0
112,1227,78,0,3
112,1242,146,3,0
112,1251,146,3,0
145,1184,111,0,3
145,1186,111,0,3
146,1160,112,0,3
146,1175,180,3,0
146,1181,180,3,0
146,1192,112,0,3
146,1198,180,3,0
146,1200,112,0,3
146,1201,180,3,0
146,1203,180,3,0
146,1214,112,0,3
146,1217,112,0,3
146,1227,112,0,3
146,1232,180,3,0
146,1242,180,3,0
146,1251,180,3,0
147,1158,181,3,0
147,1163,181,3,0
147,1167,113,0,3
147,1171,181,3,0
147,1176,181,3,0
147,1189,181,3,0
147,1196,181,3,0
147,1197,181,3,0
147,1199,181,3,0
147,1207,181,3,0
147,1208,113,0,3
147,1211,181,3,0
147,1221,181,3,0
147,1223,181,3,0
147,1243,181,3,0
147,1247,113,0,3
148,1156,182,3,0
148,1164,114,0,3
148,1179,182,3,0
148,1187,182,3,0
148,1195,114,0,3
148,1209,182,3,0
148,1234,114,0,3
148,1236,114,0,3
148,1237,182,3,0
148,1241,182,3,0
148,1249,182,3,0
149,1162,183,3,0
149,1224,183,3,0
150,1235,116,0,3
156,1210,157,2,1
174,1245,175,2,1
177,1222,178,2,1
179,1184,145,0,3
179,1186,145,0,3
180,1160,146,0,3
180,1161,214,3,0
180,1192,146,0,3
180,1200,146,0,3
180,1214,146,0,3
180,1217,146,0,3
180,1227,146,0,3
180,1232,214,3,0
210,1203,209,1,2
213,1184,179,0,3
213,1186,179,0,3
213,1191,179,0,3
213,1202,179,0,3
214,1160,180,0,3
214,1161,248,3,0
214,1200,180,0,3
214,1214,180,0,3
214,1217,180,0,3
214,1227,180,0,3
214,1232,248,3,0
214,1233,180,0,3
214,1238,180,0,3
215,1163,249,3,0
215,1166,181,0,3
215,1167,181,0,3
215,1169,181,0,3
215,1176,249,3,0
215,1189,249,3,0
215,1208,181,0,3
215,1216,249,3,0
215,1218,249,3,0
215,1221,249,3,0
215,1239,249,3,0
215,1247,181,0,3
215,1248,249,3,0
215,1255,181,0,3
216,1156,250,3,0
216,1157,182,0,3
216,1164,182,0,3
216,1179,250,3,0
216,1187,250,3,0
216,1194,182,0,3
216,1203,182,0,3
216,1209,250,3,0
216,1234,182,0,3
216,1236,182,0,3
216,1237,250,3,0
216,1241,250,3,0
216,1249,250,3,0
217,1162,251,3,0
217,1203,183,0,3
217,1224,251,3,0
218,1203,184,0,3
218,1235,184,0,3
219,1203,185,0,3
220,1203,186,0,3
221,1203,187,0,3
244,1185,245,2,1
244,1203,243,1,2
245,1222,246,2,1
247,1184,213,0,3
247,1186,213,0,3
247,1191,213,0,3
247,1202,213,0,3
248,1160,214,0,3
248,1161,282,3,0
248,1200,214,0,3
248,1214,214,0,3
248,1217,214,0,3
248,1227,214,0,3
248,1232,282,3,0
248,1233,214,0,3
248,1238,214,0,3
249,1203,248,1,2
266,1206,232,0,3
278,1203,277,1,2
281,1173,247,0,3
281,1184,247,0,3
281,1186,247,0,3
281,1191,247,0,3
282,1160,248,0,3
282,1161,316,3,0
282,1175,248,0,3
282,1181,248,0,3
282,1198,248,0,3
282,1200,248,0,3
282,1201,248,0,3
282,1214,248,0,3
282,1217,248,0,3
282,1227,248,0,3
282,1232,316,3,0
282,1233,248,0,3
282,1238,248,0,3
282,1242,248,0,3
282,1251,248,0,3
283,1166,249,0,3
283,1167,249,0,3
283,1169,249,0,3
283,1171,249,0,3
283,1176,317,3,0
283,1208,249,0,3
283,1213,317,3,0
283,1216,317,3,0
283,1218,317,3,0
283,1239,317,3,0
283,1247,249,0,3
283,1248,317,3,0
283,1255,249,0,3
284,1156,318,3,0
284,1157,250,0,3
284,1164,250,0,3
284,1194,250,0,3
284,1196,250,0,3
284,1226,318,3,0
284,1234,250,0,3
284,1243,250,0,3
286,1235,252,0,3
292,1235,293,2,1
293,1234,294,2,1
306,1224,307,1,1
309,1224,308,1,2
312,1185,313,2,1
312,1203,311,1,2
312,1215,313,2,1
313,1246,314,2,1
315,1173,281,0,3
315,1184,281,0,3
315,1186,281,0,3
315,1191,281,0,3
316,1160,282,0,3
316,1161,350,3,0
316,1175,282,0,3
316,1181,282,0,3
316,1198,282,0,3
316,1200,282,0,3
316,1201,282,0,3
316,1214,282,0,3
316,1217,282,0,3
316,1227,282,0,3
316,1232,350,3,0
316,1233,282,0,3
316,1238,282,0,3
316,1242,282,0,3
316,1251,282,0,3
317,1203,316,1,2
325,1203,359,3,0
325,1224,326,2,1
334,1159,300,0,3
334,1206,300,0,3
335,1168,301,0,3
338,1211,339,2,1
343,1224,342,1,2
346,1203,345,1,2
349,1173,315,0,3
349,1184,315,0,3
349,1186,315,0,3
349,1191,315,0,3
350,1160,316,0,3
350,1161,384,3,0
350,1175,316,0,3
350,1181,316,0,3
350,1198,316,0,3
350,1201,316,0,3
350,1214,316,0,3
350,1217,316,0,3
350,1227,316,0,3
350,1232,384,3,0
350,1233,316,0,3
350,1238,316,0,3
350,1242,316,0,3
350,1251,316,0,3
351,1166,317,0,3
351,1167,317,0,3
351,1169,317,0,3
351,1171,317,0,3
351,1176,385,3,0
351,1208,317,0,3
351,1213,385,3,0
351,1216,385,3,0
351,1218,385,3,0
351,1221,317,0,3
351,1239,385,3,0
351,1247,317,0,3
351,1248,385,3,0
351,1255,317,0,3
352,1157,318,0,3
352,1158,318,0,3
352,1163,318,0,3
352,1179,318,0,3
352,1194,318,0,3
352,1196,318,0,3
352,1199,318,0,3
352,1207,318,0,3
352,1223,318,0,3
352,1226,386,3,0
352,1230,386,3,0
352,1237,318,0,3
352,1243,318,0,3
352,1249,318,0,3
353,1165,387,3,0
353,1209,319,0,3
353,1212,387,3,0
353,1220,387,3,0
353,1241,319,0,3
353,1244,387,3,0
353,1250,387,3,0
354,1224,353,1,2
355,1224,354,1,2
356,1224,355,1,2
356,1229,357,2,1
357,1224,356,1,2
359,1224,360,2,1
361,1195,362,2,1
361,1205,362,2,1
362,1247,363,2,1
372,1211,373,2,1
380,1185,381,2,1
380,1203,379,1,2
380,1215,381,2,1
381,1246,382,2,1
383,1173,349,0,3
383,1184,349,0,3
383,1186,349,0,3
383,1191,349,0,3
384,1160,350,0,3
384,1161,418,3,0
384,1175,350,0,3
384,1181,350,0,3
384,1198,350,0,3
384,1201,350,0,3
384,1214,350,0,3
384,1217,350,0,3
384,1232,418,3,0
384,1233,350,0,3
384,1238,350,0,3
384,1242,350,0,3
384,1251,350,0,3
385,1203,384,1,2
388,1224,387,1,2
389,1224,388,1,2
390,1224,389,1,2
390,1229,391,2,1
391,1195,392,2,1
391,1224,390,1,2
402,1159,368,0,3
408,1224,374,0,2
414,1203,413,1,2
417,1173,383,0,3
417,1184,383,0,3
417,1186,383,0,3
417,1191,383,0,3
418,1160,384,0,3
418,1161,452,3,0
418,1175,384,0,3
418,1181,384,0,3
418,1198,384,0,3
418,1201,384,0,3
418,1214,384,0,3
418,1217,384,0,3
418,1232,452,3,0
418,1233,384,0,3
418,1238,384,0,3
418,1242,384,0,3
418,1251,384,0,3
419,1166,385,0,3
419,1167,385,0,3
419,1169,385,0,3
419,1171,385,0,3
419,1176,453,3,0
419,1213,453,3,0
419,1216,453,3,0
419,1218,453,3,0
419,1239,453,3,0
419,1248,453,3,0
419,1255,385,0,3
420,1156,386,0,3
420,1157,386,0,3
420,1158,386,0,3
420,1163,386,0,3
420,1189,386,0,3
420,1193,454,3,0
420,1194,386,0,3
420,1196,386,0,3
420,1199,386,0,3
420,1207,386,0,3
420,1223,386,0,3
420,1226,454,3,0
420,1230,454,3,0
420,1237,386,0,3
420,1243,386,0,3
420,1249,386,0,3
421,1165,455,3,0
421,1187,387,0,3
421,1209,387,0,3
421,1212,455,3,0
421,1220,455,3,0
421,1241,387,0,3
421,1244,455,3,0
421,1250,455,3,0
422,1162,388,0,3
423,1224,422,1,2
424,1224,423,1,2
424,1229,425,2,1
425,1224,424,1,2
429,1236,430,2,1
443,1211,409,0,3
448,1185,449,2,1
448,1203,447,1,2
448,1215,449,2,1
449,1246,450,2,1
451,1173,417,0,3
451,1184,417,0,3
451,1186,417,0,3
451,1191,417,0,3
452,1160,418,0,3
452,1161,486,3,0
452,1175,418,0,3
452,1181,418,0,3
452,1198,418,0,3
452,1201,418,0,3
452,1214,418,0,3
452,1217,418,0,3
452,1232,486,3,0
452,1233,418,0,3
452,1238,418,0,3
452,1251,418,0,3
453,1203,452,1,2
457,1224,456,1,2
458,1229,459,2,1
463,1193,464,2,1
470,1159,436,0,3
477,1211,443,0,3
482,1203,481,1,2
485,1173,451,0,3
485,1184,451,0,3
485,1186,451,0,3
485,1191,451,0,3
486,1160,452,0,3
486,1161,520,3,0
486,1175,452,0,3
486,1181,452,0,3
486,1198,452,0,3
486,1201,452,0,3
486,1214,452,0,3
486,1217,452,0,3
486,1232,520,3,0
486,1233,452,0,3
486,1238,452,0,3
487,1166,453,0,3
487,1169,453,0,3
487,1176,521,3,0
487,1213,521,3,0
487,1216,521,3,0
487,1218,521,3,0
487,1239,521,3,0
487,1248,521,3,0
487,1255,453,0,3
488,1156,454,0,3
488,1158,454,0,3
488,1163,454,0,3
488,1189,454,0,3
488,1193,522,3,0
488,1196,454,0,3
488,1199,454,0,3
488,1207,454,0,3
488,1223,454,0,3
488,1226,522,3,0
488,1230,522,3,0
488,1237,454,0,3
489,1165,523,3,0
489,1187,455,0,3
489,1212,523,3,0
489,1220,523,3,0
489,1241,455,0,3
489,1244,523,3,0
489,1250,523,3,0
490,1162,456,0,3
492,1224,491,1,2
492,1229,493,2,1
493,1163,527,3,0
513,1211,479,0,3
516,1174,517,2,1
516,1185,517,2,1
516,1203,515,1,2
516,1215,517,2,1
517,1222,518,2,1
517,1246,518,2,1
519,1173,485,0,3
519,1191,485,0,3
520,1161,554,3,0
520,1175,486,0,3
520,1181,486,0,3
520,1198,486,0,3
520,1201,486,0,3
520,1232,554,3,0
520,1233,486,0,3
521,1203,520,1,2
538,1159,504,0,3
543,1254,509,0,3
547,1211,513,0,3
548,1245,549,2,1
550,1203,549,1,2
553,1173,519,0,3
553,1191,519,0,3
554,1161,588,3,0
554,1175,520,0,3
554,1181,520,0,3
554,1198,520,0,3
554,1201,520,0,3
554,1232,588,3,0
554,1233,520,0,3
555,1176,589,3,0
555,1213,589,3,0
555,1216,589,3,0
555,1218,589,3,0
555,1239,589,3,0
555,1248,589,3,0
556,1158,522,0,3
556,1193,590,3,0
556,1196,522,0,3
556,1199,522,0,3
556,1207,522,0,3
556,1223,522,0,3
556,1225,590,3,0
556,1226,590,3,0
556,1230,590,3,0
557,1165,591,3,0
557,1187,523,0,3
557,1211,523,0,3
557,1212,591,3,0
557,1220,591,3,0
557,1244,591,3,0
557,1250,591,3,0
558,1162,524,0,3
560,1229,561,2,1
564,1179,565,2,1
564,1187,565,2,1
564,1209,565,2,1
564,1237,565,2,1
564,1241,565,2,1
565,1196,566,2,1
565,1211,566,2,1
565,1243,566,2,1
566,1197,567,2,1
566,1255,567,2,1
575,1211,574,1,2
584,1174,585,2,1
584,1185,585,2,1
584,1215,585,2,1
585,1222,586,2,1
585,1228,586,2,1
585,1246,586,2,1
587,1173,553,0,3
588,1161,622,3,0
588,1227,622,3,0
588,1247,622,3,0
597,1187,598,2,1
598,1187,599,2,1
606,1159,572,0,3
606,1190,572,0,3
608,1187,1187,4,0
615,1176,649,3,0
621,1173,587,0,3
622,1161,656,3,0
622,1227,656,3,0
622,1247,656,3,0
623,1164,657,3,0
623,1213,657,3,0
623,1216,657,3,0
623,1218,657,3,0
623,1234,657,3,0
623,1239,657,3,0
624,1193,658,3,0
624,1225,658,3,0
624,1226,658,3,0
624,1230,658,3,0
625,1165,659,3,0
625,1212,659,3,0
625,1220,659,3,0
625,1244,659,3,0
625,1250,659,3,0
633,1163,634,2,1
633,1189,634,2,1
633,1221,634,2,1
634,1242,635,2,1
641,1225,607,0,3
650,1206,651,2,1
651,1159,652,2,1
651,1240,652,2,1
652,1174,653,2,1
652,1215,653,2,1
653,1222,654,2,1
653,1228,654,2,1
653,1246,654,2,1
656,1227,690,3,0
656,1247,690,3,0
674,1190,640,0,3
690,1227,724,3,0
690,1232,656,0,3
690,1247,724,3,0
691,1164,725,3,0
691,1208,725,3,0
691,1213,725,3,0
691,1234,725,3,0
692,1176,658,0,3
692,1193,726,3,0
692,1210,726,3,0
692,1225,726,3,0
692,1226,726,3,0
692,1230,726,3,0
693,1165,727,3,0
693,1170,727,3,0
693,1212,727,3,0
693,1220,727,3,0
693,1235,727,3,0
693,1244,727,3,0
693,1250,727,3,0
698,1198,664,0,3
699,1223,700,2,1
700,1223,701,2,1
701,1223,702,2,1
702,1223,703,2,1
708,1201,674,0,3
708,1223,1223,4,0
709,1201,675,0,3
710,1201,676,0,3
711,1201,677,0,3
714,1177,748,2,0
721,1222,722,2,1
721,1228,722,2,1
723,1184,757,3,0
723,1186,757,3,0
724,1160,758,3,0
724,1192,758,3,0
724,1200,758,3,0
724,1214,758,3,0
724,1217,758,3,0
724,1227,758,3,0
724,1232,690,0,3
724,1247,758,3,0
737,1161,738,2,1
741,1161,742,2,1
742,1190,708,0,3
743,1161,777,3,0
757,1188,723,0,3
757,1253,723,0,3
758,1160,792,3,0
758,1161,724,0,3
758,1169,792,3,0
758,1192,792,3,0
758,1200,792,3,0
758,1214,792,3,0
758,1217,792,3,0
758,1227,792,3,0
758,1232,724,0,3
758,1247,792,3,0
759,1157,793,3,0
759,1164,793,3,0
759,1167,793,3,0
759,1194,793,3,0
759,1195,793,3,0
759,1208,793,3,0
759,1215,725,0,3
759,1234,793,3,0
759,1239,725,0,3
760,1176,726,0,3
760,1210,794,3,0
760,1215,726,0,3
760,1216,726,0,3
760,1218,726,0,3
760,1225,794,3,0
760,1248,726,0,3
761,1165,795,3,0
761,1170,795,3,0
761,1212,795,3,0
761,1215,727,0,3
761,1220,795,3,0
761,1235,795,3,0
761,1244,795,3,0
761,1250,795,3,0
762,1215,728,0,3
763,1215,729,0,3
771,1161,772,2,1
775,1161,776,2,1
777,1161,811,3,0
788,1159,789,2,1
788,1174,789,2,1
788,1215,789,2,1
789,1182,790,2,1
789,1185,790,2,1
789,1222,790,2,1
789,1228,790,2,1
791,1184,825,3,0
791,1186,825,3,0
791,1188,757,0,3
791,1191,825,3,0
791,1202,825,3,0
791,1253,757,0,3
792,1160,826,3,0
792,1161,758,0,3
792,1169,826,3,0
792,1192,826,3,0
792,1200,826,3,0
792,1214,826,3,0
792,1217,826,3,0
792,1227,826,3,0
792,1232,758,0,3
792,1233,826,3,0
792,1238,826,3,0
792,1247,826,3,0
793,1166,794,2,1
805,1161,806,2,1
809,1161,810,2,1
810,1190,776,0,3
813,1161,847,3,0
825,1188,791,0,3
825,1253,791,0,3
826,1160,860,3,0
826,1161,792,0,3
826,1169,860,3,0
826,1192,860,3,0
826,1200,860,3,0
826,1214,860,3,0
826,1217,860,3,0
826,1227,860,3,0
826,1232,792,0,3
826,1233,860,3,0
826,1238,860,3,0
826,1247,860,3,0
826,1255,860,3,0
827,1157,861,3,0
827,1164,861,3,0
827,1166,861,3,0
827,1167,861,3,0
827,1194,861,3,0
827,1195,861,3,0
827,1208,861,3,0
827,1213,793,0,3
827,1234,861,3,0
827,1239,793,0,3
828,1176,794,0,3
828,1210,862,3,0
828,1216,794,0,3
828,1218,794,0,3
828,1225,862,3,0
828,1248,794,0,3
829,1170,863,3,0
829,1193,795,0,3
829,1226,795,0,3
829,1235,863,3,0
839,1161,840,2,1
843,1161,844,2,1
856,1159,857,2,1
856,1174,857,2,1
856,1215,857,2,1
857,1182,858,2,1
857,1185,858,2,1
857,1222,858,2,1
857,1228,858,2,1
859,1173,893,3,0
859,1184,893,3,0
859,1186,893,3,0
859,1188,825,0,3
859,1191,893,3,0
859,1202,893,3,0
859,1253,825,0,3
860,1160,894,3,0
860,1161,826,0,3
860,1169,894,3,0
860,1175,894,3,0
860,1181,894,3,0
860,1192,894,3,0
860,1198,894,3,0
860,1200,894,3,0
860,1201,894,3,0
860,1203,894,3,0
860,1214,894,3,0
860,1217,894,3,0
860,1227,894,3,0
860,1233,894,3,0
860,1238,894,3,0
860,1242,894,3,0
860,1247,894,3,0
860,1251,894,3,0
860,1255,894,3,0
873,1161,874,2,1
877,1161,878,2,1
883,1161,917,3,0
893,1188,859,0,3
893,1253,859,0,3
894,1160,928,3,0
894,1161,860,0,3
894,1169,928,3,0
894,1175,928,3,0
894,1181,928,3,0
894,1192,928,3,0
894,1198,928,3,0
894,1200,928,3,0
894,1201,928,3,0
894,1203,928,3,0
894,1214,928,3,0
894,1217,928,3,0
894,1227,928,3,0
894,1233,928,3,0
894,1238,928,3,0
894,1242,928,3,0
894,1247,928,3,0
894,1251,928,3,0
894,1255,928,3,0
895,1157,929,3,0
895,1164,929,3,0
895,1166,929,3,0
895,1167,929,3,0
895,1171,929,3,0
895,1194,929,3,0
895,1195,929,3,0
895,1196,929,3,0
895,1199,929,3,0
895,1207,929,3,0
895,1208,929,3,0
895,1213,861,0,3
895,1234,929,3,0
895,1236,929,3,0
895,1239,861,0,3
896,1210,930,3,0
896,1216,862,0,3
896,1218,862,0,3
896,1225,930,3,0
896,1243,930,3,0
896,1248,862,0,3
897,1170,931,3,0
897,1193,863,0,3
897,1226,863,0,3
897,1235,931,3,0
898,1212,864,0,3
907,1161,908,2,1
911,1161,912,2,1
917,1161,951,3,0
924,1159,925,2,1
924,1174,925,2,1
924,1215,925,2,1
925,1182,926,2,1
925,1185,926,2,1
925,1228,926,2,1
927,1173,961,3,0
927,1184,961,3,0
927,1186,961,3,0
927,1188,893,0,3
927,1191,961,3,0
927,1202,961,3,0
927,1253,893,0,3
928,1160,962,3,0
928,1161,894,0,3
928,1169,962,3,0
928,1175,962,3,0
928,1181,962,3,0
928,1192,962,3,0
928,1198,962,3,0
928,1200,962,3,0
928,1201,962,3,0
928,1203,962,3,0
928,1214,962,3,0
928,1217,962,3,0
928,1227,962,3,0
928,1233,962,3,0
928,1238,962,3,0
928,1242,962,3,0
928,1247,962,3,0
928,1251,962,3,0
928,1255,962,3,0
941,1161,942,2,1
945,1161,946,2,1
957,1197,956,1,2
961,1188,927,0,3
961,1253,927,0,3
962,1160,996,3,0
962,1161,928,0,3
962,1169,996,3,0
962,1175,996,3,0
962,1181,996,3,0
962,1192,996,3,0
962,1198,996,3,0
962,1200,996,3,0
962,1201,996,3,0
962,1203,996,3,0
962,1214,996,3,0
962,1217,996,3,0
962,1227,996,3,0
962,1233,996,3,0
962,1238,996,3,0
962,1242,996,3,0
962,1247,996,3,0
962,1251,996,3,0
962,1255,996,3,0
963,1157,997,3,0
963,1158,997,3,0
963,1163,997,3,0
963,1164,997,3,0
963,1166,997,3,0
963,1167,997,3,0
963,1171,997,3,0
963,1194,997,3,0
963,1195,997,3,0
963,1196,997,3,0
963,1199,997,3,0
963,1207,997,3,0
963,1208,997,3,0
963,1213,929,0,3
963,1223,997,3,0
963,1234,997,3,0
963,1236,997,3,0
963,1239,929,0,3
963,1243,997,3,0
964,1187,998,3,0
964,1210,998,3,0
964,1216,930,0,3
964,1218,930,0,3
964,1225,998,3,0
964,1237,998,3,0
964,1241,998,3,0
964,1248,930,0,3
965,1162,999,3,0
965,1170,999,3,0
965,1226,931,0,3
965,1235,999,3,0
966,1165,932,0,3
966,1212,932,0,3
973,1176,974,2,1
975,1161,976,2,1
979,1161,980,2,1
984,1186,950,0,3
988,1161,987,1,2
991,1190,992,2,1
992,1159,993,2,1
992,1174,993,2,1
992,1215,993,2,1
993,1182,994,2,1
993,1185,994,2,1
993,1228,994,2,1
995,1173,1029,3,0
995,1184,1029,3,0
995,1186,1029,3,0
995,1188,961,0,3
995,1191,1029,3,0
995,1202,1029,3,0
995,1253,961,0,3
996,1160,1030,3,0
996,1161,962,0,3
996,1169,1030,3,0
996,1175,1030,3,0
996,1181,1030,3,0
996,1192,1030,3,0
996,1198,1030,3,0
996,1200,1030,3,0
996,1201,1030,3,0
996,1203,1030,3,0
996,1214,1030,3,0
996,1217,1030,3,0
996,1227,1030,3,0
996,1233,1030,3,0
996,1238,1030,3,0
996,1242,1030,3,0
996,1247,1030,3,0
996,1251,1030,3,0
996,1255,1030,3,0
1009,1161,1010,2,1
1013,1161,1014,2,1
1015,1240,981,0,3
1016,1245,982,0,3
1023,1161,1022,1,2
1029,1188,995,0,3
1029,1253,995,0,3
1030,1160,1064,3,0
1030,1161,996,0,3
1030,1169,1064,3,0
1030,1175,1064,3,0
1030,1181,1064,3,0
1030,1192,1064,3,0
1030,1198,1064,3,0
1030,1200,1064,3,0
1030,1201,1064,3,0
1030,1203,1064,3,0
1030,1214,1064,3,0
1030,1217,1064,3,0
1030,1227,1064,3,0
1030,1233,1064,3,0
1030,1238,1064,3,0
1030,1242,1064,3,0
1030,1247,1064,3,0
1030,1251,1064,3,0
1030,1255,1064,3,0
1031,1157,1065,3,0
1031,1158,1065,3,0
1031,1163,1065,3,0
1031,1164,1065,3,0
1031,1166,1065,3,0
1031,1167,1065,3,0
1031,1171,1065,3,0
1031,1189,1065,3,0
1031,1194,1065,3,0
1031,1195,1065,3,0
1031,1196,1065,3,0
1031,1197,1065,3,0
1031,1199,1065,3,0
1031,1205,1065,3,0
1031,1207,1065,3,0
1031,1208,1065,3,0
1031,1213,997,0,3
1031,1223,1065,3,0
1031,1234,1065,3,0
1031,1236,1065,3,0
1031,1239,997,0,3
1031,1243,1065,3,0
1032,1156,1066,3,0
1032,1187,1066,3,0
1032,1218,998,0,3
1032,1237,1066,3,0
1032,1241,1066,3,0
1032,1249,1066,3,0
1033,1162,1067,3,0
1033,1170,1067,3,0
1033,1224,1067,3,0
1033,1226,999,0,3
1033,1235,1067,3,0
1034,1165,1000,0,3
1040,1193,1041,2,1
1041,1216,1042,2,1
1048,1171,1014,0,3
1060,1159,1061,2,1
1060,1174,1061,2,1
1060,1215,1061,2,1
1061,1182,1062,2,1
1061,1185,1062,2,1
1061,1222,1062,2,1
1063,1173,1097,3,0
1063,1184,1097,3,0
1063,1186,1097,3,0
1063,1188,1029,0,3
1063,1191,1097,3,0
1063,1202,1097,3,0
1063,1253,1029,0,3
1064,1160,1098,3,0
1064,1161,1030,0,3
1064,1169,1098,3,0
1064,1175,1098,3,0
1064,1181,1098,3,0
1064,1192,1098,3,0
1064,1198,1098,3,0
1064,1200,1098,3,0
1064,1201,1098,3,0
1064,1203,1098,3,0
1064,1214,1098,3,0
1064,1217,1098,3,0
1064,1233,1098,3,0
1064,1238,1098,3,0
1064,1242,1098,3,0
1064,1251,1098,3,0
1064,1255,1098,3,0
1083,1240,1049,0,3
1088,1161,1121,3,2
1093,1161,1092,1,2
1094,1161,1093,1,2
1097,1188,1063,0,3
1097,1253,1063,0,3
1098,1160,1132,3,0
1098,1169,1132,3,0
1098,1175,1132,3,0
1098,1181,1132,3,0
1098,1192,1132,3,0
1098,1198,1132,3,0
1098,1200,1132,3,0
1098,1201,1132,3,0
1098,1203,1132,3,0
1098,1214,1132,3,0
1098,1217,1132,3,0
1098,1233,1132,3,0
1098,1238,1132,3,0
1098,1242,1132,3,0
1098,1251,1132,3,0
1098,1255,1132,3,0
1099,1157,1133,3,0
1099,1158,1133,3,0
1099,1163,1133,3,0
1099,1166,1133,3,0
1099,1167,1133,3,0
1099,1171,1133,3,0
1099,1189,1133,3,0
1099,1194,1133,3,0
1099,1195,1133,3,0
1099,1196,1133,3,0
1099,1197,1133,3,0
1099,1199,1133,3,0
1099,1205,1133,3,0
1099,1207,1133,3,0
1099,1208,1133,3,0
1099,1213,1065,0,3
1099,1223,1133,3,0
1099,1236,1133,3,0
1099,1243,1133,3,0
1100,1156,1134,3,0
1100,1179,1134,3,0
1100,1187,1134,3,0
1100,1209,1134,3,0
1100,1237,1134,3,0
1100,1241,1134,3,0
1100,1249,1134,3,0
1101,1162,1135,3,0
1101,1170,1135,3,0
1101,1210,1067,0,3
1101,1224,1135,3,0
1101,1235,1135,3,0
1102,1165,1068,0,3
1109,1226,1110,2,1
1109,1230,1110,2,1
1116,1161,1161,4,0
1117,1161,1116,1,2
1118,1161,1117,1,2
1119,1161,1118,1,2
1120,1161,1119,1,2
1121,1161,1120,1,2
1128,1159,1129,2,1
1128,1174,1129,2,1
1128,1215,1129,2,1
1129,1182,1130,2,1
1129,1185,1130,2,1
1129,1222,1130,2,1
1131,1173,9,3,3
1131,1184,9,3,3
1131,1186,9,3,3
1131,1188,1097,0,3
1131,1191,9,3,3
1131,1202,9,3,3
1131,1253,1097,0,3
1132,1160,10,3,3
1132,1169,10,3,3
1132,1175,10,3,3
1132,1181,10,3,3
1132,1192,10,3,3
1132,1198,10,3,3
1132,1200,10,3,3
1132,1201,10,3,3
1132,1203,10,3,3
1132,1214,10,3,3
1132,1217,10,3,3
1132,1233,10,3,3
1132,1238,10,3,3
1132,1242,10,3,3
1132,1251,10,3,3
1132,1255,10,3,3
1151,1201,1152,2,1
1151,1240,1117,0,3
1157,1184,73,0,4
1157,1196,140,0,4
1157,1236,505,0,4
1160,1194,73,0,4
1162,1243,241,0,4
1163,1207,276,0,4
1163,1224,643,0,4
1168,1205,293,0,4
1172,1219,959,0,4
1173,1198,707,0,4
1180,1210,1090,0,4
1182,1228,77,0,4
1184,1157,74,0,4
1187,1157,608,0,4
1187,1160,608,0,4
1187,1166,608,0,4
1187,1167,608,0,4
1187,1169,608,0,4
1187,1178,608,0,4
1187,1184,608,0,4
1187,1186,608,0,4
1187,1190,608,0,4
1187,1192,608,0,4
1187,1194,608,0,4
1187,1195,608,0,4
1187,1200,608,0,4
1187,1208,608,0,4
1187,1214,608,0,4
1187,1217,608,0,4
1187,1222,608,0,4
1187,1227,608,0,4
1187,1228,608,0,4
1187,1236,608,0,4
1187,1238,608,0,4
1187,1247,608,0,4
1187,1252,608,0,4
1194,1160,73,0,4
1194,1224,506,0,4
1194,1243,539,0,4
1195,1187,438,0,4
1196,1157,208,0,4
1198,1173,707,0,4
1201,1156,674,0,4
1203,1206,176,0,4
1205,1168,370,0,4
1207,1163,276,0,4
1210,1180,1090,0,4
1211,1255,208,0,4
1212,1244,1152,0,4
1215,1190,725,0,4
1219,1172,109,0,4
1221,1224,676,0,4
1221,1237,675,0,4
1223,1173,708,0,4
1223,1182,708,0,4
1224,1163,643,0,4
1224,1177,308,0,4
1224,1194,509,0,4
1224,1221,676,0,4
1228,1182,1062,0,4
1228,1252,1029,0,4
1236,1157,505,0,4
1237,1221,675,0,4
1238,1242,141,0,4
1242,1238,209,0,4
1243,1162,241,0,4
1243,1194,607,0,4
1244,1212,1152,0,4
1252,1228,1029,0,4
1255,1211,208,0,4
