87,1211,86,1,2
102,1214,103,1,1
104,1214,138,3,0
121,1211,120,1,2
123,1170,89,0,3
132,1214,133,2,1
136,1214,137,1,1
138,1214,172,3,0
142,1224,176,3,0
148,1211,147,1,2
155,1211,154,1,2
160,1164,194,3,0
166,1214,167,2,1
170,1214,171,1,1
172,1240,173,2,1
174,1214,208,3,0
182,1211,181,1,2
188,1240,1240,4,0
189,1211,188,1,2
190,1211,189,1,2
191,1211,190,1,2
192,1211,191,1,2
200,1214,201,2,1
204,1214,205,1,1
206,1240,207,2,1
216,1211,215,1,2
216,1240,182,0,3
222,1240,188,0,3
225,1216,259,3,0
234,1214,235,2,1
238,1214,239,1,1
240,1240,241,2,1
244,1214,278,3,0
250,1211,249,1,2
250,1240,216,0,3
256,1240,222,0,3
257,1211,256,1,2
268,1214,269,2,1
272,1214,273,1,1
274,1240,275,2,1
278,1214,312,3,0
282,1213,316,3,0
284,1211,283,1,2
284,1240,250,0,3
290,1240,256,0,3
291,1211,290,1,2
292,1211,291,1,2
299,1211,333,3,0
302,1214,303,2,1
306,1214,307,1,1
308,1240,309,2,1
318,1211,317,1,2
318,1240,284,0,3
324,1240,290,0,3
325,1211,324,1,2
326,1211,325,1,2
336,1214,337,2,1
340,1214,341,1,1
342,1240,343,2,1
352,1240,318,0,3
358,1240,324,0,3
359,1211,358,1,2
360,1211,359,1,2
365,1211,399,3,0
370,1214,371,2,1
374,1214,375,1,1
376,1240,377,2,1
379,1187,380,2,1
380,1208,379,1,2
386,1240,352,0,3
392,1240,358,0,3
393,1211,392,1,2
394,1211,393,1,2
398,1243,432,3,0
403,1206,402,1,2
404,1214,405,2,1
408,1214,409,1,1
410,1240,411,2,1
414,1199,415,2,1
414,1213,415,2,1
418,1214,417,1,2
420,1240,386,0,3
426,1240,392,0,3
428,1211,427,1,2
446,1213,447,2,1
447,1240,448,2,1
447,1244,413,0,3
452,1209,451,1,2
454,1214,453,1,2
454,1240,420,0,3
460,1240,426,0,3
462,1211,461,1,2
477,1214,1214,4,0
478,1214,477,1,2
479,1213,480,2,1
479,1214,478,1,2
480,1214,479,1,2
481,1214,480,1,2
481,1240,482,2,1
482,1214,481,1,2
483,1214,482,1,2
488,1240,454,0,3
489,1214,488,1,2
494,1240,460,0,3
496,1211,495,1,2
498,1211,499,2,1
517,1240,483,0,3
522,1240,488,0,3
528,1240,494,0,3
551,1240,517,0,3
556,1240,522,0,3
562,1240,528,0,3
569,1179,570,2,1
580,1237,614,3,0
587,1240,553,0,3
590,1240,556,0,3
596,1240,562,0,3
621,1240,587,0,3
624,1240,590,0,3
630,1240,596,0,3
658,1240,624,0,3
725,1213,1213,4,0
743,1213,744,2,1
757,1213,723,0,3
758,1213,724,0,3
759,1213,725,0,3
777,1213,778,2,1
785,1213,786,2,1
835,1236,869,3,0
855,1230,889,3,0
857,1230,823,0,3
858,1230,824,0,3
859,1230,825,0,3
889,1230,923,3,0
894,1230,860,0,3
924,1230,958,3,0
928,1230,894,0,3
942,1178,941,1,2
958,1165,992,3,0
959,1230,993,3,0
962,1230,928,0,3
973,1230,939,0,3
975,1211,976,2,1
988,1249,954,0,3
993,1209,1027,3,0
994,1230,993,1,2
996,1230,962,0,3
1007,1230,973,0,3
1027,1176,1026,1,2
1028,1230,1027,1,2
1030,1230,996,0,3
1041,1230,1007,0,3
1063,1230,1062,1,2
1088,1242,1054,0,2
1089,1171,1055,0,3
1114,1161,1115,2,1
1115,1211,1081,0,3
1158,1211,614,0,4
1165,1220,792,0,4
1168,1206,265,0,4
1171,1240,182,0,4
1173,1211,183,0,4
1175,1240,183,0,4
1176,1164,1023,0,4
1176,1170,1023,0,4
1176,1177,1023,0,4
1176,1180,1023,0,4
1176,1183,1023,0,4
1176,1195,1023,0,4
1176,1205,1023,0,4
1176,1208,1023,0,4
1176,1210,1023,0,4
1176,1225,1023,0,4
1176,1227,1023,0,4
1176,1228,1023,0,4
1176,1229,1023,0,4
1176,1234,1023,0,4
1176,1235,1023,0,4
1176,1247,1023,0,4
1176,1252,1023,0,4
1178,1245,934,0,4
1189,1236,283,0,4
1191,1213,613,0,4
1195,1247,376,0,4
1197,1240,182,0,4
1198,1240,183,0,4
1200,1202,510,0,4
1202,1200,612,0,4
1202,1217,612,0,4
1203,1240,183,0,4
1204,1213,679,0,4
1206,1168,265,0,4
1206,1178,265,0,4
1206,1222,265,0,4
1206,1227,265,0,4
1206,1247,265,0,4
1210,1230,140,0,4
1211,1158,614,0,4
1211,1173,181,0,4
1211,1223,614,0,4
1211,1240,181,0,4
1211,1241,248,0,4
1211,1245,181,0,4
1212,1213,759,0,4
1212,1216,1058,0,4
1213,1156,725,0,4
1213,1158,725,0,4
1213,1162,725,0,4
1213,1163,725,0,4
1213,1171,725,0,4
1213,1173,725,0,4
1213,1175,725,0,4
1213,1176,725,0,4
1213,1179,725,0,4
1213,1181,725,0,4
1213,1182,725,0,4
1213,1187,725,0,4
1213,1189,725,0,4
1213,1191,725,0,4
1213,1193,725,0,4
1213,1196,725,0,4
1213,1197,725,0,4
1213,1198,725,0,4
1213,1199,725,0,4
1213,1201,725,0,4
1213,1202,725,0,4
1213,1203,725,0,4
1213,1204,725,0,4
1213,1207,725,0,4
1213,1209,725,0,4
1213,1211,725,0,4
1213,1212,725,0,4
1213,1216,725,0,4
1213,1218,725,0,4
1213,1219,725,0,4
1213,1221,725,0,4
1213,1223,725,0,4
1213,1224,725,0,4
1213,1233,725,0,4
1213,1237,725,0,4
1213,1241,725,0,4
1213,1242,725,0,4
1213,1243,725,0,4
1213,1248,725,0,4
1213,1249,725,0,4
1213,1251,725,0,4
1213,1255,725,0,4
1214,1172,477,0,4
1214,1174,477,0,4
1214,1178,477,0,4
1214,1185,477,0,4
1214,1215,477,0,4
1214,1222,477,0,4
1214,1227,477,0,4
1214,1231,477,0,4
1214,1246,477,0,4
1214,1247,477,0,4
1214,1254,477,0,4
1216,1212,1057,0,4
1217,1202,510,0,4
1218,1213,725,0,4
1220,1165,792,0,4
1222,1214,406,0,4
1223,1211,614,0,4
1224,1180,448,0,4
1224,1183,448,0,4
1225,1230,1097,0,4
1225,1251,174,0,4
1230,1172,826,0,4
1230,1178,826,0,4
1230,1190,826,0,4
1230,1210,3,0,4
1230,1222,826,0,4
1230,1225,1092,0,4
1230,1227,1092,0,4
1230,1228,826,0,4
1230,1231,826,0,4
1230,1252,826,0,4
1233,1213,579,0,4
1235,1247,1099,0,4
1236,1189,112,0,4
1237,1233,614,0,4
1237,1238,614,0,4
1240,1156,188,0,4
1240,1158,188,0,4
1240,1162,188,0,4
1240,1163,188,0,4
1240,1171,188,0,4
1240,1173,188,0,4
1240,1175,188,0,4
1240,1179,188,0,4
1240,1181,188,0,4
1240,1187,188,0,4
1240,1189,188,0,4
1240,1196,188,0,4
1240,1197,188,0,4
1240,1198,188,0,4
1240,1199,188,0,4
1240,1201,188,0,4
1240,1203,188,0,4
1240,1207,188,0,4
1240,1209,188,0,4
1240,1211,188,0,4
1240,1221,188,0,4
1240,1223,188,0,4
1240,1224,188,0,4
1240,1237,188,0,4
1240,1241,188,0,4
1240,1242,188,0,4
1240,1243,188,0,4
1240,1249,188,0,4
1240,1251,188,0,4
1241,1211,248,0,4
1247,1195,375,0,4
1247,1214,409,0,4
1247,1235,1100,0,4
1248,1213,691,0,4
1251,1225,182,0,4
1255,1213,580,0,4
