51,1159,52,2,1
265,1206,231,0,3
293,1216,327,3,0
313,1224,347,3,0
334,1172,368,3,0
346,1224,347,2,1
347,1224,1224,4,0
357,1247,323,0,3
358,1196,324,0,3
370,1184,404,3,0
445,1220,446,2,1
448,1215,482,3,0
465,1189,499,3,0
499,1156,533,3,0
510,1190,476,0,2
510,1214,543,3,2
511,1190,477,0,3
512,1190,478,0,3
513,1190,479,0,3
514,1190,480,0,3
526,1214,527,2,1
529,1211,495,0,3
538,1190,537,1,2
539,1190,505,0,3
544,1190,510,0,2
544,1214,577,3,2
545,1214,544,1,1
546,1214,545,1,2
547,1214,546,1,2
548,1214,547,1,2
560,1214,561,2,1
572,1190,571,1,2
573,1190,539,0,3
578,1190,544,0,2
584,1183,618,3,0
594,1214,595,2,1
606,1190,605,1,2
607,1190,573,0,3
612,1190,578,0,2
628,1214,629,2,1
640,1190,639,1,2
641,1190,607,0,3
646,1190,612,0,2
659,1214,693,3,0
674,1190,673,1,2
680,1190,646,0,2
708,1190,707,1,2
714,1190,680,0,2
723,1167,757,3,0
731,1159,730,1,2
732,1159,698,0,3
733,1159,699,0,3
734,1159,700,0,3
742,1190,741,1,2
757,1214,791,3,0
776,1190,775,1,2
788,1220,789,2,1
789,1220,790,2,1
790,1220,1220,4,0
810,1190,809,1,2
844,1190,843,1,2
856,1176,822,0,3
862,1251,861,1,2
878,1190,877,1,2
889,1214,890,2,1
945,1195,944,1,2
968,1172,967,1,2
992,1248,991,1,2
1092,1224,1093,2,1
1134,1247,1133,1,2
1156,1209,315,0,4
1159,1190,698,0,4
1162,1190,513,0,4
1162,1209,580,0,4
1165,1226,758,0,4
1169,1214,80,0,4
1172,1159,371,0,4
1172,1174,371,0,4
1175,1194,612,0,4
1175,1214,148,0,4
1177,1225,75,0,4
1181,1214,148,0,4
1190,1156,505,0,4
1190,1158,505,0,4
1190,1160,505,0,4
1190,1162,505,0,4
1190,1163,505,0,4
1190,1166,505,0,4
1190,1169,505,0,4
1190,1171,505,0,4
1190,1173,537,0,4
1190,1175,505,0,4
1190,1179,505,0,4
1190,1181,505,0,4
1190,1182,537,0,4
1190,1184,505,0,4
1190,1186,505,0,4
1190,1187,505,0,4
1190,1189,505,0,4
1190,1191,505,0,4
1190,1192,505,0,4
1190,1196,505,0,4
1190,1197,505,0,4
1190,1198,505,0,4
1190,1199,505,0,4
1190,1200,505,0,4
1190,1201,505,0,4
1190,1202,505,0,4
1190,1203,505,0,4
1190,1204,537,0,4
1190,1207,505,0,4
1190,1209,505,0,4
1190,1211,505,0,4
1190,1214,505,0,4
1190,1217,505,0,4
1190,1219,537,0,4
1190,1221,505,0,4
1190,1223,505,0,4
1190,1224,505,0,4
1190,1233,505,0,4
1190,1237,505,0,4
1190,1238,505,0,4
1190,1241,505,0,4
1190,1242,537,0,4
1190,1243,505,0,4
1190,1249,505,0,4
1190,1251,505,0,4
1190,1255,505,0,4
1193,1220,790,0,4
1194,1175,510,0,4
1197,1234,545,0,4
1197,1249,214,0,4
1198,1214,148,0,4
1200,1190,476,0,4
1201,1214,148,0,4
1202,1190,645,0,4
1203,1214,148,0,4
1206,1159,231,0,4
1206,1174,231,0,4
1206,1215,231,0,4
1206,1221,563,0,4
1209,1156,314,0,4
1209,1162,580,0,4
1210,1220,139,0,4
1214,1156,577,0,4
1214,1158,577,0,4
1214,1162,577,0,4
1214,1163,577,0,4
1214,1169,46,0,4
1214,1171,577,0,4
1214,1175,46,0,4
1214,1176,543,0,4
1214,1179,577,0,4
1214,1181,46,0,4
1214,1187,577,0,4
1214,1189,577,0,4
1214,1196,577,0,4
1214,1197,577,0,4
1214,1198,46,0,4
1214,1199,577,0,4
1214,1201,46,0,4
1214,1203,46,0,4
1214,1207,577,0,4
1214,1209,577,0,4
1214,1211,577,0,4
1214,1221,577,0,4
1214,1223,577,0,4
1214,1224,577,0,4
1214,1237,577,0,4
1214,1241,577,0,4
1214,1243,577,0,4
1214,1248,543,0,4
1214,1249,577,0,4
1214,1251,577,0,4
1214,1255,79,0,4
1217,1190,476,0,4
1217,1234,476,0,4
1220,1156,790,0,4
1220,1158,790,0,4
1220,1162,790,0,4
1220,1163,790,0,4
1220,1171,790,0,4
1220,1173,790,0,4
1220,1175,790,0,4
1220,1179,790,0,4
1220,1181,790,0,4
1220,1182,790,0,4
1220,1187,790,0,4
1220,1189,790,0,4
1220,1193,790,0,4
1220,1196,790,0,4
1220,1197,790,0,4
1220,1198,790,0,4
1220,1199,790,0,4
1220,1201,790,0,4
1220,1202,790,0,4
1220,1203,790,0,4
1220,1204,790,0,4
1220,1207,790,0,4
1220,1209,790,0,4
1220,1210,2,0,4
1220,1211,790,0,4
1220,1221,790,0,4
1220,1223,790,0,4
1220,1224,790,0,4
1220,1237,790,0,4
1220,1241,790,0,4
1220,1242,790,0,4
1220,1243,790,0,4
1220,1249,790,0,4
1220,1251,790,0,4
1221,1206,282,0,4
1221,1234,614,0,4
1224,1159,347,0,4
1224,1164,347,0,4
1224,1170,347,0,4
1224,1172,347,0,4
1224,1174,347,0,4
1224,1177,347,0,4
1224,1180,347,0,4
1224,1183,347,0,4
1224,1210,347,0,4
1224,1215,347,0,4
1224,1225,347,0,4
1224,1229,347,0,4
1224,1231,347,0,4
1224,1234,347,0,4
1224,1235,347,0,4
1224,1246,347,0,4
1224,1254,347,0,4
1225,1177,1129,0,4
1226,1165,758,0,4
1234,1197,341,0,4
1234,1217,374,0,4
1234,1221,341,0,4
1241,1214,580,0,4
1243,1214,579,0,4
1249,1197,214,0,4
1255,1190,545,0,4
1255,1214,147,0,4
