5,1217,4,0,1
8,1186,7,0,1
9,1217,8,0,1
20,1197,21,1,0
21,1191,1143,3,3
23,1191,1145,3,3
24,1191,1146,3,3
28,1178,29,1,0
39,1217,38,1,2
49,1217,83,3,0
54,1197,55,2,1
69,1235,35,0,3
76,1172,42,0,3
79,1217,78,1,2
80,1217,79,1,2
81,1217,80,1,2
81,1235,47,0,3
82,1217,81,1,2
83,1217,82,1,2
88,1197,89,2,1
115,1210,81,0,3
122,1197,123,2,1
156,1197,157,2,1
156,1217,190,3,0
170,1197,204,2,0
171,1197,205,3,0
172,1197,206,3,0
172,1242,173,2,1
173,1242,174,2,1
174,1242,1242,4,0
180,1242,179,1,2
181,1242,180,1,2
188,1217,222,3,0
190,1197,191,2,1
202,1197,236,3,0
203,1197,237,3,0
206,1197,1197,4,0
224,1197,225,2,1
226,1191,260,3,0
234,1217,235,2,1
254,1217,288,3,0
257,1191,291,3,0
260,1191,294,3,0
279,1185,313,3,0
290,1206,256,0,3
291,1206,257,0,3
294,1191,328,3,0
301,1206,267,0,3
309,1189,308,1,2
318,1162,284,0,3
328,1191,362,3,0
343,1189,342,1,2
351,1189,350,1,2
352,1189,351,1,2
353,1189,352,1,2
354,1177,353,1,2
354,1189,353,1,2
355,1189,354,1,2
362,1191,396,3,0
385,1189,384,1,2
389,1191,423,3,0
396,1191,430,3,0
398,1178,432,3,0
399,1178,433,3,0
400,1178,434,3,0
401,1178,435,3,0
402,1178,436,3,0
403,1178,437,3,0
404,1178,438,3,0
405,1178,439,3,0
419,1189,418,1,2
420,1249,386,0,3
430,1191,464,3,0
431,1191,465,3,0
448,1178,449,2,1
449,1178,450,2,1
450,1178,451,2,1
457,1178,458,2,1
458,1178,459,2,1
458,1189,492,3,0
459,1178,460,2,1
460,1178,461,2,1
461,1178,462,2,1
462,1178,463,2,1
463,1178,464,2,1
464,1178,1178,4,0
464,1191,498,3,0
465,1191,499,3,0
466,1191,500,3,0
484,1178,485,2,1
489,1191,490,2,1
494,1250,493,1,2
496,1240,495,1,2
498,1191,532,3,0
499,1178,498,1,2
499,1191,533,3,0
500,1191,534,3,0
520,1178,521,2,1
521,1191,522,2,1
532,1191,566,3,0
533,1178,532,1,2
533,1191,567,3,0
534,1191,568,3,0
555,1178,556,2,1
556,1189,555,1,2
565,1213,566,2,1
565,1255,599,3,0
566,1191,600,3,0
567,1178,566,1,2
567,1191,601,3,0
568,1191,602,3,0
590,1189,589,1,2
591,1178,592,2,1
591,1189,592,2,1
600,1191,634,3,0
601,1178,600,1,2
601,1191,635,3,0
602,1191,636,3,0
610,1241,609,1,2
624,1189,623,1,2
625,1178,626,2,1
627,1191,661,3,0
628,1191,662,3,0
629,1191,663,3,0
630,1191,664,3,0
631,1191,665,3,0
632,1191,666,3,0
633,1191,667,3,0
634,1191,668,3,0
635,1178,634,1,2
635,1191,669,3,0
636,1191,670,3,0
642,1209,608,0,3
643,1209,609,0,3
644,1209,610,0,3
647,1183,646,1,1
661,1178,627,0,3
669,1178,668,1,2
670,1191,1191,4,0
695,1178,661,0,3
703,1178,702,1,2
703,1191,669,0,3
704,1191,670,0,3
719,1217,718,1,2
723,1217,722,1,2
724,1217,725,2,1
730,1178,696,0,3
737,1178,736,1,2
737,1191,703,0,3
738,1191,704,0,3
749,1193,750,2,1
753,1217,752,1,2
757,1217,756,1,2
759,1217,760,2,1
764,1178,730,0,3
765,1178,731,0,3
771,1178,770,1,2
771,1191,737,0,3
772,1191,738,0,3
787,1217,786,1,2
791,1191,792,2,1
791,1217,790,1,2
795,1217,796,2,1
800,1178,766,0,3
800,1216,834,3,0
801,1178,767,0,3
805,1178,804,1,2
805,1191,771,0,3
806,1191,772,0,3
821,1217,820,1,2
825,1217,824,1,2
835,1178,801,0,3
839,1178,838,1,2
839,1191,805,0,3
840,1191,806,0,3
855,1217,854,1,2
859,1217,858,1,2
863,1165,829,0,3
865,1217,831,0,3
871,1178,837,0,3
873,1178,872,1,2
873,1191,839,0,3
874,1191,840,0,3
881,1212,915,3,0
889,1217,888,1,2
893,1217,892,1,2
896,1191,897,2,1
905,1178,871,0,3
906,1178,872,0,3
907,1178,906,1,2
907,1191,873,0,3
908,1191,874,0,3
911,1190,877,0,3
918,1196,951,3,2
923,1217,922,1,2
925,1222,959,3,0
927,1217,926,1,2
932,1191,933,2,1
935,1217,901,0,3
941,1191,907,0,3
942,1191,908,0,3
951,1197,985,3,0
957,1217,956,1,2
961,1217,960,1,2
966,1191,967,2,1
969,1217,935,0,3
975,1191,941,0,3
976,1191,942,0,3
985,1197,1019,3,0
991,1217,990,1,2
995,1217,994,1,2
1009,1191,975,0,3
1010,1191,976,0,3
1025,1217,1024,1,2
1029,1217,1028,1,2
1040,1217,1006,0,3
1043,1191,1009,0,3
1044,1191,1010,0,3
1059,1217,1058,1,2
1063,1217,1062,1,2
1077,1191,1043,0,3
1078,1191,1044,0,3
1079,1178,1080,2,1
1093,1217,1092,1,2
1097,1217,1096,1,2
1106,1191,1072,0,3
1111,1191,1077,0,3
1112,1191,1078,0,3
1116,1249,1082,0,3
1127,1217,1126,1,2
1131,1217,1130,1,2
1142,1197,1143,2,1
1145,1191,1111,0,3
1146,1191,1112,0,3
1164,1242,1125,0,4
1165,1197,1151,0,4
1166,1242,140,0,4
1168,1191,657,0,4
1172,1182,958,0,4
1178,1164,432,0,4
1178,1170,432,0,4
1178,1177,432,0,4
1178,1234,432,0,4
1178,1235,432,0,4
1181,1203,672,0,4
1182,1188,109,0,4
1185,1253,653,0,4
1188,1182,125,0,4
1188,1197,126,0,4
1191,1159,670,0,4
1191,1168,670,0,4
1191,1174,670,0,4
1191,1182,670,0,4
1191,1190,670,0,4
1191,1204,670,0,4
1191,1206,670,0,4
1191,1215,670,0,4
1191,1219,670,0,4
1191,1222,670,0,4
1191,1228,670,0,4
1191,1246,670,0,4
1191,1252,670,0,4
1195,1197,103,0,4
1197,1165,206,0,4
1197,1170,206,0,4
1197,1177,206,0,4
1197,1180,206,0,4
1197,1183,206,0,4
1197,1188,206,0,4
1197,1195,206,0,4
1197,1205,206,0,4
1197,1210,206,0,4
1197,1220,206,0,4
1197,1225,206,0,4
1197,1229,206,0,4
1197,1234,206,0,4
1197,1235,206,0,4
1197,1236,206,0,4
1197,1244,206,0,4
1197,1246,206,0,4
1197,1250,206,0,4
1197,1254,206,0,4
1198,1203,672,0,4
1203,1181,672,0,4
1203,1198,672,0,4
1204,1191,670,0,4
1206,1157,257,0,4
1206,1159,257,0,4
1206,1160,257,0,4
1206,1164,257,0,4
1206,1167,257,0,4
1206,1170,257,0,4
1206,1172,257,0,4
1206,1178,257,0,4
1206,1190,257,0,4
1206,1194,257,0,4
1206,1195,257,0,4
1206,1200,257,0,4
1206,1205,257,0,4
1206,1208,257,0,4
1206,1214,257,0,4
1206,1217,257,0,4
1206,1222,257,0,4
1206,1227,257,0,4
1206,1228,257,0,4
1206,1231,257,0,4
1206,1234,257,0,4
1206,1235,257,0,4
1206,1236,257,0,4
1206,1247,257,0,4
1206,1252,257,0,4
1208,1242,4,0,4
1209,1161,608,0,4
1209,1165,608,0,4
1209,1168,608,0,4
1209,1176,608,0,4
1209,1185,608,0,4
1209,1188,608,0,4
1209,1193,608,0,4
1209,1206,608,0,4
1209,1212,608,0,4
1209,1213,608,0,4
1209,1216,608,0,4
1209,1218,608,0,4
1209,1220,608,0,4
1209,1226,608,0,4
1209,1230,608,0,4
1209,1232,608,0,4
1209,1239,608,0,4
1209,1244,608,0,4
1209,1248,608,0,4
1209,1250,608,0,4
1209,1253,608,0,4
1210,1197,233,0,4
1217,1240,72,0,4
1217,1245,72,0,4
1219,1191,670,0,4
1220,1197,1151,0,4
1222,1191,464,0,4
1234,1197,2,0,4
1234,1242,1125,0,4
1235,1157,35,0,4
1235,1158,35,0,4
1235,1166,35,0,4
1235,1169,35,0,4
1235,1171,35,0,4
1235,1173,35,0,4
1235,1175,35,0,4
1235,1181,35,0,4
1235,1182,35,0,4
1235,1191,35,0,4
1235,1192,35,0,4
1235,1194,35,0,4
1235,1196,35,0,4
1235,1197,35,0,4
1235,1198,35,0,4
1235,1199,35,0,4
1235,1201,35,0,4
1235,1202,35,0,4
1235,1203,35,0,4
1235,1204,35,0,4
1235,1207,35,0,4
1235,1211,35,0,4
1235,1219,35,0,4
1235,1223,35,0,4
1235,1233,35,0,4
1235,1237,35,0,4
1235,1238,35,0,4
1235,1240,35,0,4
1235,1242,35,0,4
1235,1243,35,0,4
1235,1245,35,0,4
1235,1249,35,0,4
1235,1251,35,0,4
1235,1255,35,0,4
1236,1197,138,0,4
1238,1242,140,0,4
1242,1157,174,0,4
1242,1164,174,0,4
1242,1166,174,0,4
1242,1167,174,0,4
1242,1169,174,0,4
1242,1194,174,0,4
1242,1200,174,0,4
1242,1208,174,0,4
1242,1234,174,0,4
1242,1236,174,0,4
1242,1238,174,0,4
1242,1240,174,0,4
1242,1245,174,0,4
1242,1247,174,0,4
1244,1197,29,0,4
1245,1217,113,0,4
1247,1242,1126,0,4
1250,1197,1119,0,4
1253,1185,687,0,4
