2,1206,3,1,0
20,1206,19,0,1
26,1206,25,0,1
36,1206,37,2,1
54,1206,53,1,2
60,1206,59,1,2
70,1206,71,2,1
88,1206,87,1,2
94,1206,93,1,2
104,1206,105,2,1
113,1212,112,1,2
122,1206,121,1,2
128,1206,127,1,2
138,1206,139,2,1
140,1181,139,1,2
156,1206,155,1,2
162,1206,161,1,2
167,1183,133,0,3
172,1206,173,2,1
190,1206,189,1,2
196,1206,195,1,2
206,1206,207,2,1
224,1206,223,1,2
231,1170,265,3,0
239,1206,240,2,1
258,1206,257,1,2
264,1206,263,1,2
265,1206,264,1,2
266,1206,265,1,2
267,1206,266,1,2
268,1206,267,1,2
269,1206,268,1,2
273,1206,274,2,1
275,1181,241,0,3
292,1175,293,2,1
298,1175,332,3,0
299,1206,298,1,2
300,1206,299,1,2
301,1206,300,1,2
326,1175,327,2,1
332,1175,366,3,0
333,1206,332,1,2
344,1217,343,1,2
358,1249,392,3,0
360,1175,361,2,1
365,1175,366,2,1
366,1175,400,3,0
367,1206,366,1,2
373,1220,407,3,0
392,1249,426,3,0
394,1175,395,2,1
399,1175,400,2,1
400,1175,434,3,0
425,1156,459,3,0
426,1211,427,2,1
426,1249,460,3,0
428,1175,429,2,1
433,1175,434,2,1
434,1175,468,3,0
435,1249,469,3,0
444,1163,443,1,2
462,1175,463,2,1
467,1175,468,2,1
468,1175,502,3,0
469,1249,503,3,0
496,1175,497,2,1
501,1175,502,2,1
502,1175,536,3,0
505,1220,506,2,1
514,1185,515,2,1
530,1175,531,2,1
535,1175,536,2,1
536,1175,570,3,0
564,1175,565,2,1
564,1203,565,2,1
569,1175,570,2,1
570,1175,604,3,0
571,1179,605,3,0
594,1249,595,2,1
595,1249,596,2,1
596,1249,597,2,1
603,1175,604,2,1
604,1175,638,3,0
605,1249,1249,4,0
638,1175,1175,4,0
706,1254,672,0,3
782,1220,816,2,0
816,1220,1220,4,0
823,1254,822,1,2
847,1220,848,2,1
848,1220,849,2,1
849,1220,816,2,3
910,1206,909,1,2
911,1206,912,2,1
944,1206,943,1,2
947,1206,948,2,1
978,1206,977,1,2
1012,1206,1011,1,2
1013,1230,1047,3,0
1021,1225,1022,2,1
1038,1184,1037,1,2
1046,1206,1045,1,2
1074,1206,1073,1,2
1080,1206,1079,1,2
1087,1206,1053,0,3
1092,1200,1091,1,2
1103,1218,1104,2,1
1108,1206,1107,1,2
1111,1172,1145,3,0
1114,1206,1113,1,2
1114,1222,1148,3,0
1124,1206,1090,0,3
1139,1209,1138,1,2
1142,1206,1141,1,2
1148,1206,1147,1,2
1157,1175,570,0,4
1158,1162,273,0,4
1161,1239,1147,0,4
1162,1158,273,0,4
1166,1175,604,0,4
1167,1175,536,0,4
1169,1175,604,0,4
1170,1206,333,0,4
1174,1175,293,0,4
1175,1157,638,0,4
1175,1160,638,0,4
1175,1166,638,0,4
1175,1167,638,0,4
1175,1169,638,0,4
1175,1172,638,0,4
1175,1174,638,0,4
1175,1178,638,0,4
1175,1184,638,0,4
1175,1186,638,0,4
1175,1190,638,0,4
1175,1200,638,0,4
1175,1208,638,0,4
1175,1214,638,0,4
1175,1215,638,0,4
1175,1217,638,0,4
1175,1222,638,0,4
1175,1227,638,0,4
1175,1228,638,0,4
1175,1231,638,0,4
1175,1236,638,0,4
1175,1238,638,0,4
1175,1247,638,0,4
1175,1252,638,0,4
1177,1183,134,0,4
1179,1192,639,0,4
1179,1200,639,0,4
1179,1214,639,0,4
1179,1217,639,0,4
1179,1237,273,0,4
1183,1156,133,0,4
1183,1158,133,0,4
1183,1162,133,0,4
1183,1163,133,0,4
1183,1171,133,0,4
1183,1173,133,0,4
1183,1175,133,0,4
1183,1177,133,0,4
1183,1179,133,0,4
1183,1181,133,0,4
1183,1187,133,0,4
1183,1189,133,0,4
1183,1191,133,0,4
1183,1196,133,0,4
1183,1197,133,0,4
1183,1198,133,0,4
1183,1199,133,0,4
1183,1201,133,0,4
1183,1202,133,0,4
1183,1203,133,0,4
1183,1207,133,0,4
1183,1209,133,0,4
1183,1211,133,0,4
1183,1221,133,0,4
1183,1223,133,0,4
1183,1224,133,0,4
1183,1233,133,0,4
1183,1237,133,0,4
1183,1238,133,0,4
1183,1240,133,0,4
1183,1241,133,0,4
1183,1242,133,0,4
1183,1243,133,0,4
1183,1249,133,0,4
1183,1251,133,0,4
1183,1255,133,0,4
1200,1175,570,0,4
1204,1220,670,0,4
1205,1206,401,0,4
1206,1164,290,0,4
1206,1170,290,0,4
1206,1174,256,0,4
1206,1177,223,0,4
1206,1180,223,0,4
1206,1183,223,0,4
1206,1205,290,0,4
1206,1210,223,0,4
1206,1211,622,0,4
1206,1215,256,0,4
1206,1225,256,0,4
1206,1229,223,0,4
1206,1234,290,0,4
1206,1235,290,0,4
1206,1244,655,0,4
1206,1246,256,0,4
1206,1254,256,0,4
1207,1243,672,0,4
1208,1175,468,0,4
1211,1206,639,0,4
1211,1219,206,0,4
1214,1175,570,0,4
1215,1175,293,0,4
1217,1175,570,0,4
1219,1211,141,0,4
1220,1156,816,0,4
1220,1158,816,0,4
1220,1162,816,0,4
1220,1163,816,0,4
1220,1171,816,0,4
1220,1173,816,0,4
1220,1175,816,0,4
1220,1179,816,0,4
1220,1181,816,0,4
1220,1182,816,0,4
1220,1187,816,0,4
1220,1189,816,0,4
1220,1196,816,0,4
1220,1197,816,0,4
1220,1198,816,0,4
1220,1199,816,0,4
1220,1201,816,0,4
1220,1203,816,0,4
1220,1204,816,0,4
1220,1207,816,0,4
1220,1209,816,0,4
1220,1211,816,0,4
1220,1219,816,0,4
1220,1221,816,0,4
1220,1223,816,0,4
1220,1224,816,0,4
1220,1237,816,0,4
1220,1241,816,0,4
1220,1242,816,0,4
1220,1243,816,0,4
1220,1249,816,0,4
1220,1251,816,0,4
1222,1175,430,0,4
1223,1243,639,0,4
1225,1206,265,0,4
1235,1206,334,0,4
1236,1175,536,0,4
1237,1179,273,0,4
1238,1175,604,0,4
1238,1183,105,0,4
1239,1161,1147,0,4
1243,1207,672,0,4
1243,1223,639,0,4
1244,1206,783,0,4
1247,1175,467,0,4
1247,1249,467,0,4
1249,1157,605,0,4
1249,1160,605,0,4
1249,1166,605,0,4
1249,1167,605,0,4
1249,1169,605,0,4
1249,1178,605,0,4
1249,1184,605,0,4
1249,1186,605,0,4
1249,1190,605,0,4
1249,1192,605,0,4
1249,1194,605,0,4
1249,1200,605,0,4
1249,1208,605,0,4
1249,1214,605,0,4
1249,1217,605,0,4
1249,1222,605,0,4
1249,1227,605,0,4
1249,1228,605,0,4
1249,1238,605,0,4
1249,1247,605,0,4
1249,1252,605,0,4
1254,1182,822,0,4
1254,1206,260,0,4
