3,1208,1208,4,0
5,1198,4,0,1
9,1198,8,0,1
16,1240,1138,3,3
19,1240,18,0,1
21,1208,22,1,0
24,1222,23,0,1
27,1156,1149,3,3
30,1222,31,1,0
39,1198,38,1,2
43,1198,42,1,2
51,1240,17,0,2
53,1240,52,1,2
58,1222,57,1,2
63,1208,64,2,1
66,1222,32,0,2
73,1198,72,1,2
77,1198,76,1,2
85,1240,51,0,3
86,1240,52,0,3
87,1228,121,3,0
87,1240,86,1,2
88,1240,87,1,2
92,1222,91,1,2
96,1240,95,1,2
100,1222,66,0,3
107,1198,106,1,2
111,1198,110,1,2
119,1228,153,3,0
126,1222,125,1,2
133,1208,134,2,1
141,1198,140,1,2
145,1198,144,1,2
160,1222,159,1,2
175,1198,174,1,2
180,1198,214,3,0
181,1198,215,3,0
182,1198,216,3,0
183,1198,217,3,0
184,1198,218,3,0
185,1198,219,3,0
194,1222,193,1,2
201,1180,200,1,2
202,1180,168,0,3
206,1222,172,0,3
219,1228,253,3,0
220,1195,254,3,0
228,1222,227,1,2
235,1180,234,1,2
238,1208,204,0,2
242,1222,208,0,3
246,1202,212,0,3
262,1222,261,1,2
285,1228,286,2,1
296,1222,295,1,2
308,1208,274,0,3
312,1222,313,2,1
317,1228,318,2,1
325,1211,326,2,1
330,1222,329,1,2
346,1222,347,2,1
364,1222,363,1,2
370,1196,371,2,1
373,1224,407,3,0
380,1222,381,2,1
391,1224,392,2,1
398,1222,397,1,2
399,1222,398,1,2
400,1222,399,1,2
401,1197,435,3,0
401,1222,400,1,2
402,1222,401,1,2
403,1222,402,1,2
407,1224,441,3,0
414,1222,415,2,1
432,1222,431,1,2
440,1224,441,2,1
441,1224,1224,4,0
466,1222,465,1,2
481,1222,515,3,0
500,1222,499,1,2
501,1222,500,1,2
509,1196,475,0,3
528,1162,529,2,1
534,1222,533,1,2
535,1222,534,1,2
538,1156,572,3,0
545,1196,511,0,3
568,1222,567,1,2
569,1222,568,1,2
588,1181,554,0,3
589,1196,590,2,1
602,1222,601,1,2
603,1222,602,1,2
607,1196,606,1,2
622,1228,623,2,1
623,1196,624,2,1
636,1222,635,1,2
637,1222,636,1,2
641,1196,640,1,2
656,1196,657,2,1
658,1228,659,2,1
661,1239,660,1,2
670,1222,669,1,2
671,1222,670,1,2
675,1196,674,1,2
676,1196,675,1,2
677,1196,676,1,2
678,1196,677,1,2
690,1196,691,2,1
704,1222,703,1,2
705,1222,704,1,2
713,1176,679,0,3
714,1208,748,2,0
724,1196,725,2,1
738,1222,737,1,2
739,1222,738,1,2
758,1196,759,2,1
772,1222,771,1,2
773,1222,772,1,2
779,1222,780,2,1
792,1196,793,2,1
798,1228,764,0,3
806,1222,805,1,2
807,1222,806,1,2
826,1196,827,2,1
832,1228,798,0,3
840,1222,839,1,2
841,1222,840,1,2
854,1196,888,3,0
855,1198,854,1,2
859,1198,858,1,2
860,1196,894,3,0
860,1198,861,2,1
862,1171,863,2,1
864,1165,830,0,3
874,1222,873,1,2
875,1222,874,1,2
889,1198,888,1,2
893,1198,892,1,2
895,1198,896,2,1
902,1228,868,0,3
908,1222,907,1,2
909,1222,908,1,2
910,1222,911,2,1
914,1208,915,2,1
918,1196,952,2,0
921,1237,920,1,2
923,1198,922,1,2
927,1198,926,1,2
949,1214,950,2,1
952,1196,986,2,0
957,1198,956,1,2
961,1198,960,1,2
973,1228,939,0,3
978,1208,979,2,1
988,1240,989,2,1
991,1198,990,1,2
995,1198,994,1,2
998,1240,999,2,1
1001,1240,1002,2,1
1002,1240,1003,2,1
1003,1240,1004,2,1
1004,1240,1240,4,0
1005,1240,1004,1,2
1007,1208,1008,2,1
1025,1198,1024,1,2
1029,1198,1028,1,2
1029,1228,1028,1,2
1032,1240,1033,2,1
1033,1240,1034,2,1
1039,1240,1038,1,2
1041,1208,1042,2,1
1059,1198,1058,1,2
1063,1198,1062,1,2
1063,1228,1062,1,2
1064,1228,1063,1,2
1065,1228,1064,1,2
1066,1228,1065,1,2
1067,1228,1066,1,2
1068,1240,1069,2,1
1071,1198,1037,0,3
1073,1240,1072,1,2
1075,1208,1076,2,1
1078,1222,1077,1,2
1093,1198,1092,1,2
1097,1198,1096,1,2
1102,1240,1103,2,1
1107,1240,1106,1,2
1109,1208,1110,2,1
1112,1222,1111,1,2
1118,1196,1119,2,1
1122,1208,0,2,3
1123,1208,1,3,3
1124,1208,2,3,3
1125,1208,3,3,3
1127,1198,1126,1,2
1131,1198,1130,1,2
1135,1205,13,3,3
1138,1240,1104,0,3
1141,1175,1140,1,2
1141,1203,1140,1,2
1141,1240,1140,1,2
1143,1208,1144,2,1
1146,1222,1145,1,2
1154,1208,32,3,3
1155,1208,33,3,3
1156,1157,708,0,4
1156,1160,708,0,4
1156,1167,708,0,4
1156,1190,708,0,4
1156,1194,708,0,4
1156,1196,708,0,4
1156,1228,708,0,4
1162,1235,574,0,4
1170,1179,302,0,4
1179,1170,274,0,4
1179,1209,274,0,4
1180,1156,168,0,4
1180,1158,168,0,4
1180,1162,168,0,4
1180,1163,168,0,4
1180,1171,168,0,4
1180,1173,168,0,4
1180,1175,168,0,4
1180,1179,168,0,4
1180,1181,168,0,4
1180,1187,168,0,4
1180,1189,168,0,4
1180,1196,168,0,4
1180,1197,168,0,4
1180,1198,168,0,4
1180,1199,168,0,4
1180,1201,168,0,4
1180,1203,168,0,4
1180,1207,168,0,4
1180,1208,0,0,4
1180,1209,168,0,4
1180,1211,168,0,4
1180,1221,168,0,4
1180,1223,168,0,4
1180,1224,168,0,4
1180,1237,168,0,4
1180,1241,168,0,4
1180,1242,168,0,4
1180,1243,168,0,4
1180,1249,168,0,4
1180,1251,168,0,4
1180,1255,168,0,4
1183,1208,0,0,4
1187,1196,275,0,4
1194,1200,72,0,4
1196,1156,673,0,4
1196,1161,673,0,4
1196,1165,673,0,4
1196,1176,673,0,4
1196,1185,673,0,4
1196,1187,241,0,4
1196,1188,673,0,4
1196,1193,673,0,4
1196,1209,240,0,4
1196,1212,673,0,4
1196,1213,673,0,4
1196,1216,673,0,4
1196,1218,673,0,4
1196,1220,673,0,4
1196,1224,240,0,4
1196,1226,673,0,4
1196,1230,673,0,4
1196,1232,673,0,4
1196,1237,640,0,4
1196,1239,673,0,4
1196,1241,240,0,4
1196,1244,207,0,4
1196,1248,673,0,4
1196,1250,673,0,4
1196,1253,673,0,4
1198,1240,209,0,4
1198,1245,209,0,4
1199,1203,208,0,4
1200,1194,72,0,4
1203,1199,208,0,4
1208,1161,3,0,4
1208,1165,3,0,4
1208,1170,3,0,4
1208,1176,3,0,4
1208,1177,3,0,4
1208,1180,3,0,4
1208,1183,3,0,4
1208,1193,3,0,4
1208,1210,3,0,4
1208,1212,3,0,4
1208,1213,3,0,4
1208,1216,3,0,4
1208,1218,3,0,4
1208,1220,3,0,4
1208,1225,3,0,4
1208,1226,3,0,4
1208,1229,3,0,4
1208,1230,3,0,4
1208,1232,3,0,4
1208,1239,3,0,4
1208,1244,3,0,4
1208,1248,3,0,4
1208,1250,3,0,4
1209,1179,274,0,4
1209,1196,274,0,4
1209,1243,274,0,4
1212,1230,1118,0,4
1222,1156,431,0,4
1222,1157,431,0,4
1222,1158,431,0,4
1222,1160,431,0,4
1222,1162,431,0,4
1222,1163,431,0,4
1222,1164,397,0,4
1222,1166,431,0,4
1222,1167,431,0,4
1222,1169,431,0,4
1222,1170,397,0,4
1222,1171,431,0,4
1222,1173,431,0,4
1222,1175,431,0,4
1222,1177,431,0,4
1222,1179,431,0,4
1222,1181,431,0,4
1222,1184,431,0,4
1222,1186,431,0,4
1222,1187,431,0,4
1222,1189,431,0,4
1222,1191,431,0,4
1222,1192,431,0,4
1222,1194,431,0,4
1222,1195,431,0,4
1222,1196,431,0,4
1222,1197,431,0,4
1222,1198,431,0,4
1222,1199,431,0,4
1222,1200,431,0,4
1222,1201,431,0,4
1222,1202,464,0,4
1222,1203,431,0,4
1222,1204,464,0,4
1222,1205,431,0,4
1222,1207,431,0,4
1222,1208,431,0,4
1222,1209,431,0,4
1222,1211,431,0,4
1222,1214,431,0,4
1222,1217,431,0,4
1222,1219,464,0,4
1222,1221,431,0,4
1222,1223,431,0,4
1222,1224,431,0,4
1222,1227,431,0,4
1222,1229,431,0,4
1222,1233,431,0,4
1222,1234,397,0,4
1222,1235,397,0,4
1222,1236,431,0,4
1222,1237,431,0,4
1222,1238,431,0,4
1222,1241,431,0,4
1222,1242,431,0,4
1222,1243,431,0,4
1222,1247,431,0,4
1222,1249,431,0,4
1222,1251,431,0,4
1222,1252,960,0,4
1222,1255,431,0,4
1224,1159,441,0,4
1224,1164,441,0,4
1224,1170,441,0,4
1224,1172,441,0,4
1224,1174,441,0,4
1224,1177,441,0,4
1224,1178,441,0,4
1224,1180,441,0,4
1224,1183,441,0,4
1224,1195,441,0,4
1224,1196,274,0,4
1224,1205,441,0,4
1224,1210,441,0,4
1224,1215,441,0,4
1224,1222,441,0,4
1224,1225,441,0,4
1224,1227,441,0,4
1224,1229,441,0,4
1224,1231,441,0,4
1224,1234,441,0,4
1224,1235,441,0,4
1224,1246,441,0,4
1224,1247,441,0,4
1224,1254,441,0,4
1228,1240,1061,0,4
1228,1245,1061,0,4
1230,1212,1118,0,4
1235,1162,369,0,4
1237,1196,640,0,4
1240,1228,147,0,4
1241,1196,240,0,4
1243,1209,274,0,4
1244,1196,1152,0,4
1252,1222,1028,0,4
